2 2820
95 2371
151 2055
208 1760
264 1502
320 1281
377 1096
433 939
489 804
546 678
602 587
658 505
714 431
771 420
827 315
883 278
940 232
997 278
1054 178
1110 153
1167 127
1223 113
1279 96
1336 88
1392 73
1448 437
1505 887
1561 1274
1617 1597
1674 1877
1730 2117
1786 2323
1843 2493
1899 2643
1955 2768
2013 2878
2069 2971
2126 3053
2182 3117
2239 3177
2295 3241
2351 3266
2408 3300
2464 3334
2520 3347
2577 3381
2633 3397
2689 3416
2746 3427
2802 3443
2858 3446
2915 3462
2971 3441
3028 3471
3085 3481
3141 3484
3198 3499
3254 3493
3311 3495
3367 3502
3423 3500
3480 3502
3536 3501
3592 3505
3649 3503
3705 3507
3761 3505
3818 3508
3874 3508
3930 3509
3988 3236
4044 2715
4101 2358
4157 2015
4214 1719
4270 1399
4326 1255
4383 1077
4439 920
4495 739
4551 674
4608 581
4664 496
4720 426
4777 365
4833 316
4889 269
4946 169
5003 200
5060 174
5116 149
5173 122
5229 111
5285 99
5342 85
5398 77
5454 492
5511 936
5567 1312
5623 1638
5680 1909
5736 2144
5792 2343
5849 2515
5905 2657
5961 2783
6019 2889
6075 2980
6132 3059
6188 3125
6245 3177
6301 3232
6357 3269
6414 3306
6470 3259
6526 3360
6583 3381
6639 3402
6695 3532
6752 3430
6808 3442
6864 3452
6921 3488
6977 3466
7034 3472
7091 3480
7147 3451
7203 3490
7260 3491
7316 3497
7372 3526
7429 3500
7485 3498
7541 3503
7598 3517
7654 3505
7710 3504
7767 3502
7823 3502
7879 3507
7935 3506
7993 3116
8049 2729
8106 2330
8162 1989
8219 1754
8275 1451
8332 1246
8388 1061
8444 852
8500 775
8557 667
8613 571
8669 516
8726 417
8782 362
8838 306
8895 264
8951 227
9009 194
9065 174
9122 192
9178 126
9234 112
9291 93
9347 275
9403 73
9460 531
9516 967
9572 1349
9629 1656
9685 1930
9741 2159
9798 2356
9854 2525
9910 2671
9967 2792
10024 2896
10080 2989
10137 3065
10193 3137
10250 3187
10306 3232
10363 3275
10419 3345
10475 3341
10532 3360
10588 3386
10644 3382
10701 3420
10757 3432
10813 3445
10870 3383
10926 3463
10984 3470
11040 3477
11097 3472
11153 3484
11210 3491
11266 3489
11323 3495
11379 3497
11435 3499
11491 3498
11548 3505
11604 3502
11660 3505
11717 3504
11773 3508
11829 3506
11886 3509
11942 3508
12000 3126
12056 2669
12113 2279
12169 1941
12225 1666
12282 1422
12338 1218
12394 1039
12451 891
12507 761
12563 656
12620 625
12676 483
12732 408
12789 355
12845 294
12901 264
12958 221
13015 190
13071 176
13128 148
13184 124
13241 108
13297 80
13354 82
13410 94
13466 596
13523 1026
13579 1395
13635 1699
13692 1963
13748 2192
13804 2386
13861 2548
13917 2690
13973 2808
14031 2912
14087 3002
14144 3049
14200 3137
14257 3194
14313 3236
14369 3256
14426 3311
14482 3342
14538 3372
14595 3454
14651 3404
14707 3422
14763 3433
14820 3473
14876 3453
14932 3464
14990 3471
15047 3473
15103 3479
15160 3487
15216 3485
15272 3512
15328 3492
15385 3498
15441 3499
15497 3504
15554 3501
15610 3506
15666 3504
15723 3508
15779 3505
15835 3510
15892 3508
15948 3510
16006 3078
16062 2623
16118 2186
16175 1917
16231 1634
16288 1401
16344 1265
16400 1025
16457 876
16513 750
16569 604
16626 548
16682 472
16738 406
16795 350
16851 300
16907 256
16964 221
17021 77
17078 164
17134 138
17191 120
17247 40
17303 93
17360 79
17416 150
17472 644
17529 1065
17585 1420
17641 1729
17698 1984
17754 2210
17810 2399
17867 2564
17923 2700
17979 2820
18036 2920
18092 3007
18148 3079
18205 3140
18261 3196
18317 3270
18374 3282
18430 3312
18486 3344
18543 3360
18599 3390
18655 3405
18712 3420
18768 3448
18824 3446
18881 3454
18937 3463
18994 3453
19051 3476
19107 3479
19164 3486
19220 3466
19277 3493
19333 3492
19389 3496
19446 3446
19502 3502
19558 3501
19615 3505
19671 3505
19727 3506
19784 3504
19840 3509
19896 3488
19953 3509
20010 3064
20067 2613
20123 2230
20180 1907
20236 1626
20292 1493
20349 1188
20405 1019
20461 870
20518 784
20574 637
20630 546
20686 468
20743 404
20799 344
20855 296
20912 253
20968 229
21026 190
21082 158
21139 139
21195 140
21251 102
21308 91
21364 78
21420 132
21477 658
21533 1078
21589 1433
21646 1600
21702 1996
21758 2221
21815 2407
21871 2613
21927 2704
21985 2824
22041 2927
22098 3012
22154 3085
22211 3147
22267 3217
22323 3246
22380 3283
22436 3318
22492 3334
22549 3370
22605 3388
22661 3409
22718 3421
22774 3437
22830 3445
22887 3459
22943 3425
23000 3471
23057 3478
23113 3486
23170 3461
23226 3491
23283 3492
23339 3496
23395 3548
23452 3500
23508 3501
23564 3506
23621 3455
23677 3504
23733 3503
23790 3508
23846 3429
23902 3510
23958 3505
24016 3000
24072 2562
24129 2188
24185 1866
24242 1594
24298 1362
24355 1169
24411 996
24467 856
24523 732
24580 629
24636 534
24692 457
24749 393
24805 343
24861 290
24918 303
24974 220
25032 184
25088 164
25145 0
25201 123
25257 108
25314 90
25370 72
25426 230
25483 714
25539 1123
25595 1344
25652 1769
25708 2027
25764 2155
25821 2430
25877 2585
25933 2720
25991 2839
26047 2938
26104 3016
26160 3092
26217 3152
26273 3206
26329 3248
26386 3288
26442 3297
26498 3349
26555 3365
26611 3393
26667 3491
26724 3425
26780 3434
26836 3447
26893 3418
26949 3465
27006 3472
27063 3477
27119 3469
27176 3487
27232 3488
27289 3493
27345 3467
27401 3497
27458 3498
27514 3502
27570 3480
27627 3502
27683 3503
27739 3507
27795 3491
27852 3507
27908 3505
27964 3484
28022 2959
28079 2525
28135 2157
28192 1843
28248 1571
28304 1348
28360 1149
28417 962
28473 840
28529 721
28586 617
28642 507
28698 452
28755 390
28811 333
28867 291
