2 1695
55 1776
71 1854
88 1934
104 2000
120 2071
137 2132
153 2197
169 2254
186 2313
202 2383
218 2417
235 2464
251 2513
267 2556
284 2602
300 2532
316 2680
333 2716
349 2779
365 2786
381 2820
398 2817
414 2879
430 2904
447 2935
463 2959
479 2985
496 3006
512 3032
528 3047
545 3072
561 3090
577 3114
594 3126
610 3146
626 3119
643 3183
659 3190
675 3183
692 3219
708 3233
724 3207
741 3258
757 3266
773 3276
790 3287
806 3300
822 3245
838 3317
855 3323
871 3332
887 3340
904 3350
920 3353
936 3365
953 3369
969 3374
987 3381
1003 3388
1020 3390
1036 3398
1052 3400
1068 3409
1085 3411
1101 3377
1117 3419
1134 3426
1150 3388
1166 3434
1183 3434
1199 3439
1215 3440
1232 3446
1248 3418
1264 3451
1281 3452
1297 3456
1313 3456
1330 3460
1346 3461
1362 3465
1379 3465
1395 3467
1411 3342
1428 3192
1444 3046
1460 2914
1477 2828
1493 2656
1509 2539
1525 2413
1542 2317
1558 2218
1574 2072
1591 2022
1607 1930
1623 1846
1640 1763
1656 1686
1672 1518
1689 1542
1705 1470
1721 1411
1738 1343
1754 1312
1770 1413
1787 1509
1803 1595
1819 1707
1836 1764
1852 1867
1868 1919
1885 1995
1901 2169
1917 2127
1934 2186
1950 2145
1966 2304
1984 2363
2001 2424
2017 2461
2033 2513
2050 2570
2066 2599
2082 2635
2098 2702
2115 2714
2131 2750
2147 2801
2164 2818
2180 2846
2196 2878
2213 2905
2229 2935
2245 2959
2262 2985
2278 3006
2294 3029
2311 3049
2327 3070
2343 3090
2360 3110
2376 3068
2392 3145
2409 3159
2425 3220
2441 3188
2458 3206
2474 3212
2490 3232
2507 3241
2523 3221
2539 3264
2555 3279
2572 3287
2588 3299
2604 3306
2621 3318
2637 3325
2653 3335
2670 3340
2686 3347
2702 3352
2719 3364
2735 3366
2751 3379
2768 3381
2784 3388
2800 3392
2817 3401
2833 3400
2849 3424
2866 3411
2882 3418
2898 3442
2915 3426
2931 3428
2947 3385
2964 3434
2980 3438
2997 3426
3014 3446
3030 3446
3046 3452
3063 3451
3079 3459
3095 3455
3112 3460
3128 3463
3144 3466
3161 3464
3177 3477
3193 3328
3210 3182
3226 3073
3242 2904
3259 2769
3275 2543
3291 2529
3307 2418
3324 2330
3340 2209
3356 2107
3373 1949
3389 1925
3405 1841
3422 1759
3438 1685
3454 1604
3471 1536
3487 1468
3503 1404
3520 1341
3536 1324
3552 1427
3569 1519
3585 1607
3601 1797
3618 1775
3634 1854
3650 2008
3667 2001
3683 2067
3699 2134
3716 2193
3732 2254
3748 2305
3764 2364
3781 2414
3797 2466
3813 2512
3830 2556
3846 2598
3862 2641
3879 2677
3895 2716
3911 2751
3928 2788
3944 2816
3960 2848
3977 2799
3994 2910
4011 2936
4027 2964
4043 2981
4060 3011
4076 3034
4092 3052
4109 3072
4125 3077
4141 3108
4158 3131
4174 3062
4190 3164
4207 3177
4223 3188
4239 3205
4256 3222
4272 3307
4288 3245
4305 3258
4321 3271
4337 3278
4354 3291
4370 3298
4386 3308
4403 3318
4419 3329
4435 3334
4451 3496
4468 3350
4484 3360
4500 3425
4517 3370
4533 3375
4549 3364
4566 3387
4582 3396
4598 3409
4615 3407
4631 3408
4647 3407
4664 3416
4680 3423
4696 3423
4713 3432
4729 3432
4745 3436
4762 3439
4778 3445
4794 3443
4811 3450
4827 3454
4843 3454
4860 3456
4876 3391
4892 3463
4908 3467
4925 3403
4941 3468
4957 3468
4974 3341
4991 3161
5008 3019
5024 2801
5041 2755
5057 2630
5073 2525
5090 2399
5106 2298
5122 2269
5138 2098
5155 2002
5171 1915
5187 1827
5204 1747
5220 1669
5236 1595
5253 1525
5269 1458
5285 1392
5302 1317
5318 1335
5334 1437
5351 1539
5367 1620
5383 1702
5400 1786
5416 1862
5432 1939
5449 2032
5465 2078
5481 2139
5498 2203
5514 2261
5530 2319
5547 2368
5563 2424
5579 2472
5595 2518
5612 2561
5628 2608
5644 2643
5661 2685
5677 2718
5693 2751
5710 2790
5726 2827
5742 2851
5759 2885
5775 2909
5791 2937
5808 2962
5824 2910
5840 3009
5857 3035
5873 3048
5889 3074
5906 3094
5922 3030
5938 3130
5955 3148
5971 3164
5988 3179
6005 3195
6021 3212
6038 3222
6054 3240
6070 3247
6087 3259
6103 3271
6119 3284
6136 3289
6152 3310
6168 3311
6185 3321
6201 3344
6217 3338
6234 3339
6250 3362
6266 3357
6282 3366
6299 3375
6315 3379
6331 3381
6348 3390
6364 3393
6380 3401
6397 3385
6413 3406
6429 3413
6446 3420
6462 3420
6478 3428
6495 3428
6511 3434
6527 3435
6544 3440
6560 3442
6576 3451
6593 3448
6609 3454
6625 3441
6642 3456
6658 3459
6674 3375
6691 3460
6707 3467
6723 3465
6739 3458
6756 3300
6772 3155
6788 3010
6805 2877
6821 2731
6837 2629
6854 2509
6870 2397
6886 2288
6903 2191
6919 2089
6935 1999
6952 1896
6968 1826
6986 1738
7002 1660
7018 1585
7035 1517
7051 1516
7067 1388
7084 1326
7100 1411
7116 1451
7133 1543
7149 1618
7165 1720
7182 1793
7198 1862
7214 1947
7231 2020
7247 2151
7263 2150
7280 2209
7296 2271
7312 2323
7329 2379
7345 2427
7361 2476
7378 2524
7394 2570
7410 2609
7426 2674
7443 2688
7459 2728
7475 2671
7492 2794
7508 2824
7524 2874
7541 2883
7557 2915
7573 2883
7590 2966
7606 2989
7622 3009
7639 3034
7655 3058
7671 3074
7688 3098
7704 3114
7720 3131
7737 3146
7753 3166
7769 3181
7786 3195
7802 3206
7818 3223
7835 3235
7851 3313
7867 3257
7883 3272
7900 3257
7916 3290
7932 3301
7949 3318
7965 3316
7981 3330
7999 3355
8015 3343
8032 3354
8048 3372
8065 3365
8081 3369
8097 3371
8114 3381
8130 3391
8146 3396
8163 3399
8179 3403
8195 3411
8212 3411
8228 3421
8244 3421
8261 3427
8277 3423
8293 3436
8310 3436
8326 3399
8342 3440
8358 3444
8375 3459
8391 3453
