2 3453
95 3463
151 3468
208 3474
264 3479
320 3486
377 3488
433 3543
489 3492
546 3497
602 3498
658 3600
715 3500
771 3504
827 3506
884 3002
940 2560
997 2184
1054 1899
1110 1594
1167 1360
1223 1166
1279 1017
1336 853
1392 727
1448 626
1505 531
1561 458
1617 391
1674 341
1730 320
1786 250
1843 212
1899 185
1955 123
2013 137
2069 117
2126 107
2182 91
2238 78
2295 65
2351 58
2407 61
2464 49
2520 38
2576 37
2633 399
2689 872
2745 1256
2801 1587
2858 1863
2914 2109
2970 2311
3028 2489
3084 2637
3141 2766
3197 2874
3254 2971
3310 3044
3366 3114
3423 3170
3479 3299
3535 3261
3591 3299
3648 3327
3704 3386
3760 3376
3817 3396
3873 3410
3929 3452
3987 3436
4044 3450
4100 3456
4156 3516
4213 3469
4269 3478
4325 3481
4381 3472
4438 3486
4494 3493
4550 3492
4607 3483
4663 3496
4719 3501
4776 3499
4832 3416
4888 3061
4945 2617
5002 2226
5059 1902
5115 1625
5171 1392
5228 1187
5284 1018
5340 868
5397 744
5453 638
5509 546
5566 468
5622 404
5678 431
5735 297
5791 254
5847 220
5904 139
5960 166
6018 139
6074 123
6130 102
6187 95
6243 78
6299 72
6356 42
6412 57
6468 50
6525 43
6581 0
6637 344
6694 807
6750 1206
6806 1540
6863 1832
6919 2074
6975 2285
7033 2458
7089 2621
7146 2749
7202 2861
7258 2953
7315 3034
7371 3105
7427 3164
7484 3214
7540 3259
7596 3292
7653 3327
7709 3351
7765 3376
7822 3393
7878 3414
7934 3424
7992 3438
8048 3448
8105 3423
8161 3464
8217 3473
8274 3476
8330 3424
8386 3485
8443 3492
8499 3491
8555 3548
8612 3496
8668 3499
8724 3498
8781 3503
8837 3502
8893 3119
8950 2660
9007 2285
9063 1934
9120 1656
9176 1411
9233 1256
9289 1032
9345 885
9402 756
9458 640
9514 554
9571 478
9627 407
9683 349
9740 302
9796 260
9852 221
9908 195
9965 163
10022 144
10079 132
10135 109
10192 91
10248 83
10304 77
10361 66
10417 52
10473 49
10530 0
10586 38
10642 299
10698 773
10755 1231
10811 1516
10867 1805
10924 2055
10980 2234
11038 2455
11094 2607
11151 2740
11207 2840
11263 2947
11320 3029
11376 3101
11432 3158
11489 3209
11545 3253
11601 3291
11658 3251
11714 3350
11770 3371
11827 3332
11883 3400
11939 3424
11997 3437
12053 3372
12110 3454
12166 3464
12222 3470
12279 3432
12335 3480
12391 3487
12448 3486
12504 3491
12560 3493
12617 3497
12673 3494
12729 3498
12786 3500
12842 3504
12898 3151
12955 2751
13012 2291
13069 1962
13125 1668
13181 1417
13238 1221
13294 1046
13350 892
13407 810
13463 654
13519 563
13576 481
13632 375
13688 352
13745 304
13801 260
13857 276
13914 192
13970 167
14027 141
14084 126
14140 107
14197 95
14253 180
14309 74
14366 61
14422 55
14478 0
14535 43
14591 36
14647 261
14704 711
14760 1143
14816 1488
14873 1785
14929 2024
14986 2255
15043 2439
15099 2596
15156 2572
15212 2843
15268 2938
15325 3023
15381 3103
15437 3152
15494 3203
15550 3250
15606 3277
15663 3319
15719 3343
15775 3369
15832 3380
15888 3405
15944 3419
16002 3433
16058 3443
16115 3459
16171 3461
16227 3469
16284 3473
16340 3480
16396 3483
16453 3488
16509 3490
16565 3496
16622 3493
16678 3478
16734 3498
16790 3500
16847 3500
16903 3226
16959 2692
17017 2342
17073 2003
17130 1711
17186 1466
17243 1251
17299 1067
17355 916
17412 810
17468 670
17524 574
17580 494
17637 347
17693 364
17749 310
17806 270
17862 228
17918 198
17975 169
18032 103
18089 127
18145 113
18202 96
18258 77
18314 72
18370 65
18427 56
18483 52
18539 42
18596 40
18652 180
18708 673
18765 1088
18821 1444
18877 1744
18934 2004
18991 2230
19048 2416
19104 2632
19160 2713
19217 2825
19273 2929
19329 3075
19386 3084
19442 3144
19498 3200
19555 3224
19611 3286
19667 3314
19724 3345
19780 3366
19836 3390
19893 3404
19949 3423
20007 3389
20063 3447
20119 3453
20176 3466
20232 3538
20288 3479
20345 3480
20401 3485
20457 3598
20514 3493
20570 3490
20626 3496
20683 3492
20739 3501
20795 3501
20852 3508
20908 3259
20964 2783
21022 2366
21078 2088
21135 1724
21191 1479
21247 1259
21304 1086
21360 922
21416 790
21473 674
21529 583
21585 494
21642 425
21698 362
21754 306
21811 267
21867 232
21923 196
21980 158
22037 148
22093 128
22150 108
22206 55
22262 83
22319 73
22375 62
22431 55
22488 49
22544 47
22600 36
22657 126
22713 639
22769 1063
22826 1478
22882 1710
22938 1983
22996 2212
23052 2400
23109 2565
23165 2697
23221 2820
23278 2897
23334 3009
23390 3077
23447 3141
23503 3218
23559 3242
23616 3275
23672 3313
23728 3306
23785 3362
23841 3383
23897 3404
23954 3424
24011 3435
24067 3442
24124 3454
24180 3468
24237 3468
24293 3472
24349 3481
24406 3408
24462 3489
24518 3489
24575 3496
24631 3631
24687 3500
24744 3498
24800 3504
24856 3510
24913 3334
24969 2841
25026 2422
25083 2068
25139 1766
25196 1508
25252 1290
25308 1101
25365 946
25421 806
25477 696
25534 591
25590 510
25646 435
25703 304
25759 321
25815 278
25872 237
25928 221
25985 172
26042 155
26098 128
26155 119
26211 98
26267 87
26324 71
26380 77
26436 57
26493 52
26549 44
26605 54
26662 64
26718 576
26774 1002
26830 1277
26887 1680
26943 1953
27001 2183
27057 2369
27114 2542
27170 2683
27226 2803
27283 2911
27339 2995
27395 3071
27452 3133
27508 3190
27564 3234
27620 3275
27677 3308
27733 3339
27789 3362
27846 3386
27902 3403
27958 3420
28016 3433
28073 3444
28129 3443
28185 3461
28242 3463
28298 3480
28354 3480
28410 3485
28467 3488
28523 3491
28579 3519
28636 3498
28692 3497
28748 3504
28805 3498
28861 3502
