2 2215
94 2405
151 2565
207 2702
264 2819
320 2922
376 3005
433 3034
489 2984
545 2547
602 2172
658 1866
714 1587
771 1358
827 1157
883 991
940 844
997 722
1053 620
1110 516
1166 454
1223 390
1279 334
1335 429
1392 246
1448 215
1504 182
1561 226
1617 134
1673 118
1730 88
1786 105
1842 77
1899 67
1955 57
2012 53
2069 48
2125 40
2182 112
2238 35
2294 28
2351 29
2407 39
2463 22
2520 20
2576 21
2632 30
2689 16
2745 15
2801 13
2857 57
2914 14
2970 14
3028 14
3084 17
3141 11
3197 9
3253 11
3310 65
3366 12
3422 10
3479 13
3535 17
3591 11
3647 10
3704 431
3760 887
3816 1269
3873 1593
3929 1873
3987 2117
4043 2323
4100 2493
4156 2697
4212 2769
4269 2877
4325 2968
4381 3075
4437 3115
4494 2734
4550 2331
4606 1985
4663 1699
4719 1456
4775 1240
4832 1073
4888 908
4944 780
5002 665
5059 631
5115 483
5171 418
5227 358
5284 273
5340 265
5396 230
5453 196
5509 39
5565 143
5622 127
5678 105
5734 89
5791 82
5847 75
5903 61
5960 171
6017 47
6074 47
6130 37
6186 36
6243 29
6299 28
6355 24
6412 25
6468 20
6524 22
6581 57
6637 19
6693 15
6750 17
6806 0
6862 14
6919 14
6975 16
7032 0
7089 14
7145 11
7202 14
7258 71
7314 13
7371 9
7427 13
7483 18
7540 11
7596 10
7652 214
7709 697
7765 1110
7821 1459
7878 1762
7934 1940
7991 2238
8048 2425
8104 2584
8161 2726
8217 2836
8273 2931
8330 3017
8386 3088
8442 2926
8499 2494
8555 2132
8611 1818
8668 1557
8724 1326
8780 1137
8837 970
8893 830
8949 711
9007 614
9063 520
9120 447
9176 382
9232 288
9289 280
9345 243
9401 206
9458 176
9514 154
9570 135
9627 116
9683 101
9739 85
9796 79
9852 69
9908 49
9964 52
10022 47
10078 40
10135 0
10191 33
10248 30
10304 24
10360 24
10417 20
10473 20
10529 18
10586 1
10642 15
10698 17
10754 13
10811 12
10867 12
10923 16
10980 62
11037 14
11094 11
11150 12
11206 0
11263 13
11319 10
11375 10
11432 44
11488 11
11544 8
11601 10
11657 495
11713 944
11769 1316
11826 1637
11882 1982
11938 2145
11996 2349
12053 2517
12109 2701
12165 2787
12222 2889
12278 2980
12334 3016
12391 3121
12447 2671
12503 2283
12559 1951
12616 1664
12672 1420
12728 1187
12785 904
12841 889
12897 760
12954 654
13011 556
13068 480
13124 406
13181 437
13237 300
13293 259
13349 222
13406 260
13462 166
13518 144
13575 126
13631 116
13687 93
13744 85
13800 70
13856 81
13913 56
13969 50
14027 45
14083 23
14139 33
14196 34
14252 25
14308 65
14365 23
14421 25
14477 19
14534 112
14590 17
14646 18
14703 16
14759 0
14815 15
14872 15
14928 13
14986 20
15042 13
15098 15
15155 12
15211 13
15267 11
15324 14
15380 10
15436 21
15493 10
15549 13
15605 245
15662 757
15718 1158
15774 1505
15831 1792
15887 2051
15943 2261
16001 2447
16057 2669
16114 2734
16170 2846
16226 2944
16283 2997
16339 3096
16395 2866
16452 2449
16508 2023
16564 1786
16621 1525
16677 1306
16733 1128
16790 957
16846 815
16902 701
16959 569
17016 512
17072 436
17129 377
17185 319
17242 279
17298 239
17354 206
17411 175
17467 153
17523 130
17580 113
17636 96
17692 88
17749 72
17805 65
17861 54
17918 52
17974 44
18031 50
18088 33
18144 31
18201 27
18257 122
18313 19
18370 21
18426 20
18482 26
18539 15
18595 17
18651 14
18708 16
18764 13
18820 14
18876 12
18933 18
18990 11
19047 12
19103 9
19160 47
19216 10
19272 13
19329 9
19385 31
19441 9
19498 12
19554 69
19610 566
19666 1008
19723 1374
19779 1683
19835 1948
19892 2178
19948 2374
20006 2502
20062 2683
20119 2802
20175 2906
20231 2989
20288 3069
20344 3049
20400 2603
20456 2228
20513 1899
20569 1620
20625 1388
20682 1182
20738 1015
20794 862
20851 744
20907 642
20963 548
21021 462
21078 399
21134 342
21190 296
21246 250
21303 218
21359 151
21415 163
21472 138
21528 121
21584 32
21641 93
21697 77
21753 71
21810 0
21866 52
21922 45
21979 42
22036 38
22092 29
22148 30
22205 27
22261 28
22317 21
22374 21
22430 18
22486 21
22543 13
22599 18
22655 67
22712 15
22768 9
22824 13
22880 0
22937 12
22994 11
23051 13
23107 1
23164 11
23220 10
23276 12
23333 1
23389 12
23445 8
23502 12
23558 281
23614 816
23670 1207
23727 1584
23783 1861
23839 2079
23896 2284
23952 2465
24010 2637
24066 2751
24123 2860
24179 2955
24235 3036
24292 3106
24348 2800
24404 2392
24460 2042
24517 1746
24573 1489
24629 1276
24686 1087
24742 933
24798 797
24855 685
24911 584
24967 503
25025 428
25082 419
25138 313
25194 272
25250 232
25307 156
25363 170
25419 152
25476 129
25532 142
25588 96
25645 85
25701 74
25757 80
25814 55
25870 51
25926 42
25984 18
26041 37
26097 29
26153 31
26210 38
26266 23
26322 20
26379 20
26435 19
26491 19
26548 16
26604 17
26660 14
26717 16
26773 12
26829 14
26886 13
26942 13
26999 13
27056 0
27112 13
27169 13
27225 10
27281 0
27338 12
27394 12
27450 10
27507 83
27563 633
27619 1055
27676 1409
27732 1687
27788 1977
27845 2204
27901 2393
27957 2546
28015 2699
28071 2822
28128 2917
28184 3008
28240 3078
28297 2994
28353 2555
28409 2107
28466 1861
28522 1594
28578 1361
28635 1169
28691 993
28747 851
28804 727
28860 626
