2 2651
94 2777
151 2908
207 2976
264 3053
320 3121
376 3149
433 3225
489 3266
545 3302
602 3318
658 3359
714 3380
771 3402
827 3484
883 3432
940 3440
997 3117
1053 2669
1110 2275
1166 1942
1223 1663
1279 1413
1335 1218
1392 1040
1448 910
1504 1271
1561 1618
1617 1895
1673 2135
1730 2341
1786 2507
1842 2652
1899 2780
1955 2887
2012 2979
2069 3056
2125 3074
2182 3178
2238 3227
2294 3268
2351 3316
2407 3331
2463 3360
2520 3379
2576 3411
2632 3415
2689 3431
2745 3442
2801 3044
2857 2647
2914 2267
2970 1933
3028 1627
3084 1411
3141 1206
3197 1032
3253 912
3310 1304
3366 1632
3422 1904
3479 2194
3535 2340
3591 2513
3647 2658
3704 2800
3760 2888
3816 2978
3873 3052
3929 3117
3987 3180
4043 3228
4100 3305
4156 3307
4212 3332
4269 3358
4325 3458
4381 3402
4437 3415
4494 3431
4550 3437
4606 3085
4663 2631
4719 2249
4775 1931
4832 1645
4888 1408
4944 1207
5002 1027
5059 947
5115 1322
5171 1646
5227 1892
5284 2153
5340 2349
5396 2521
5453 2630
5509 2790
5565 2895
5622 2985
5678 2997
5734 3128
5791 3182
5847 3234
5903 3288
5960 3310
6017 3334
6074 3364
6130 3383
6186 3405
6243 3418
6299 3438
6355 3444
6412 3059
6468 2608
6524 2225
6581 1908
6637 1634
6693 1396
6750 1228
6806 1022
6862 958
6919 1332
6975 1656
7032 1931
7089 2163
7145 2361
7202 2489
7258 2671
7314 2797
7371 2899
7427 2957
7483 3063
7540 3128
7596 3185
7652 3263
7709 3272
7765 3307
7821 3335
7878 3262
7934 3382
7991 3400
8048 3418
8104 3435
8161 3442
8217 3041
8273 2593
8330 2221
8386 1894
8442 1623
8499 1384
8555 1189
8611 1015
8668 974
8724 1344
8780 1666
8837 1934
8893 2168
8949 2361
9007 2534
9063 2677
9120 2799
9176 2859
9232 2991
9289 3065
9345 3132
9401 3127
9458 3234
9514 3272
9570 3309
9627 3335
9683 3365
9739 3382
9796 3401
9852 3380
9908 3430
9964 3440
10022 3102
10078 2590
10135 2208
10191 1884
10248 1614
10304 1367
10360 1183
10417 1009
10473 987
10529 1346
10586 1672
10642 1938
10698 2171
10754 2365
10811 2535
10867 2677
10923 2799
10980 2903
11037 2993
11094 3070
11150 3101
11206 3186
11263 3235
11319 3273
11375 3322
11432 3335
11488 3364
11544 3383
11601 3402
11657 3419
11713 3431
11769 3441
11826 3099
11882 2578
11938 2206
11996 1877
12053 1585
12109 1372
12165 1176
12222 1003
12278 996
12334 1363
12391 1684
12447 1947
12503 2186
12559 2372
12616 2540
12672 2681
12728 2844
12785 2905
12841 2995
12897 3069
12954 3129
13011 3190
13068 3239
13124 3327
13181 3312
13237 3339
13293 3364
13349 3430
13406 3443
13462 3417
13518 3432
13575 3507
13631 2995
13687 2555
13744 2186
13800 1858
13856 1598
13913 1364
13969 1171
14027 1183
14083 1021
14139 1387
14196 1701
14252 1965
14308 2193
14365 2384
14421 2552
14477 2771
14534 2812
14590 2910
14646 3001
14703 3074
14759 3139
14815 3191
14872 3238
14928 3217
14986 3313
15042 3342
15098 3368
15155 3385
15211 3407
15267 3419
15324 3436
15380 3443
15436 2968
15493 2533
15549 2111
15605 1851
15662 1586
15718 1354
15774 1206
15831 993
15887 1034
15943 1396
16001 1713
16057 1976
16114 2203
16170 2392
16226 2547
16283 2695
16339 2818
16395 2911
16452 3155
16508 3075
16564 3141
16621 3192
16677 3202
16733 3275
16790 3315
16846 3341
16902 3360
16959 3384
17016 3405
17072 3421
17129 3428
17185 3448
17242 2950
17298 2518
17354 2155
17411 1840
17467 1575
17523 1346
17580 1155
17636 971
17692 1047
17749 1410
17805 1721
17861 1980
17918 2207
17974 2394
18031 2562
18088 2701
18144 2821
18201 2892
18257 3005
18313 3080
18370 3144
18426 3170
18482 3243
18539 3282
18595 3316
18651 3308
18708 3369
18764 3387
18820 3434
18876 3396
18933 3436
18990 3439
19047 2935
19103 2469
19160 2142
19216 1830
19272 1568
19329 1310
19385 1148
19441 981
19498 1063
19554 1426
19610 1730
19666 1990
19723 2215
19779 2400
19835 2560
19892 2702
19948 2823
20006 2923
20062 3011
20119 3080
20175 3142
20231 3197
20288 3244
20344 3280
20400 3273
20456 3345
20513 3371
20569 3386
20625 3414
20682 3419
20738 3436
20794 3419
20851 2959
20907 2491
20963 2131
21021 1822
21078 1550
21134 1328
21190 1138
21246 971
21303 1077
21359 1442
21415 1745
21472 2003
21528 2240
21584 2411
21641 2573
21697 2710
21753 2834
21810 2924
21866 3013
21922 3083
21979 3149
22036 3201
22092 3246
22148 3285
22205 3314
22261 3345
22317 3366
22374 3445
22430 3404
22486 3423
22543 3432
22599 3396
22655 2901
22712 2482
22768 2117
22824 1803
22880 1547
22937 1327
22994 1129
23051 941
23107 1096
23164 1453
23220 1751
23276 2084
23333 2231
23389 2418
23445 2577
23502 2712
23558 2829
23614 2931
23670 3012
23727 3056
23783 3148
23839 3201
23896 3247
23952 3255
24010 3317
24066 3345
24123 3368
24179 3397
24235 3406
24292 3425
24348 3434
24404 3379
24460 2880
24517 2463
24573 2103
24629 1801
24686 1537
24742 1317
24798 1127
24855 968
24911 1102
24967 1461
25025 1675
25082 2025
25138 2242
25194 2427
25250 2560
25307 2722
25363 2837
25419 2934
25476 2988
25532 3092
25588 3151
25645 3206
25701 3313
25757 3288
25814 3318
25870 3350
25926 3435
25984 3394
26041 3412
26097 3424
26153 3444
26210 3344
26266 2856
26322 2437
26379 2083
26435 1782
26491 1527
26548 1303
26604 1119
26660 954
26717 1129
26773 1479
26829 1778
26886 2030
26942 2248
26999 2435
27056 2596
27112 2727
27169 2843
27225 2932
27281 3025
27338 3094
27394 3156
27450 3208
27507 3253
27563 3287
27619 3323
27676 3340
27732 3375
27788 3391
27845 3413
27901 3412
27957 3439
28015 3326
28071 2837
28128 2406
28184 2069
28240 1770
28297 1516
28353 1340
28409 1110
28466 947
28522 1143
28578 1472
28635 1788
28691 2038
28747 2255
28804 2435
28860 2596
