2 1294
94 1106
151 976
207 814
264 694
320 602
376 490
433 441
489 377
545 631
602 1058
658 1414
714 1720
771 1983
827 2223
883 2398
940 2560
997 2703
1053 2842
1110 2922
1166 3007
1223 3084
1279 3133
1335 3198
1392 3241
1448 3282
1504 3331
1561 2912
1617 2485
1673 2125
1730 1811
1786 1552
1842 1326
1899 1139
1955 974
2012 831
2069 711
2125 581
2182 524
2238 454
2294 384
2351 571
2407 987
2463 1363
2520 1672
2576 1965
2632 2169
2689 2371
2745 2531
2801 2658
2857 2799
2914 2906
2970 2991
3028 3029
3084 3134
3141 3191
3197 3233
3253 3276
3310 3309
3366 2985
3422 2549
3479 2127
3535 1860
3591 1592
3647 1360
3704 1122
3760 997
3816 854
3873 731
3929 646
3987 536
4043 459
4100 331
4156 475
4212 921
4269 1304
4325 1654
4381 1899
4437 2136
4494 2339
4550 2531
4606 2655
4663 2778
4719 2887
4775 2975
4832 3057
4888 3121
4944 3179
5002 3396
5059 3269
5115 3303
5171 3063
5227 2598
5284 2235
5340 1908
5396 1631
5453 1491
5509 1196
5565 1019
5622 874
5678 816
5734 642
5791 548
5847 474
5903 405
5960 380
6017 849
6074 1244
6130 1573
6186 1860
6243 2098
6299 2366
6355 2482
6412 2633
6468 2758
6524 2929
6581 2963
6637 3045
6693 3110
6750 3172
6806 3219
6862 3262
6919 3298
6975 3178
7032 2688
7089 2297
7145 1960
7202 1702
7258 1432
7314 1228
7371 1049
7427 944
7483 769
7540 662
7596 567
7652 556
7709 416
7765 361
7821 765
7878 1109
7934 1514
7991 1811
8048 2061
8104 2273
8161 2453
8217 2607
8273 2739
8330 2852
8386 2949
8442 3034
8499 3099
8555 3161
8611 3211
8668 3257
8724 3274
8780 3250
8837 2769
8893 2370
8949 2034
9007 1725
9063 1474
9120 1262
9176 1129
9232 926
9289 791
9345 682
9401 640
9458 502
9514 430
9570 371
9627 800
9683 1108
9739 1458
9796 1826
9852 1988
9908 2239
9964 2421
10022 2585
10078 2701
10135 2838
10191 2932
10248 3019
10304 3074
10360 3153
10417 3206
10473 3249
10529 3289
10586 3322
10642 2843
10698 2431
10754 2075
10811 1778
10867 1518
10923 1300
10980 1106
11037 950
11094 813
11150 718
11206 597
11263 515
11319 436
11375 377
11432 615
11488 1043
11544 1400
11601 1703
11657 1976
11713 2202
11769 2387
11826 2552
11882 2694
11938 2816
11996 2919
12053 3004
12109 3078
12165 3144
12222 3194
12278 3233
12334 3280
12391 3317
12447 2922
12503 2355
12559 2130
12616 1826
12672 1557
12728 1258
12785 1140
12841 977
12897 834
12954 742
13011 614
13068 527
13124 433
13181 390
13237 539
13293 979
13349 1281
13406 1666
13462 1935
13518 2169
13575 2334
13631 2532
13687 2673
13744 2797
13800 2904
13856 2989
13913 3064
13969 3132
14027 3029
14083 3235
14139 3273
14196 3311
14252 3040
14308 2564
14365 2190
14421 1872
14477 1660
14534 1370
14590 1167
14646 1004
14703 832
14759 738
14815 629
14872 543
14928 452
14986 399
15042 457
15098 909
15155 1288
15211 1616
15267 1893
15324 2173
15380 2331
15436 2506
15493 2649
15549 2718
15605 2882
15662 2977
15718 3050
15774 3122
15831 3176
15887 3228
15943 3262
16001 3228
16057 3079
16114 2629
16170 2244
16226 1976
16283 1637
16339 1405
16395 1200
16452 1033
16508 879
16564 758
16621 647
16677 660
16733 476
16790 411
16846 363
16902 839
16959 1220
17016 1563
17072 1849
17129 2096
17185 2301
17242 2479
17298 2627
17354 2759
17411 2867
17467 2962
17523 3038
17580 3110
17636 3168
17692 3222
17749 3257
17805 3297
17861 3177
17918 2712
17974 2355
18031 1973
18088 1686
18144 1443
18201 1181
18257 1057
18313 902
18370 776
18426 562
18482 572
18539 489
18595 421
18651 387
18708 755
18764 1156
18820 1503
18876 1756
18933 2049
18990 2265
19047 2450
19103 2518
19160 2735
19216 2848
19272 2944
19329 3026
19385 3099
19441 3155
19498 3210
19554 3255
19610 3291
19666 3268
19723 2791
19779 2381
19835 2038
19892 1740
19948 1490
20006 1268
20062 1088
20119 927
20175 793
20231 680
20288 588
20344 502
20400 386
20456 368
20513 677
20569 1092
20625 1453
20682 1749
20738 2008
20794 2220
20851 2405
20907 2574
20963 2712
21021 2832
21078 2974
21134 3012
21190 3090
21246 3148
21303 3274
21359 3248
21415 3287
21472 3316
21528 2786
21584 2443
21641 2093
21697 1786
21753 1529
21810 1306
21866 1120
21922 956
21979 822
22036 703
22092 600
22148 518
22205 446
22261 380
22317 590
22374 1100
22430 1386
22486 1701
22543 1961
22599 2205
22655 2381
22712 2550
22768 2687
22824 2806
22880 2912
22937 3000
22994 3076
23051 3130
23107 3189
23164 3242
23220 3280
23276 3381
23333 2941
23389 2515
23445 2147
23502 1852
23558 1568
23614 1343
23670 1148
23727 1005
23783 840
23839 724
23896 616
23952 481
24010 454
24066 393
24123 515
24179 959
24235 1327
24292 1653
24348 1922
24404 2157
24460 2351
24517 2524
24573 2665
24629 2791
24686 2894
24742 2988
24798 3034
24855 3126
24911 3182
24967 3231
25025 3244
25082 3308
25138 3020
25194 2580
25250 2200
25307 1883
25363 1609
25419 1378
25476 1182
25532 1008
25588 862
25645 742
25701 606
25757 544
25814 466
25870 402
25926 385
25984 889
26041 1275
26097 1601
26153 1880
26210 2121
26266 2326
26322 2497
26379 2647
26435 2771
26491 2881
26548 2970
26604 3051
26660 3116
26717 3175
26773 3224
26829 3267
26886 3300
26942 3114
26999 2661
27056 2263
27112 1930
27169 1655
27225 1414
27281 1209
27338 1032
27394 889
27450 753
27507 653
27563 556
27619 481
27676 413
27732 356
27788 807
27845 1208
27901 1741
27957 1832
28015 2079
28071 2289
28128 2239
28184 2623
28240 2749
28297 2864
28353 2974
28409 3038
28466 3105
28522 3168
28578 3210
28635 3260
28691 3295
28747 3201
28804 2727
28860 2335
