2 33
95 119
151 26
208 29
264 23
320 24
377 19
433 22
489 18
546 0
602 15
658 17
715 15
771 36
827 13
884 13
940 8
997 13
1054 12
1110 14
1167 13
1223 16
1279 12
1336 193
1392 596
1448 1096
1505 1447
1561 1751
1617 2034
1674 2227
1730 2412
1786 2573
1843 2751
1899 2827
1955 2925
2013 3012
2069 3085
2126 3147
2182 3199
2238 2985
2295 2560
2351 2176
2407 1858
2464 1589
2520 1372
2576 1162
2633 992
2689 850
2745 770
2801 624
2858 533
2914 461
2970 440
3028 336
3084 288
3141 248
3197 211
3254 185
3310 157
3366 183
3423 118
3479 106
3535 93
3591 79
3648 69
3704 63
3760 52
3817 75
3873 41
3929 39
3987 34
4044 0
4100 27
4156 27
4213 23
4269 0
4325 20
4381 20
4438 18
4494 33
4550 16
4607 16
4663 14
4719 6
4776 14
4832 14
4888 11
4945 0
5002 13
5059 14
5115 9
5171 0
5228 10
5284 13
5340 99
5397 601
5453 1026
5509 1393
5566 1698
5622 1966
5678 2189
5735 2384
5791 2545
5847 2689
5904 2806
5960 2911
6018 2997
6074 3073
6130 3138
6187 3190
6243 3023
6299 2616
6356 2234
6412 1911
6468 1547
6525 1395
6581 1190
6637 1019
6694 887
6750 748
6806 637
6863 551
6919 468
6975 406
7033 343
7089 297
7146 247
7202 221
7258 187
7315 164
7371 155
7427 122
7484 104
7540 93
7596 35
7653 71
7709 62
7765 55
7822 43
7878 43
7934 36
7992 68
8048 29
8105 27
8161 24
8217 0
8274 20
8330 18
8386 18
8443 3
8499 8
8555 15
8612 13
8668 15
8724 10
8781 13
8837 9
8893 0
8950 12
9007 10
9063 10
9120 20
9176 8
9233 13
9289 8
9345 22
9402 533
9458 971
9514 1341
9571 1660
9627 1930
9683 2162
9740 2355
9796 2584
9852 2667
9908 2792
9965 2896
10022 2988
10079 3063
10135 3130
10192 3181
10248 3138
10304 2675
10361 2286
10417 1907
10473 1670
10530 1425
10586 1220
10642 1078
10698 895
10755 763
10811 655
10867 591
10924 483
10980 411
11038 351
11094 357
11151 261
11207 223
11263 194
11320 166
11376 145
11432 123
11489 109
11545 58
11601 80
11658 71
11714 64
11770 55
11827 51
11883 42
11939 40
11997 34
12053 31
12110 29
12166 27
12222 21
12279 23
12335 20
12391 0
12448 16
12504 23
12560 14
12617 78
12673 13
12729 12
12786 12
12842 16
12898 10
12955 13
13012 8
13069 0
13125 11
13181 12
13238 11
13294 60
13350 10
13407 446
13463 896
13519 1256
13576 1604
13632 1884
13688 2117
13745 2357
13801 2495
13857 2645
13914 2768
13970 2935
14027 2971
14084 3051
14140 3116
14197 3175
14253 3220
14309 2756
14366 2291
14422 2008
14478 1713
14535 1467
14591 1251
14647 1072
14704 916
14760 785
14816 729
14873 576
14929 490
14986 419
15043 309
15099 311
15156 264
15212 229
15268 231
15325 172
15381 144
15437 128
15494 33
15550 96
15606 81
15663 73
15719 88
15775 56
15832 49
15888 45
15944 48
16002 34
16058 29
16115 33
16171 0
16227 22
16284 21
16340 21
16396 17
16453 18
16509 14
16565 14
16622 11
16678 14
16734 14
16790 14
16847 13
16903 13
16959 12
17017 0
17073 10
17130 13
17186 14
17243 19
17299 9
17355 13
17412 367
17468 841
17524 1220
17580 1558
17637 1840
17693 2087
17749 2292
17806 2472
17862 2621
17918 2743
17975 2861
18032 2959
18089 3040
18145 3057
18202 3166
18258 3223
18314 2824
18370 2411
18427 2058
18483 1763
18539 1505
18596 1288
18652 1100
18708 942
18765 804
18821 650
18877 591
18934 510
18991 434
19048 382
19104 317
19160 276
19217 236
19273 120
19329 177
19386 151
19442 125
19498 112
19555 100
19611 89
19667 70
19724 67
19780 56
19836 53
19893 0
19949 42
20007 37
20063 33
20119 8
20176 27
20232 23
20288 24
20345 21
20401 21
20457 17
20514 17
20570 0
20626 19
20683 14
20739 18
20795 0
20852 17
20908 12
20964 14
21022 11
21078 16
21135 8
21191 0
21247 9
21304 10
21360 12
21416 309
21473 745
21529 1152
21585 1494
21642 1793
21698 2040
21754 2256
21811 2439
21867 2538
21923 2725
21980 2843
22037 2941
22093 3031
22150 3093
22206 3155
22262 3206
22319 2917
22375 2485
22431 2127
22488 1816
22544 1529
22600 1325
22657 1137
22713 969
22769 891
22826 710
22882 610
22938 521
22996 433
23052 382
23109 330
23165 281
23221 245
23278 207
23334 182
23390 154
23447 136
23503 118
23559 103
23616 87
23672 79
23728 65
23785 61
23841 63
23897 46
23954 40
24011 40
24067 0
24124 30
24180 27
24237 28
24293 0
24349 24
24406 20
24462 19
24518 18
24575 21
24631 14
24687 18
24744 41
24800 16
24856 12
24913 15
24969 0
25026 15
25083 12
25139 11
25196 0
25252 15
25308 9
25365 0
25421 172
25477 667
25534 1084
25590 1441
25646 1740
25703 2002
25759 2221
25815 2407
25872 2570
25928 2707
25985 2824
26042 2900
26098 3007
26155 3084
26211 3145
26267 3165
26324 2993
26380 2558
26436 2183
26493 1833
26549 1592
26605 1364
26662 1165
26718 1025
26774 852
26830 734
26887 625
26943 441
27001 459
27057 393
27114 334
27170 281
27226 246
27283 216
27339 183
27395 129
27452 135
27508 122
27564 101
27620 65
27677 76
27733 68
27789 59
27846 47
27902 45
27958 43
28016 14
28073 35
28129 26
28185 28
28242 6
28298 23
28354 17
28410 20
28467 9
28523 18
28579 15
28636 16
28692 22
28748 15
28805 12
28861 14
