2 1254
144 1276
251 1317
357 1324
464 1347
570 1367
676 1406
783 1415
889 1437
997 1461
1103 1490
1209 1511
1316 1531
1422 1562
1529 1578
1635 1603
1741 1623
1848 1648
1954 1672
2062 1695
2168 1719
2274 1742
2381 1765
2487 1790
2594 1811
2700 1838
2806 1857
2913 1882
3020 1904
3127 1939
3233 1952
3340 1977
3446 1998
3552 2023
3659 2045
3765 2071
3871 2093
3978 2120
4085 2141
4192 2164
4298 2187
4404 2212
4511 2231
4617 2260
4723 2277
4830 2303
4936 2327
5044 2348
5150 2372
5257 2398
5363 2422
5469 2446
5576 2479
5682 2491
5788 2512
5895 2538
6002 2561
6109 2582
6215 2605
6322 2626
6428 2650
6534 2676
6641 2697
6747 2724
6853 2746
6960 2769
7067 2793
7174 2820
7280 2835
7387 2862
7493 2883
7599 2905
7706 2928
7812 2953
7918 2974
8026 3007
8132 3023
8239 3042
8345 3066
8452 3091
8558 3111
8664 3135
8771 3155
8877 3179
8985 3203
9091 3225
9198 3245
9304 3270
9411 3290
9517 3317
9623 3336
9729 3361
9836 3380
9942 3404
10050 3426
10156 3447
10263 3472
10369 3493
10476 3506
10582 3537
10688 3515
10794 3499
10901 3457
11008 3450
11115 3428
11221 3402
11328 3383
11434 3362
11541 3336
11647 3317
11753 3291
11859 3270
11966 3248
12073 3221
12180 3200
12286 3181
12393 3159
12499 3137
12606 3113
12712 3091
12818 3064
12924 3065
13032 3021
13139 2998
13245 2975
13352 2952
13458 2926
13564 2905
13671 2883
13777 2859
13883 2835
13991 2813
14097 2791
14204 2770
14310 2744
14417 2722
14523 2695
14629 2675
14736 2649
14842 2628
14948 2604
15056 2582
15162 2558
15269 2534
15375 2490
15482 2489
15588 2463
15694 2446
15801 2434
15907 2397
16014 2371
16121 2351
16227 2323
16334 2301
16440 2276
16547 2251
16653 2224
16759 2205
16866 2179
16972 2154
17079 2130
17186 2109
17292 2086
17399 2065
17505 2040
17612 2015
17718 1987
17824 1999
17931 1943
18038 1922
18144 1898
18251 1893
18357 1853
18464 1830
18570 1801
18677 1782
18783 1757
18889 1731
18997 1714
19103 1687
19210 1666
19316 1640
19423 1616
19529 1597
19635 1570
19742 1548
19848 1524
19954 1498
20062 1476
20168 1453
20275 1449
20381 1411
20488 1385
20594 1365
20700 1337
20807 1314
20913 1291
21020 1267
21127 1246
21233 1221
21340 1197
21446 1174
21553 1149
21659 1128
21765 1104
21872 1084
21978 1053
22085 1036
22192 1012
22298 990
22405 968
22511 946
22617 921
22724 902
22830 877
22936 855
23044 831
23150 808
23257 784
23363 761
23470 741
23576 713
23682 690
23789 677
23895 654
24003 626
24109 610
24215 587
24322 562
24428 542
24535 520
24641 500
24747 475
24854 453
24960 432
25068 411
25174 372
25280 368
25387 349
25493 328
25600 305
25706 318
25812 337
25919 358
26026 384
26133 402
26239 425
26346 449
26452 466
26558 491
26665 514
26771 540
26877 555
26985 578
27091 602
27198 623
27304 643
27411 666
27517 687
27623 713
27730 733
27836 758
27942 776
28050 804
28156 822
28263 844
28369 869
28476 899
28582 913
28688 937
28795 960
28901 982
29009 1005
29115 1026
29222 1051
29328 1074
29434 1096
29541 1123
29647 1142
29753 1169
29860 1190
29966 1216
30074 1214
30180 1256
30287 1281
30393 1304
30499 1303
30606 1350
30712 1371
30818 1391
30925 1416
31032 1442
31139 1465
31245 1484
31352 1509
31458 1536
31564 1558
31671 1593
31777 1605
31883 1633
31991 1653
32098 1680
32204 1701
32310 1722
32417 1746
32523 1774
32629 1793
32736 1819
32842 1840
32948 1874
33056 1885
33163 1908
33269 1932
33375 1975
33482 1980
33588 2006
33694 2026
33801 2052
33907 2074
34015 2096
34121 2118
34228 2148
34334 2170
34440 2193
34547 2212
34653 2240
34759 2262
34866 2288
34972 2314
35080 2331
35186 2356
35293 2378
35399 2391
35505 2426
35612 2448
35718 2472
35824 2479
35931 2521
36038 2541
36145 2567
36251 2588
36358 2610
36464 2635
36570 2661
36677 2679
36783 2707
36889 2728
36997 2752
37103 2775
37210 2799
37316 2819
37423 2842
37529 2866
37635 2890
37742 2910
37848 2939
37954 2958
38062 2979
38168 3004
38275 3017
38381 3050
38488 3072
38594 3093
38700 3118
38807 3137
38913 3159
39021 3190
39127 3208
39234 3227
39340 3257
39447 3271
39553 3298
39659 3315
39765 3340
39872 3358
39978 3384
40085 3407
40192 3431
40298 3456
40404 3474
40511 3500
40617 3520
40723 3564
40830 3514
40936 3492
41043 3470
41150 3470
41256 3428
41363 3402
41469 3380
41576 3357
41682 3334
41788 3312
41895 3288
42002 3265
42108 3242
42215 3219
42321 3192
42428 3175
42534 3149
42641 3131
42747 3105
42853 3086
42960 3061
43067 3038
43173 3041
43280 2992
43386 2971
43493 2947
43599 2923
43706 2900
43812 2878
43918 2855
44026 2831
44132 2812
44239 2785
44345 2763
44452 2737
44558 2714
44664 2691
44771 2667
44877 2645
44984 2622
45091 2600
45197 2576
45304 2554
45410 2527
45517 2503
45623 2483
45729 2458
45836 2436
45942 2412
46049 2385
46156 2365
46262 2343
46369 2320
46475 2292
46582 2272
46688 2246
46794 2223
46901 2201
47008 2177
47115 2155
47221 2137
47328 2108
47434 2082
47540 2060
47647 2031
47753 2015
47859 1989
47966 1963
48073 1947
48180 1919
48286 1895
48393 1874
48499 1851
48605 1825
48712 1798
48818 1779
48924 1753
49032 1731
49138 1709
49245 1684
49351 1660
49458 1635
49564 1614
49670 1591
49777 1565
49883 1544
49991 1523
50097 1489
50203 1475
50310 1449
50416 1423
50523 1423
50629 1376
50735 1356
50842 1334
50948 1310
51056 1288
51162 1261
51268 1239
51375 1216
51481 1193
51588 1173
51694 1148
51800 1123
51907 1102
52014 1076
52121 1057
52227 1033
52333 1007
52440 983
52546 962
52653 938
52759 917
52865 897
52972 869
53079 847
53186 824
53292 803
53398 801
53505 759
53611 734
53718 716
53824 694
53930 672
54038 649
54144 627
54251 600
54357 584
54464 558
54570 541
54676 512
54783 496
54889 472
54997 444
55103 427
55209 407
55316 385
55422 288
55529 342
55635 323
55741 300
55848 314
55954 344
56062 366
56168 388
56274 434
56381 430
56487 455
56594 472
56700 497
56806 517
56913 540
57020 563
57127 584
57233 601
57340 627
57446 649
57552 673
57659 691
57765 714
57871 740
57978 760
58085 784
58192 805
58298 810
58404 853
58511 871
58617 896
58723 901
58830 941
58936 961
59044 987
59150 1007
59257 1032
59363 1052
59469 1077
59576 1103
59682 1125
59788 1144
59895 1170
60002 1193
60109 1219
60215 1239
60322 1266
60428 1285
60534 1310
60641 1332
60747 1357
60853 1376
60960 1404
61067 1423
61174 1437
61280 1470
61387 1497
61493 1518
61599 1544
61706 1565
61812 1590
61918 1611
62026 1633
62132 1658
62239 1683
62345 1703
62452 1728
62558 1749
62664 1771
62771 1799
62877 1818
62985 1845
63091 1870
63198 1894
63304 1917
63411 1936
63517 1961
63623 1986
63729 2008
63836 2032
63942 2057
64050 2081
64156 2102
64263 2128
64369 2151
64476 2175
64582 2194
64688 2219
64794 2245
64901 2264
65008 2289
65115 2316
65221 2337
65328 2359
65434 2384
65541 2404
65647 2431
65753 2454
65859 2478
65966 2497
66073 2514
66180 2545
66286 2571
66393 2590
66499 2615
66606 2638
66712 2666
66818 2684
66924 2707
67032 2734
67139 2756
67245 2776
67352 2801
67458 2826
67564 2847
67671 2867
67777 2896
67883 2916
67991 2937
68097 2964
68204 2991
68310 3003
68417 3030
68523 3054
68629 3077
68736 3098
68842 3122
68948 3150
69056 3164
69162 3193
69269 3212
69375 3232
69482 3257
69588 3279
69694 3305
69801 3321
69907 3346
70014 3370
70121 3389
70227 3413
70334 3434
70440 3454
70547 3480
70653 3498
70759 3525
70866 3530
70972 3523
71079 3488
71186 3464
71292 3441
71399 3424
71505 3396
71612 3373
71718 3348
71824 3329
71931 3304
72038 3286
72144 3263
72251 3239
72357 3212
72464 3196
72570 3171
72677 3147
72783 3123
72889 3103
72997 3060
73103 3058
73210 3035
73316 3011
73423 2978
73529 2966
73635 2945
73742 2920
73848 2906
73954 2874
74062 2851
74168 2825
74275 2802
74381 2779
74488 2758
74594 2734
74700 2711
74807 2689
74913 2665
75020 2640
75127 2617
75233 2592
75340 2574
75446 2549
75553 2523
75659 2501
75765 2478
75872 2452
75978 2429
76085 2407
76192 2383
76298 2380
76405 2338
76511 2313
76617 2293
76724 2270
76830 2243
76936 2222
77044 2197
77150 2175
77257 2152
77363 2127
77470 2099
77576 2083
77682 2056
77789 2032
77895 2009
78003 1985
78109 1962
78215 1937
78322 1917
78428 1890
78535 1868
78641 1842
78747 1806
78854 1795
78960 1773
79068 1750
79174 1725
79280 1701
79387 1679
79493 1656
79600 1630
79706 1605
79812 1583
79919 1558
80026 1538
80133 1516
80239 1491
80346 1471
80452 1443
80558 1422
80665 1398
80771 1373
80877 1349
80985 1323
81091 1307
81198 1291
81304 1257
81411 1237
81517 1211
81623 1190
81730 1164
81836 1143
81942 1119
82050 1093
82156 1072
82263 1051
82369 1026
82476 1004
82582 979
82688 959
82795 934
82901 912
83009 888
83115 869
83222 847
83328 821
83434 796
83541 779
83647 780
83753 732
83860 709
83966 689
84074 668
84180 642
84287 623
84393 599
84499 575
84606 555
84712 532
84818 513
84925 486
85032 468
85139 447
85245 426
85352 404
85458 383
85564 360
85671 341
85777 315
85883 305
85991 326
86098 335
86204 368
86310 387
86417 414
86523 446
86629 456
86736 476
86842 501
86948 523
87056 543
87163 563
87269 584
87375 611
87482 630
87588 656
87694 673
87801 696
87907 716
88015 739
88121 778
88228 786
88334 812
88440 833
88547 839
88653 880
88759 899
88866 924
88972 925
89080 969
89186 991
89293 1017
89399 1038
89505 1063
89612 1084
89718 1106
89824 1130
89931 1152
90038 1179
90145 1202
90251 1218
90358 1243
90464 1267
90570 1289
90677 1313
90783 1338
90889 1360
90997 1357
91103 1405
91210 1431
91316 1451
91423 1493
91529 1501
91635 1523
91742 1545
91848 1568
91954 1593
92062 1617
92168 1639
92275 1664
92381 1688
92488 1710
92594 1732
92700 1758
92807 1779
92913 1804
93021 1833
93127 1850
93234 1872
93340 1898
93447 1947
93553 1945
93659 1967
93765 1996
93872 2036
93978 2039
94085 2065
94192 2085
94298 2112
94404 2128
94511 2158
94617 2177
94723 2200
94830 2226
94936 2250
95043 2269
95150 2296
95256 2319
95363 2341
95469 2363
95576 2389
95682 2412
95788 2436
95895 2459
96002 2482
96108 2507
96215 2528
96321 2542
96428 2574
96534 2596
96641 2621
96747 2636
96853 2668
96960 2692
97067 2713
97173 2738
97280 2761
97386 2785
97493 2807
97599 2829
97706 2852
97812 2874
97918 2901
98026 2924
98132 2943
98239 2967
98345 2988
98452 3012
98558 3037
98664 3055
98771 3077
98877 3101
98984 3124
99091 3151
99197 3172
99304 3193
99410 3217
99517 3237
99623 3260
99729 3283
99836 3306
99942 3325
100049 3344
100156 3376
100262 3391
100369 3412
100475 3434
100582 3462
100688 3485
100794 3505
100901 3530
101008 3527
101115 3504
101221 3491
101328 3460
101434 3434
101540 3415
101647 3375
101753 3372
101859 3344
101966 3325
102073 3300
102180 3279
102286 3255
102393 3239
102499 3208
102605 3188
102712 3164
102818 3140
102924 3118
103032 3095
103138 3076
103245 3048
103351 3030
103458 3007
103564 2982
103670 3002
103777 2938
103883 2915
103991 2894
104097 2879
104203 2847
104310 2822
104416 2799
104523 2774
104629 2753
104735 2730
104842 2704
104948 2683
105056 2658
105162 2633
105268 2615
105375 2587
105481 2565
105588 2545
105694 2513
105800 2496
105907 2473
106014 2449
106121 2428
106227 2401
106333 2382
106440 2356
106546 2327
106653 2310
106759 2287
106865 2263
106972 2238
107079 2213
107186 2193
107292 2168
107398 2145
107505 2121
107611 2098
107718 2075
107824 2052
107930 2027
108038 2006
108144 1982
108251 1956
108357 1933
108464 1907
108570 1886
108676 1861
108783 1841
108889 1815
108997 1794
109103 1770
109209 1742
109316 1722
109422 1696
109529 1674
109635 1650
109741 1626
109848 1604
109954 1579
110062 1557
110168 1535
110274 1513
110381 1488
110487 1465
110594 1439
110700 1416
110806 1394
110913 1370
111020 1345
111127 1324
111233 1299
111340 1274
111446 1257
111552 1230
111659 1206
111765 1181
111871 1148
111978 1139
112085 1116
112192 1094
112298 1066
112404 1044
112511 1022
112617 1002
112723 976
112830 954
112936 927
113044 908
113150 887
113257 861
113363 836
113469 816
113576 796
113682 773
113788 749
113895 729
114002 704
114109 684
114215 660
114322 625
114428 615
114534 596
114641 571
114747 555
114853 529
114960 508
115067 488
115174 463
115280 442
115387 417
115493 401
115599 378
115706 357
115812 336
115918 312
116026 311
116132 331
116239 353
116345 378
116452 399
116558 416
116664 438
116771 456
116877 486
116985 504
117091 525
117198 548
117304 570
117411 590
117517 614
117623 635
117729 661
117836 678
117942 697
118050 727
118156 746
118263 768
118369 790
118476 815
118582 839
118688 858
118794 881
118901 903
119008 925
119115 950
119221 998
119328 994
119434 1019
119541 1041
119647 1049
119753 1084
119859 1109
119966 1132
120073 1153
120180 1182
120286 1206
120393 1225
120499 1250
120606 1271
120712 1297
120818 1321
120924 1341
121032 1368
121139 1389
121245 1412
121352 1435
121458 1458
121564 1481
121671 1531
121777 1529
121883 1550
121991 1575
122097 1598
122204 1621
122310 1643
122417 1671
122523 1691
122629 1717
122736 1738
122842 1759
122948 1783
123056 1808
123162 1832
123269 1852
123375 1881
123482 1901
123588 1923
123694 1946
123801 1974
123907 1996
124014 2019
124121 2046
124227 2067
124334 2091
124440 2112
124547 2145
124653 2158
124759 2181
124866 2203
124972 2232
125079 2253
125186 2274
125292 2302
125399 2324
125505 2346
125612 2371
125718 2391
125824 2420
125931 2436
126038 2462
126144 2468
126251 2508
126357 2532
126464 2557
126570 2558
126677 2603
126783 2626
126889 2649
126997 2674
127103 2697
127210 2718
127316 2743
127423 2765
127529 2788
127635 2810
127742 2833
127848 2855
127954 2880
128062 2903
128168 2928
128275 2947
128381 2972
128488 2994
128594 3017
128700 3040
128807 3065
128913 3084
129020 3103
129127 3132
129233 3154
129340 3178
129446 3206
129553 3220
129659 3244
129765 3265
129872 3288
129978 3307
130085 3333
130192 3357
130298 3380
130405 3397
130511 3424
130617 3444
130724 3469
130830 3489
130936 3511
131044 3532
131150 3522
131257 3502
131363 3476
131470 3466
131576 3435
131682 3410
131789 3388
131895 3385
132003 3341
132109 3318
132215 3298
132322 3276
132428 3255
132535 3229
132641 3172
132747 3185
132854 3161
132960 3140
133068 3117
133174 3093
133280 3072
133387 3048
133493 3025
133600 2999
133706 2978
133812 2953
133919 2932
134026 2910
134133 2887
134239 2863
134346 2835
134452 2815
134558 2794
134665 2772
134771 2753
134877 2723
134985 2702
135091 2672
135198 2656
135304 2635
135411 2604
135517 2581
135623 2563
135730 2537
135836 2514
135942 2488
136050 2466
136156 2444
136263 2422
136369 2405
136476 2376
136582 2351
136688 2328
136795 2289
136901 2281
137009 2260
137115 2234
137222 2208
137328 2188
137434 2164
137541 2138
137647 2119
137753 2094
137860 2068
137966 2050
138074 2023
138180 1999
138287 1974
138393 1952
138499 1926
138606 1905
138712 1881
138818 1861
138925 1833
139032 1808
139139 1786
139245 1784
139352 1739
139458 1717
139564 1691
139671 1667
139777 1644
139883 1623
139991 1599
140098 1574
140204 1550
140310 1529
140417 1509
140523 1482
140629 1461
140736 1437
140842 1414
140948 1390
141056 1364
141163 1343
141269 1336
141375 1293
141482 1274
141588 1249
141694 1203
141801 1205
141907 1179
142015 1153
142121 1133
142228 1110
142334 1085
142440 1064
142547 1041
142653 1017
142759 992
142866 972
142972 947
143080 926
143186 903
143293 883
143399 856
143505 836
143612 813
143718 790
143824 769
143931 744
144038 724
144145 711
144251 680
144358 658
144464 633
144570 632
144677 588
144783 571
144889 546
144997 529
145103 505
145210 479
145316 456
145423 442
145529 416
145635 397
145742 367
145848 353
145954 330
146062 308
146168 314
146275 336
146381 359
146488 381
146594 397
146700 423
146807 444
146913 465
147021 488
147127 508
147234 525
147340 553
147447 571
147553 597
147659 618
147765 641
147872 661
147978 685
148085 706
148192 726
148298 754
148404 774
148511 796
148617 820
148723 844
148830 860
148936 890
149043 912
149150 932
149256 955
149363 979
149469 990
149576 1026
149682 1044
149788 1072
149895 1092
150002 1118
150108 1138
150215 1160
150321 1183
150428 1209
150534 1230
150641 1254
150747 1277
150853 1300
150960 1324
151067 1345
151173 1368
151280 1394
151386 1418
151493 1441
151599 1461
151706 1490
151812 1509
151918 1532
152026 1557
152132 1577
152239 1601
152345 1612
152452 1649
152558 1674
152664 1695
152771 1717
152877 1741
152984 1765
153091 1793
153197 1814
153304 1833
153410 1861
153517 1886
153623 1908
153729 1927
153836 1955
153942 1977
154049 2001
154156 2027
154262 2048
154369 2081
154475 2096
154582 2118
154688 2142
154794 2158
154901 2188
155008 2213
155115 2233
155221 2257
155328 2284
155434 2302
155540 2330
155647 2350
155753 2375
155859 2400
155966 2428
156073 2445
156180 2469
156286 2497
156393 2517
156499 2538
156605 2563
156712 2585
156818 2610
156924 2634
157032 2654
157138 2674
157245 2710
157351 2724
157458 2750
157564 2769
157670 2794
157777 2815
157883 2838
157991 2862
158097 2885
158203 2909
158310 2933
158416 2950
158523 2977
158629 2997
158735 3022
158842 3039
158948 3066
159056 3088
159162 3114
159268 3131
159375 3159
159481 3178
159588 3202
159694 3233
159800 3247
159907 3266
160014 3291
160121 3316
160227 3337
160333 3360
160440 3384
160546 3403
160653 3428
160759 3448
160865 3476
160972 3493
161079 3513
161186 3538
161292 3514
161398 3494
161505 3470
161611 3450
161718 3428
161824 3402
161930 3380
162038 3356
162144 3317
162251 3316
162357 3293
162464 3266
162570 3245
162676 3222
162783 3203
162889 3178
162997 3158
163103 3135
163209 3111
163316 3085
163422 3062
163529 3042
163635 3019
163741 2991
163848 2973
163954 2952
164062 2930
164168 2891
164274 2879
164381 2860
164487 2836
164594 2812
164700 2787
164806 2768
164913 2745
165020 2719
165127 2697
165233 2674
165340 2649
165446 2627
165552 2605
165659 2577
165765 2553
165871 2529
165978 2512
166085 2487
166192 2463
166298 2437
166404 2420
166511 2390
166617 2371
166723 2340
166830 2323
166936 2298
167044 2275
167150 2253
167257 2228
167363 2205
167469 2181
167576 2158
167682 2136
167788 2108
167895 2090
168002 2064
168109 2038
168215 2019
168322 1997
168428 1968
168534 1947
168641 1923
168747 1902
168853 1877
168960 1851
169067 1830
169174 1806
169280 1783
169387 1757
169493 1712
169599 1710
169706 1688
169812 1666
169918 1632
170026 1616
170132 1594
170239 1572
170345 1548
170452 1522
170558 1502
170664 1479
170771 1455
170877 1432
170985 1407
171091 1386
171198 1361
171304 1337
171411 1312
171517 1287
171623 1265
171729 1244
171836 1220
171942 1196
172050 1175
172156 1149
172263 1128
172369 1081
172476 1080
172582 1055
172688 1036
172794 1021
172901 988
173008 966
173115 945
173221 923
173328 897
173434 876
173541 852
173647 829
173753 808
173859 787
173966 760
174073 740
174180 716
174286 697
174393 673
174499 653
174606 632
174712 611
174818 611
174924 563
175032 541
175139 521
175245 498
175352 478
175458 447
175564 434
175671 407
175777 391
175883 366
175991 346
176097 326
176204 302
176310 321
176417 344
176523 363
176629 382
176736 404
176842 429
176948 449
177056 469
177162 493
177269 518
177375 538
177482 557
177588 579
177694 557
177801 623
177907 647
178014 665
178121 687
178227 712
178334 737
178440 757
178547 779
178653 801
178759 823
178866 846
178972 870
179079 893
179186 915
179292 938
179399 958
179505 981
179612 1004
179718 1001
179824 1048
179931 1071
180038 1093
180144 1121
180251 1143
180357 1167
180464 1191
180570 1212
180677 1230
180783 1260
180889 1283
180997 1307
181103 1328
181210 1354
181316 1379
181423 1399
181529 1423
181635 1445
181742 1470
181848 1492
181954 1514
182062 1537
182168 1552
182275 1584
182381 1608
182488 1632
182594 1656
182700 1679
182807 1702
182913 1723
183020 1747
183127 1773
183233 1794
183340 1819
183446 1842
183553 1864
183659 1888
183765 1913
183872 1938
183978 1957
184085 1983
184192 1969
184298 2029
184405 2052
184511 2075
184617 2097
184724 2126
184830 2145
184936 2169
185044 2200
185150 2218
185257 2239
185363 2264
185470 2288
185576 2310
185682 2333
185789 2357
185895 2376
186003 2401
186109 2427
186215 2453
186322 2469
186428 2497
186535 2520
186641 2543
186747 2567
186854 2590
186960 2610
187068 2651
187174 2660
187280 2681
187387 2704
187493 2736
187600 2751
187706 2775
187812 2798
187919 2821
188026 2841
188133 2868
188239 2891
188346 2915
188452 2933
188558 2959
188665 2978
188771 3006
188877 3025
188985 3048
189091 3070
189198 3097
189304 3117
189411 3143
189517 3158
189623 3187
189730 3204
189836 3229
189942 3237
190050 3277
190156 3296
190263 3320
190369 3341
190476 3365
190582 3381
190688 3408
190795 3429
190901 3452
191009 3474
191115 3496
191222 3523
191328 3541
191434 3509
191541 3490
191647 3466
191753 3442
191860 3422
191966 3399
192074 3378
192180 3355
192287 3332
192393 3298
192499 3284
192606 3267
192712 3243
192818 3210
192925 3193
193032 3172
193139 3152
193245 3126
193352 3103
193458 3083
193564 3059
193671 3042
193777 3013
193883 2993
193991 2974
194098 2945
194204 2923
194310 2900
194417 2871
194523 2853
194629 2831
194736 2809
194842 2782
194948 2763
195056 2740
195163 2714
195269 2692
195375 2671
195482 2644
195588 2622
195694 2599
195801 2576
195907 2549
196015 2526
196121 2505
196228 2480
196334 2459
196440 2435
196547 2410
196653 2389
196759 2365
196866 2339
196972 2315
197080 2293
197186 2273
197293 2239
197399 2225
197505 2200
197612 2175
197718 2173
197824 2129
197931 2107
198038 2082
198145 2060
198251 2037
198358 2014
198464 1990
198570 1967
198677 1943
198783 1917
198889 1896
198997 1870
199103 1847
199210 1825
199316 1795
199423 1777
199529 1750
199635 1729
199742 1727
199848 1684
199954 1658
200062 1633
200168 1616
200275 1589
200381 1564
200488 1543
200594 1520
200700 1498
200807 1472
200913 1451
201021 1425
201127 1404
201234 1379
201340 1357
201447 1331
201553 1309
201659 1285
201765 1267
201872 1237
201978 1217
202085 1193
202192 1140
202298 1148
202404 1124
202511 1101
202617 1076
202723 1058
202830 1031
202936 1007
203043 987
203150 960
203256 942
203363 917
203469 893
203576 873
203682 846
203788 830
203895 802
204002 779
204108 759
204215 732
204321 716
204428 693
204534 666
204641 652
204747 623
204853 601
204960 581
205067 560
205173 535
205280 514
205386 492
205493 497
205599 449
205706 428
205812 406
205918 387
206026 363
206132 338
206239 325
206345 298
206452 322
206558 344
206664 367
206771 387
206877 409
206984 429
207091 371
207197 474
207304 498
207410 517
207517 568
207623 560
207729 585
207836 608
207942 631
208049 648
208156 673
208262 694
208369 717
208475 739
208582 760
208688 785
208794 804
208901 831
209008 854
209115 874
209221 896
209328 922
209434 943
209540 966
209647 988
209753 1011
209859 1035
209966 1061
210073 1081
210180 1101
210286 1124
210393 1117
210499 1170
210605 1194
210712 1215
210818 1240
210924 1262
211032 1286
211138 1311
211245 1333
211351 1356
211458 1380
211564 1399
211670 1424
211777 1447
211883 1472
211991 1500
212097 1517
212203 1540
212310 1569
212416 1574
212523 1612
212629 1634
212735 1660
212842 1679
212948 1705
213056 1729
213162 1752
213268 1777
213375 1798
213481 1823
213588 1846
213694 1868
213800 1893
213907 1915
214014 1938
214121 1967
214227 1987
214333 2008
214440 2038
214546 2057
214653 2081
214759 2106
214865 2129
214972 2149
215079 2173
215186 2197
215292 2220
215398 2244
215505 2268
215611 2289
215718 2317
215824 2332
215930 2356
216038 2379
216144 2404
216251 2427
216357 2453
216464 2472
216570 2502
216676 2519
216783 2543
216889 2567
216997 2591
217103 2613
217209 2635
217316 2662
217422 2684
217529 2706
217635 2727
217741 2763
217848 2778
217954 2798
218062 2827
218168 2848
218274 2871
218381 2893
218487 2918
218594 2940
218700 2964
218806 2984
218913 3010
219020 3032
219127 3054
219233 3077
219340 3099
219446 3120
219552 3145
219659 3166
219765 3189
219871 3207
219978 3234
220085 3257
220192 3287
220298 3299
220404 3322
220511 3347
220617 3369
220723 3388
220830 3414
220936 3435
221044 3458
221150 3483
221257 3500
221363 3521
221469 3530
221576 3502
221682 3485
221788 3462
221895 3443
222002 3418
222109 3394
222215 3382
222322 3348
222428 3323
222534 3307
222641 3285
222747 3260
222853 3238
222960 3216
223067 3190
223174 3171
223280 3148
223387 3125
223493 3100
223599 3079
223706 3054
223812 3034
223918 3013
224026 2985
224132 2966
224239 2941
224345 2920
224452 2898
224558 2871
224664 2852
224771 2824
224877 2805
224985 2777
225091 2772
225198 2734
225304 2709
225411 2688
225517 2643
225623 2640
225729 2617
225836 2595
225942 2555
226050 2547
226156 2523
226263 2502
226369 2477
226476 2453
226582 2428
226688 2407
226794 2385
226901 2359
227008 2333
227115 2314
227221 2289
227328 2265
227434 2243
227541 2208
227647 2198
227753 2172
227859 2149
227966 2128
228073 2101
228180 2078
228286 2056
228393 2029
228499 2008
228606 1983
228712 1959
228818 1939
228924 1915
229032 1890
229139 1872
229245 1842
229352 1820
229458 1796
229564 1772
229671 1747
229777 1727
229883 1701
229991 1673
230097 1655
230204 1633
230310 1604
230417 1569
230523 1558
230629 1534
230736 1511
230842 1495
230948 1464
231056 1442
231162 1419
231269 1391
231375 1374
231482 1353
231588 1327
231694 1301
231801 1280
231907 1261
232014 1231
232121 1210
232227 1186
232334 1164
232440 1158
232547 1118
232653 1095
232759 1074
232866 1067
232972 1027
233079 1001
233186 980
233292 954
233399 936
233505 907
233612 888
233718 866
233824 846
233931 822
234038 803
234144 777
234251 753
234357 729
234464 709
234570 682
234677 663
234783 642
234889 622
234997 596
235103 574
235210 551
235316 536
235423 510
235529 492
235635 471
235742 432
235848 423
235954 404
236062 371
236168 359
236275 339
236381 318
236488 303
236594 328
236700 346
236807 372
236913 397
237020 413
237127 437
237233 456
237340 559
237446 501
237553 523
237659 546
237765 540
237872 590
237978 608
238085 634
238192 653
238298 680
238405 697
238511 720
238617 742
238724 765
238830 787
238936 810
239044 834
239150 857
239257 878
239363 903
239470 922
239576 950
239682 966
239789 991
239895 1013
240003 1034
240109 1067
240215 1076
240322 1107
240428 1130
240535 1151
240641 1166
240747 1199
240854 1222
240960 1243
241068 1265
241174 1292
241280 1315
241387 1334
241493 1361
241600 1385
241706 1410
241812 1434
241919 1457
242026 1476
242133 1499
242239 1524
242346 1547
242452 1571
242558 1592
242665 1619
242771 1637
242877 1659
242985 1685
243091 1739
243198 1730
243304 1758
243411 1782
243517 1801
243623 1824
243730 1849
243836 1877
243942 1896
244050 1922
244156 1945
244263 1969
244369 1994
244476 2013
244582 2040
244688 2063
244795 2084
244901 2110
245009 2133
245115 2158
245222 2176
245328 2202
245434 2223
245541 2250
245647 2269
245753 2294
245860 2316
245966 2345
246074 2368
246180 2392
246287 2414
246393 2436
246499 2454
246606 2486
246712 2504
246818 2529
246925 2554
247032 2572
247139 2602
247245 2625
247352 2645
247458 2670
247564 2688
247671 2715
247777 2736
247883 2760
247991 2771
248098 2804
248204 2832
248310 2852
248417 2872
248523 2899
248629 2921
248736 2944
248842 2968
248948 2988
249056 3014
249163 3036
249269 3059
249375 3084
249482 3106
249588 3127
249694 3147
249801 3171
249907 3194
250015 3216
250121 3242
250228 3261
250334 3287
250440 3311
250547 3324
250653 3350
250759 3372
250866 3386
250972 3422
251080 3437
251186 3464
251293 3486
251399 3509
251505 3529
251612 3526
251718 3503
251824 3476
251931 3456
252038 3442
252145 3412
252251 3388
252358 3370
252464 3343
252570 3323
252677 3299
252783 3280
252889 3269
252997 3230
253103 3212
253210 3188
253316 3164
253423 3140
253529 3120
253635 3100
253742 3073
253848 3051
253954 3026
254062 3003
254168 2984
254275 2960
254381 2934
254488 2915
254594 2890
254700 2870
254807 2845
254913 2823
255021 2796
255127 2775
255234 2752
255340 2715
255447 2704
255553 2681
255659 2658
255765 2629
255872 2611
255978 2589
256085 2566
256192 2541
256298 2519
256404 2492
256511 2474
256617 2448
256723 2427
256830 2400
256936 2381
257043 2355
257150 2333
257256 2308
257363 2286
257469 2261
257576 2237
257682 2214
257788 2190
257895 2165
258002 2142
258108 2119
258215 2112
258321 2075
258428 2050
258534 2027
258641 2039
258747 1978
258853 1957
258960 1932
259067 1908
259173 1884
259280 1862
259386 1837
259493 1813
259599 1791
259706 1768
259812 1743
259918 1720
260026 1692
260132 1673
260239 1680
260345 1624
260452 1602
260558 1581
260664 1547
260771 1531
260877 1511
260984 1485
261091 1460
261197 1436
261304 1417
261410 1392
261517 1368
261623 1347
261729 1320
261836 1301
261942 1273
262049 1248
262156 1231
262262 1205
262369 1184
262475 1160
262582 1136
262688 1115
262794 1088
262901 1068
263008 1045
263115 1013
263221 998
263328 977
263434 955
263540 931
263647 907
263753 886
263859 862
263966 840
264073 815
264180 788
264286 764
264393 749
264499 728
264605 706
264712 681
264818 660
264924 635
265032 613
265138 597
265245 571
265351 549
265458 527
265564 534
265670 479
265777 462
265883 440
265991 423
266097 399
266203 377
266310 356
266416 331
266523 312
266629 312
266735 331
266842 354
266948 374
267056 398
267162 418
267268 439
267375 460
267481 481
267588 502
267694 525
267800 548
267907 570
268014 567
268121 615
268227 635
268333 657
268440 725
268546 702
268653 729
268759 748
268865 774
268972 792
269079 815
269186 839
269292 860
269398 885
269505 906
269611 927
269718 953
269824 974
269930 997
270038 1022
270144 1042
270251 1065
270357 1089
270464 1086
270570 1137
270676 1157
270783 1181
270889 1187
270997 1223
271103 1251
271209 1274
271316 1297
271422 1323
271529 1340
271635 1352
271741 1389
271848 1413
271954 1434
272062 1460
272168 1485
272274 1505
272381 1528
272487 1557
272594 1576
272700 1598
272806 1622
272913 1643
273020 1670
273127 1691
273233 1714
273340 1745
273446 1761
273552 1784
273659 1809
273765 1850
273871 1856
273978 1882
274085 1911
274192 1928
274298 1949
274404 1971
274511 1997
274617 2022
274723 2044
274830 2067
274936 2092
275044 2112
275150 2136
275257 2158
275363 2190
275469 2203
275576 2231
275682 2255
275788 2277
275895 2302
276002 2326
276109 2350
276215 2372
276322 2394
276428 2418
276534 2441
276641 2463
276747 2489
276853 2512
276960 2536
277067 2558
277174 2580
277280 2603
277387 2629
277493 2652
277599 2673
277706 2694
277812 2722
277918 2741
278026 2765
278132 2789
278239 2814
278345 2833
278452 2859
278558 2881
278664 2903
278771 2924
278877 2949
278985 2973
279091 2996
279198 3016
279304 3042
279411 3060
279517 3087
279623 3107
279729 3129
279836 3147
279942 3176
280050 3198
280156 3219
280263 3248
280369 3267
280476 3288
280582 3311
280688 3333
280794 3355
280901 3377
281008 3399
281115 3429
281221 3445
281328 3467
281434 3491
281541 3511
281647 3535
281753 3521
281859 3500
281966 3474
282073 3452
282180 3431
282286 3407
282393 3386
282499 3364
282606 3339
282712 3318
282818 3295
282924 3274
283032 3253
283139 3241
283245 3204
283352 3182
283458 3153
283564 3155
283671 3112
283777 3093
283883 3071
283991 3045
284097 3026
284204 3001
284310 2975
284417 2956
284523 2931
284629 2911
284736 2888
284842 2864
284948 2840
285056 2815
285162 2789
285269 2770
285375 2749
285482 2724
285588 2699
285694 2676
285801 2651
285907 2632
286014 2625
286121 2582
286227 2560
286334 2540
286440 2510
286547 2492
286653 2464
286759 2444
286866 2420
286972 2399
287079 2372
287186 2347
287292 2326
287399 2303
287505 2278
287612 2255
287718 2233
287824 2211
287931 2185
288038 2135
288144 2142
288251 2114
288357 2092
288464 2074
288570 2043
288677 2019
288783 1997
288889 2005
288997 1952
289103 1927
289210 1904
289316 1881
289423 1856
289529 1835
289635 1807
289742 1789
289848 1762
289954 1739
290062 1718
290168 1693
290275 1667
290381 1646
290488 1619
290594 1598
290700 1570
290807 1553
290913 1548
291020 1504
291127 1482
291233 1456
291340 1436
291446 1412
291553 1388
291659 1361
291765 1337
291872 1316
291978 1293
292085 1275
292192 1246
292298 1224
292405 1197
292511 1183
292617 1154
292724 1132
292830 1110
292936 1086
293044 1064
293150 1042
293257 1014
293363 993
293470 969
293576 949
293682 924
293789 923
293895 878
294003 859
294109 836
294215 812
294322 788
294428 768
294535 744
294641 725
294747 697
294854 679
294960 654
295068 631
295174 611
295280 588
295387 567
295493 543
295600 521
295706 501
295812 485
295919 460
296026 437
296133 415
296239 391
296346 374
296452 349
296558 330
296665 306
296771 317
296877 340
296985 358
297091 384
297198 401
297304 426
297411 447
297517 468
297623 489
297730 511
297836 532
297942 554
298050 576
298156 598
298263 627
298369 641
298476 664
298582 683
298688 714
298795 726
298901 751
299009 776
299115 797
299222 823
299328 840
299434 869
299541 889
299647 907
299753 931
299860 957
299966 976
300074 1002
300180 1026
300287 1049
300393 1072
300499 1091
300606 1118
300712 1142
300818 1165
300925 1183
301032 1208
301139 1209
301245 1255
301352 1279
301458 1304
301564 1326
301671 1350
301777 1367
301883 1396
301991 1415
302098 1441
302204 1462
302310 1483
302417 1511
302523 1534
302629 1557
302736 1586
302842 1602
302948 1628
303056 1650
303163 1691
303269 1697
303375 1724
303482 1744
303588 1767
303694 1790
303801 1815
303907 1837
304015 1860
304121 1884
304228 1909
304334 1929
304440 1954
304547 1979
304653 2002
304759 2019
304866 2047
304972 2070
305080 2095
305186 2115
305293 2139
305399 2166
305505 2188
305612 2209
305718 2236
305824 2258
305931 2281
306038 2311
306145 2328
306251 2353
306358 2377
306464 2398
306570 2423
306677 2445
306783 2470
306889 2492
306997 2513
307103 2542
307210 2558
307316 2586
307423 2606
307529 2629
307635 2652
307742 2678
307848 2705
307954 2722
308062 2743
308168 2770
308275 2793
308381 2817
308488 2836
308594 2861
308700 2886
308807 2909
308913 2926
309021 2957
309127 2980
309234 3000
309340 3024
309447 3045
309553 3070
309659 3091
309765 3114
309872 3137
309978 3159
310085 3181
310192 3200
310298 3226
310404 3247
310511 3272
310617 3294
310723 3314
310830 3337
310936 3365
311043 3385
311150 3403
311256 3428
311363 3437
311469 3471
311576 3491
311682 3513
311788 3556
311895 3514
312002 3493
312108 3471
312215 3448
312321 3426
312428 3404
312534 3382
312641 3360
312747 3334
312853 3316
312960 3291
313067 3270
313173 3246
313280 3223
313386 3216
313493 3182
313599 3157
313706 3134
313812 3124
313918 3088
314026 3067
314132 3041
314239 3023
314345 2996
314452 2972
314558 2953
314664 2926
314771 2903
314877 2880
314984 2859
315091 2837
315197 2814
315304 2789
315410 2767
315517 2743
315623 2718
315729 2695
315836 2674
315942 2648
316049 2622
316156 2606
316262 2582
316369 2555
316475 2528
316582 2504
316688 2431
316794 2460
316901 2439
317008 2415
317115 2391
317221 2369
317328 2345
317434 2322
317540 2301
317647 2275
317753 2253
317859 2228
317966 2203
318073 2182
318180 2156
318286 2146
318393 2113
318499 2087
318605 2064
318712 2027
318818 2017
318924 1990
319032 1969
319138 1935
319245 1922
319351 1898
319458 1875
319564 1851
319670 1827
319777 1804
319883 1783
319991 1756
320097 1733
320203 1710
320310 1688
320416 1665
320523 1640
320629 1618
320735 1592
320842 1569
320948 1550
321056 1521
321162 1491
321268 1477
321375 1453
321481 1429
321588 1405
321694 1380
321800 1358
321907 1333
322014 1307
322121 1288
322227 1265
322333 1246
322440 1221
322546 1191
322653 1173
322759 1151
322865 1125
322972 1104
323079 1080
323186 1058
323292 1037
323398 1011
323505 989
323611 962
323718 986
323824 921
323930 895
324038 872
324144 853
324251 828
324357 807
324464 786
324570 760
324676 737
324783 717
324889 696
324997 674
325103 651
325209 623
325316 605
325422 582
325529 562
325635 540
325741 518
325848 498
325954 475
326062 455
326168 432
326274 407
326381 387
326487 374
326594 346
326700 326
326806 305
326913 322
327020 343
327127 367
327233 383
327340 405
327446 427
327552 451
327659 464
327765 494
327871 515
327978 536
328085 562
328192 579
328298 602
328404 621
328511 657
328617 667
328723 691
328830 711
328936 733
329044 757
329150 782
329257 803
329363 823
329469 844
329576 871
329682 893
329788 913
329895 936
330002 964
330109 976
330215 1006
330322 1029
330428 1051
330534 1071
330641 1096
330747 1122
330853 1142
330960 1167
331067 1192
331174 1214
331280 1238
331387 1234
331493 1281
331599 1308
331706 1327
331812 1328
331918 1375
332026 1398
332132 1419
332239 1444
332345 1468
332452 1489
332558 1512
332664 1539
332771 1562
332877 1586
332985 1610
333091 1633
333198 1654
333304 1678
333411 1655
333517 1727
333623 1748
333729 1770
333836 1796
333942 1821
334050 1843
334156 1867
334263 1888
334369 1912
334476 1936
334582 1963
334688 1984
334794 2007
334901 2029
335008 2053
335115 2076
335221 2102
335328 2124
335434 2149
335541 2169
335647 2194
335753 2218
335859 2242
335966 2261
336073 2284
336180 2312
336286 2322
336393 2359
336499 2383
336606 2404
336712 2417
336818 2450
336924 2474
337032 2501
337139 2520
337245 2542
337352 2568
337458 2592
337564 2613
337671 2636
337777 2660
337883 2684
337991 2706
338097 2736
338204 2755
338310 2775
338417 2798
338523 2821
338629 2844
338736 2871
338842 2892
338948 2911
339056 2934
339162 2967
339269 2981
339375 3001
339482 3027
339588 3052
339694 3069
339801 3092
339907 3116
340014 3144
340121 3161
340227 3184
340334 3210
340440 3232
340547 3252
340653 3273
340759 3301
340866 3320
340972 3344
341079 3366
341186 3414
341292 3408
341399 3433
341505 3455
341612 3478
341718 3493
341824 3521
341931 3532
342038 3508
342144 3492
342251 3467
342357 3441
342464 3422
342570 3398
342677 3376
342783 3355
342889 3330
342997 3310
343103 3286
343210 3265
343316 3243
343423 3217
343529 3198
343635 3167
343742 3153
343848 3127
343954 3107
344062 3060
344168 3057
344275 3038
344381 3013
344488 2990
344594 2967
344700 2944
344807 2925
344913 2898
345020 2874
345127 2853
345233 2830
345340 2807
345446 2781
345553 2759
345659 2743
345765 2715
345872 2693
345978 2666
346085 2626
346192 2623
346298 2596
346405 2573
346511 2546
346617 2527
346724 2504
346830 2478
346936 2451
347044 2432
347150 2409
347257 2386
347363 2364
347470 2338
347576 2318
347682 2294
347789 2269
347895 2245
348003 2218
348109 2201
348215 2175
348322 2154
348428 2132
348535 2085
348641 2082
348747 2056
348854 2038
348960 2012
349068 1987
349174 1966
349280 1943
349387 1909
349493 1896
349600 1871
349706 1848
349812 1826
349919 1802
350026 1774
350133 1756
350239 1727
350346 1705
350452 1681
350558 1659
350665 1633
350771 1612
350877 1589
350985 1552
351091 1543
351198 1518
351304 1496
351411 1469
351517 1445
351623 1423
351730 1400
351836 1389
351942 1353
352050 1329
352156 1309
352263 1284
352369 1259
352476 1237
352582 1216
352688 1192
352795 1168
352901 1145
353009 1124
353115 1097
353222 1074
353328 1053
353434 1085
353541 1008
353647 979
353753 965
353860 963
353966 915
354074 897
354180 868
354287 851
354393 824
354499 802
354606 783
354712 756
354818 736
354925 710
355032 694
355139 669
355245 645
355352 623
355458 602
355564 579
355671 561
355777 535
355883 517
355991 493
356098 469
356204 447
356310 441
356417 406
356523 385
356629 369
356736 333
356842 321
356948 303
357056 328
357163 348
357269 363
357375 386
357482 405
357588 431
357694 452
357801 475
357907 494
358015 516
358121 540
358228 563
358334 585
358440 607
358547 627
358653 652
358759 657
358866 696
358972 718
359080 739
359186 762
359293 783
359399 813
359505 830
359612 849
359718 876
359824 897
359931 920
360038 944
360145 968
360251 990
360358 1012
360464 1032
360570 1057
360677 1079
360783 1107
360889 1126
360997 1148
361103 1174
361210 1203
361316 1216
361423 1242
361529 1264
361635 1300
361742 1310
361848 1334
361954 1356
362062 1377
362168 1406
362275 1427
362381 1450
362488 1473
362594 1493
362700 1520
362807 1544
362913 1571
363021 1590
363127 1614
363234 1638
363340 1658
363447 1683
363553 1701
363659 1727
363765 1753
363872 1776
363978 1799
364085 1828
364192 1848
364298 1873
364404 1892
364511 1919
364617 1939
364723 1963
364830 1987
364936 2022
365043 2036
365150 2057
365256 2077
365363 2103
365469 2129
365576 2151
365682 2176
365788 2198
365895 2220
366002 2242
366108 2271
366215 2289
366321 2314
366428 2337
366534 2361
366641 2387
366747 2407
366853 2431
366960 2463
367067 2478
367173 2502
367280 2523
367386 2547
367493 2572
367599 2595
367706 2616
367812 2636
367918 2665
368026 2689
368132 2710
368239 2734
368345 2756
368452 2779
368558 2806
368664 2823
368771 2852
368877 2871
368984 2919
369091 2918
369197 2939
369304 2966
369410 2987
369517 3007
369623 3032
369729 3056
369836 3065
369942 3099
370049 3123
370156 3148
370262 3169
370369 3192
370475 3212
370582 3236
370688 3257
370794 3280
370901 3304
371008 3322
371115 3348
371221 3368
371328 3394
371434 3408
371540 3434
371647 3456
371753 3481
371859 3473
371966 3523
372073 3528
372180 3507
372286 3483
372393 3463
372499 3438
372605 3414
372712 3393
372818 3374
372924 3348
373032 3327
373138 3306
373245 3279
373351 3258
373458 3236
373564 3213
373670 3195
373777 3169
373883 3148
373991 3125
374097 3098
374203 3079
374310 3073
374416 3029
374523 3012
374629 2985
374735 2966
374842 2939
374948 2917
375056 2896
375162 2875
375268 2850
375375 2825
375481 2803
375588 2779
375694 2755
375800 2734
375907 2712
376014 2688
376121 2665
376227 2639
376333 2627
376440 2592
376546 2571
376653 2552
376759 2535
376865 2501
376972 2477
377079 2451
377186 2426
377292 2407
377398 2382
377505 2362
377611 2337
377718 2310
377824 2288
377930 2269
378038 2243
378144 2217
378251 2195
378357 2166
378464 2146
378570 2127
378676 2099
378783 2077
378889 2054
378997 2028
379103 2008
379209 1973
379316 1958
379422 1937
379529 1912
379635 1895
379741 1864
379848 1839
379954 1817
380062 1794
380168 1772
380274 1749
380381 1727
380487 1700
380594 1676
380700 1654
380806 1625
380913 1608
381020 1584
381127 1560
381233 1535
381340 1511
381446 1490
381552 1469
381659 1444
381765 1422
381871 1395
381978 1374
382085 1337
382192 1328
382298 1302
382404 1278
382511 1256
382617 1235
382723 1209
382830 1188
382936 1163
383044 1140
383150 1117
383257 1092
383363 1071
383469 1051
383576 1025
383682 1000
383788 979
383895 955
384002 935
384109 925
384215 888
384322 865
384428 842
384534 823
384641 796
384747 774
384853 752
384960 723
385067 707
385174 684
385280 665
385387 638
385493 620
385599 595
385706 578
385812 554
385918 529
386026 508
386132 490
386239 463
386345 445
386452 424
386558 415
386664 383
386771 355
386877 338
386985 309
387091 309
387198 328
387304 351
387411 374
387517 393
387623 415
387729 438
387836 456
387942 478
388050 503
388156 522
388263 547
388369 567
388476 588
388582 613
388688 632
388794 657
388901 676
389008 698
389115 722
389221 743
389328 766
389434 811
389541 812
389647 834
389753 857
389859 878
389966 902
390073 925
390180 946
390286 970
390393 994
390499 1017
390606 1039
390712 1059
390818 1086
390924 1110
391032 1131
391139 1154
391245 1176
391352 1201
391458 1198
391564 1245
391671 1266
391777 1291
391883 1316
391991 1338
392097 1361
392204 1386
392310 1422
392417 1432
392523 1452
392629 1478
392736 1501
392842 1525
392948 1545
393056 1567
393162 1594
393269 1617
393375 1640
393482 1666
393588 1689
393694 1715
393801 1733
393907 1756
394014 1782
394121 1805
394227 1830
394334 1869
394440 1875
394547 1901
394653 1923
394759 1953
394866 1969
394972 1993
395079 2016
395186 2040
395292 2062
395399 2088
395505 2107
395612 2134
395718 2155
395824 2179
395931 2203
396038 2224
396144 2251
396251 2276
396357 2299
396464 2323
396570 2345
396677 2368
396783 2408
396889 2416
396997 2438
397103 2460
397210 2450
397316 2509
397423 2528
397529 2552
397635 2575
397742 2601
397848 2624
397954 2647
398062 2671
398168 2692
398275 2712
398381 2740
398488 2757
398594 2785
398700 2806
398807 2830
398913 2852
399020 2874
399127 2901
399233 2931
399340 2945
399446 2968
399553 2988
399659 3018
399765 3036
399872 3061
399978 3077
400085 3103
400192 3128
400298 3149
400405 3168
400511 3194
400617 3218
400724 3243
400830 3263
400936 3285
401044 3307
401150 3329
401257 3356
401363 3376
401470 3395
401576 3418
401682 3364
401789 3463
401895 3487
402003 3506
402109 3536
402215 3523
402322 3502
402428 3481
402535 3456
402641 3433
402747 3412
402854 3391
402960 3366
403068 3345
403174 3326
403280 3308
403387 3277
403493 3257
403600 3231
403706 3208
403812 3187
403919 3167
404026 3143
404133 3114
404239 3097
404346 3075
404452 3050
404558 3034
404665 3004
404771 2982
404877 2959
404985 2936
405091 2915
405198 2888
405304 2866
405411 2842
405517 2820
405623 2798
405730 2773
405836 2748
405942 2727
406050 2701
406156 2681
406263 2657
406369 2635
406476 2610
406582 2590
406688 2564
406795 2541
406901 2521
407009 2479
407115 2471
407222 2451
407328 2423
407434 2403
407541 2375
407647 2353
407753 2332
407860 2303
407966 2286
408074 2260
408180 2237
408287 2215
408393 2190
408499 2168
408606 2147
408712 2118
408818 2095
408925 2071
409032 2059
409139 2026
409245 1999
409352 1980
409458 1929
409564 1930
409671 1909
409777 1882
409883 1853
409991 1840
410098 1812
410204 1789
410310 1765
410417 1744
410523 1722
410629 1693
410736 1672
410842 1649
410948 1625
411056 1603
411163 1579
411269 1555
411375 1531
411482 1503
411588 1485
411694 1460
411801 1438
411907 1426
412015 1388
412121 1368
412228 1344
412334 1338
412440 1298
412547 1273
412653 1254
412759 1228
412866 1208
412972 1182
413080 1158
413186 1139
413293 1113
413399 1091
413505 1070
413612 1043
413718 1023
413824 998
413931 976
414038 950
414145 929
414251 909
414358 878
414464 860
414570 841
414677 814
414783 787
414889 769
414997 748
415103 727
415210 703
415316 680
415423 661
415529 636
415635 616
415742 594
415848 570
415954 549
416062 522
416168 503
416275 479
416381 461
416488 441
416594 417
416700 396
416807 376
416913 349
417021 323
417127 311
417234 264
417340 334
417447 352
417553 376
417659 388
417765 416
417872 436
417978 460
418085 484
418192 500
418298 523
418404 539
418511 569
418617 591
418723 613
418830 633
418936 659
419043 684
419150 703
419256 724
419363 750
419469 771
419576 791
419682 820
419788 837
419895 857
420002 882
420108 912
420215 929
420321 950
420428 973
420534 996
420641 1017
420747 1045
420853 1064
420960 1090
421067 1110
421173 1140
421280 1155
421386 1179
421493 1203
421599 1224
421706 1249
421812 1269
421918 1296
422026 1321
422132 1344
422239 1367
422345 1391
422452 1409
422558 1430
422664 1460
422771 1483
422877 1506
422984 1527
423091 1555
423197 1577
423304 1599
423410 1622
423517 1643
423623 1672
423729 1692
423836 1716
423942 1740
424049 1761
424156 1791
424262 1810
424369 1835
424475 1858
424582 1877
424688 1905
424794 1927
424901 1950
425008 1985
425115 1996
425221 2017
425328 2047
425434 2067
425540 2088
425647 2115
425753 2137
425859 2159
425966 2183
426073 2208
426180 2233
426286 2253
426393 2277
426499 2299
426605 2327
426712 2347
426818 2372
426924 2396
427032 2419
427138 2444
427245 2466
427351 2487
427458 2519
427564 2534
427670 2557
427777 2580
427883 2623
427991 2628
428097 2648
428203 2674
428310 2701
428416 2721
428523 2746
428629 2770
428735 2791
428842 2811
428948 2838
429056 2857
429162 2881
429268 2904
429375 2930
429481 2952
429588 2974
429694 2997
429800 3022
429907 3035
430014 3063
430121 3087
430227 3110
430333 3129
430440 3155
430546 3175
430653 3194
430759 3218
430865 3243
430972 3262
431079 3283
431186 3306
431292 3331
431398 3355
431505 3378
431611 3399
431718 3422
431824 3443
431930 3466
432038 3488
432144 3512
432251 3532
432357 3526
432464 3495
432570 3478
432676 3451
432783 3431
432889 3408
432997 3379
433103 3363
433209 3336
433316 3315
433422 3295
433529 3273
433635 3250
433741 3228
433848 3205
433954 3183
434062 3157
434168 3140
434274 3114
434381 3093
434487 3071
434594 3047
434700 3024
434806 3001
434913 2979
435020 2955
435127 2932
435233 2908
435340 2882
435446 2858
435552 2840
435659 2814
435765 2796
435871 2769
435978 2748
436085 2724
436192 2700
