2 556
145 563
251 574
357 583
464 588
570 602
676 610
783 620
889 630
997 638
1103 645
1210 658
1316 668
1422 684
1528 695
1635 709
1741 720
1847 731
1954 743
2061 755
2168 771
2274 784
2381 789
2487 814
2593 824
2700 840
2806 876
2912 867
3020 883
3126 900
3233 911
3339 929
3445 943
3552 961
3658 979
3764 996
3871 1010
3977 1024
4084 1043
4191 1064
4297 1079
4403 1102
4510 1112
4616 1135
4722 1148
4829 1168
4935 1182
5042 1203
5149 1219
5255 1266
5362 1258
5468 1279
5574 1296
5681 1316
5787 1332
5893 1356
6001 1375
6107 1393
6214 1412
6320 1432
6426 1452
6533 1472
6639 1492
6745 1508
6852 1532
6958 1550
7066 1569
7172 1588
7278 1609
7385 1628
7491 1648
7597 1670
7704 1688
7810 1711
7916 1733
8024 1755
8130 1790
8237 1796
8343 1817
8450 1835
8556 1868
8662 1878
8768 1897
8875 1921
8981 1940
9089 1961
9195 1982
9302 2009
9408 2024
9514 2045
9621 2062
9727 2090
9833 2107
9940 2124
10047 2149
10154 2168
10260 2185
10366 2210
10473 2229
10579 2252
10685 2268
10792 2289
10898 2309
11005 2318
11112 2351
11218 2367
11325 2382
11431 2421
11537 2424
11644 2443
11750 2465
11856 2481
11963 2499
12070 2519
12176 2538
12283 2557
12389 2576
12496 2597
12602 2613
12708 2632
12815 2649
12921 2667
13029 2685
13135 2702
13241 2717
13348 2738
13454 2732
13560 2773
13667 2788
13773 2804
13879 2816
13987 2839
14093 2857
14200 2873
14306 2888
14413 2907
14519 2918
14625 2937
14731 2950
14838 2966
14944 2980
15052 2997
15158 3010
15265 3025
15371 3038
15477 3049
15584 3066
15690 3078
15796 3093
15903 3105
16010 3120
16117 3130
16223 3141
16329 3155
16436 3162
16542 3177
16648 3186
16755 3172
16861 3209
16967 3220
17075 3229
17181 3243
17288 3250
17394 3262
17500 3268
17607 3281
17713 3285
17819 3295
17926 3303
18033 3312
18139 3318
18246 3328
18352 3336
18459 3342
18565 3348
18671 3350
18778 3360
18884 3366
18992 3372
19098 3380
19204 3409
19311 3391
19417 3391
19523 3397
19630 3391
19736 3407
19842 3407
19949 3408
20056 3416
20163 3418
20269 3422
20376 3425
20482 3429
20588 3430
20694 3433
20801 3436
20907 3439
21015 3440
21121 3441
21228 3432
21334 3417
21440 3404
21547 3389
21653 3367
21759 3342
21866 3315
21972 3285
22079 3268
22186 3208
22292 3167
22399 3118
22505 3066
22611 3017
22718 2963
22824 2903
22930 2839
23038 2775
23144 2712
23251 2641
23357 2572
23463 2495
23570 2424
23676 2347
23782 2273
23889 2195
23996 2118
24102 2039
24209 1958
24315 1878
24422 1798
24528 1716
24634 1639
24741 1563
24847 1482
24953 1410
25061 1336
25167 1261
25274 1193
25380 1117
25486 1059
25593 989
25699 931
25805 876
25912 819
26019 763
26126 713
26232 667
26339 630
26445 591
26551 559
26657 528
26764 502
26870 475
26976 460
27084 445
27191 434
27297 423
27403 416
27510 416
27616 423
27722 423
27829 440
27935 429
28042 431
28149 434
28255 421
28362 440
28468 442
28574 442
28681 451
28787 453
28893 458
29001 465
29107 465
29214 467
29320 476
29426 474
29533 485
29639 491
29745 497
29852 504
29958 508
30065 517
30172 525
30278 599
30385 540
30491 544
30597 559
30704 564
30810 572
30916 581
31024 592
31130 632
31237 611
31343 619
31449 632
31556 640
31662 650
31768 662
31875 673
31981 683
32089 698
32195 708
32302 716
32408 733
32514 743
32621 760
32727 766
32833 785
32940 798
33047 808
33154 826
33260 841
33367 854
33473 872
33579 888
33686 898
33792 915
33898 933
34006 949
34112 963
34219 977
34325 998
34431 1011
34538 1031
34644 1046
34750 1067
34857 1081
34963 1100
35070 1116
35177 1134
35283 1147
35390 1171
35496 1187
35602 1206
35709 1240
35815 1243
35921 1262
36029 1277
36135 1299
36242 1317
36348 1338
36454 1365
36561 1375
36667 1396
36773 1413
36880 1455
36987 1453
37094 1474
37200 1490
37306 1514
37413 1528
37519 1552
37625 1558
37732 1591
37838 1611
37944 1634
38052 1653
38159 1671
38265 1692
38371 1715
38477 1734
38584 1756
38690 1773
38796 1796
38903 1816
39010 1840
39117 1862
39223 1881
39330 1901
39436 1924
39542 1943
39649 1966
39755 1995
39861 2005
39967 2024
40075 2049
40181 2071
40288 2089
40394 2110
40501 2130
40607 2152
40713 2173
40820 2192
40926 2209
41033 2232
41140 2254
41246 2272
41353 2294
41459 2308
41565 2329
41672 2349
41778 2443
41884 2385
41992 2407
42098 2427
42205 2436
42311 2463
42417 2486
42524 2502
42630 2524
42736 2542
42843 2561
42949 2581
43057 2597
43163 2618
43269 2636
43376 2644
43482 2669
43588 2688
43695 2705
43801 2719
43907 2741
44015 2759
44122 2780
44228 2796
44334 2808
44440 2824
44547 2842
44653 2857
44759 2875
44866 2890
44972 2910
45080 2954
45186 2936
45293 2953
45399 2968
45505 2982
45612 2997
45718 3010
45824 3027
45930 3041
46038 3054
46144 3067
46251 3086
46357 3095
46464 3107
46570 3117
46676 3131
46783 3143
46889 3159
46996 3166
47103 3181
47209 3195
47316 3202
47422 3210
47528 3195
47635 3233
47741 3243
47847 3253
47954 3248
48061 3272
48168 3277
48274 3288
48380 3296
48487 3303
48593 3313
48699 3321
48806 3329
48912 3337
49020 3344
49126 3351
49232 3357
49339 3361
49445 3373
49551 3373
49658 3378
49764 3385
49870 3392
49977 3389
50084 3399
50191 3399
50297 3408
50403 3405
50510 3415
50616 3416
50722 3421
50829 3419
50935 3427
51043 3429
51149 3434
51256 3434
51362 3436
51468 3433
51575 3442
51681 3436
51787 3429
51893 3417
52001 3406
52107 3387
52214 3367
52320 3338
52427 3313
52533 3280
52639 3245
52746 3202
52852 3166
52958 3111
53066 3062
53172 3010
53279 2966
53385 2893
53491 2830
53598 2763
53704 2693
53810 2629
53917 2560
54024 2485
54131 2412
54237 2338
54343 2261
54450 2189
54556 2111
54662 2026
54769 1949
54875 1869
54981 1787
55089 1704
55195 1629
55302 1552
55408 1475
55515 1399
55621 1326
55727 1259
55834 1184
55940 1115
56048 1051
56154 984
56260 917
56367 862
56473 809
56579 758
56686 706
56792 661
56898 622
57006 583
57113 555
57219 521
57325 498
57431 474
57538 458
57644 446
57750 435
57857 422
57963 418
58071 419
58177 502
58284 421
58390 428
58496 428
58603 432
58709 433
58815 437
58921 438
59029 442
59135 447
59242 451
59348 452
59455 461
59561 461
59667 467
59774 474
59880 476
59987 481
60094 488
60200 491
60307 498
60413 503
60519 514
60626 516
60732 526
60838 533
60945 539
61052 548
61159 559
61265 564
61371 575
61478 565
61584 592
61690 601
61797 614
61903 602
62011 632
62117 644
62223 653
62330 661
62436 677
62542 681
62649 695
62755 704
62861 724
62968 729
63075 743
63182 762
63288 772
63394 784
63501 801
63607 812
63713 826
63820 840
63926 859
64034 875
64140 891
64247 900
64353 906
64459 933
64566 948
64672 964
64778 961
64884 999
64992 1017
65098 1034
65205 1051
65311 1063
65418 1085
65524 1100
65630 1119
65737 1135
65843 1154
65949 1174
66057 1191
66163 1207
66270 1226
66376 1243
66482 1266
66589 1283
66695 1302
66801 1322
66908 1340
67015 1357
67122 1380
67228 1415
67334 1420
67441 1437
67547 1456
67653 1481
67760 1497
67866 1514
67972 1536
68080 1552
68186 1576
68293 1596
68399 1612
68505 1630
68612 1655
68718 1673
68824 1695
68931 1713
69038 1738
69145 1758
69251 1785
69357 1797
69464 1821
69570 1837
69676 1861
69783 1881
69889 1905
69997 1926
70103 1950
70210 1966
70316 1990
70422 2007
70529 2063
70635 2049
70741 2074
70847 2092
70954 2112
71061 2134
71168 2158
71274 2177
71381 2196
71487 2216
71593 2235
71700 2256
71806 2275
71912 2293
72020 2313
72126 2332
72233 2352
72339 2371
72445 2392
72552 2403
72658 2431
72764 2445
72871 2468
72977 2481
73084 2508
73191 2522
73297 2542
73403 2549
73510 2582
73616 2602
73722 2621
73829 2636
73935 2654
74042 2674
74149 2690
74255 2708
74362 2726
74468 2743
74574 2760
74681 2779
74787 2793
74893 2807
75001 2831
75107 2847
75214 2861
75320 2876
75426 2885
75533 2910
75639 2926
75745 2940
75852 2959
75958 2969
76066 2984
76172 2998
76279 3015
76385 3028
76491 3039
76597 3056
76704 3073
76810 3082
76916 3096
77024 3107
77131 3120
77237 3135
77343 3146
77450 3157
77556 3166
77662 3181
77769 3193
77875 3200
77981 3214
78089 3220
78195 3232
78302 3245
78408 3254
78514 3263
78621 3274
78727 3276
78833 3288
78940 3299
79047 3305
79153 3316
79260 3325
79366 3329
79473 3340
79579 3345
79685 3352
79792 3354
79898 3366
80005 3363
80112 3375
80218 3381
80325 3388
80431 3389
80537 3396
80644 3399
80750 3398
80856 3403
80963 3410
81070 3411
81177 3432
81283 3420
81389 3425
81496 3426
81602 3454
81708 3426
81815 3435
81921 3433
82029 3439
82135 3439
82242 3436
82348 3427
82454 3415
82560 3398
82667 3386
82773 3362
82879 3338
82987 3306
83094 3276
83200 3234
83306 3199
83413 3151
83519 3106
83625 3056
83732 3003
83838 2946
83944 2884
84052 2820
84158 2757
84265 2690
84371 2622
84477 2551
84584 2477
84690 2398
84796 2329
84903 2251
85010 2173
85116 2096
85223 2016
85329 1935
85436 1853
85542 1773
85648 1691
85755 1619
85861 1541
85967 1464
86075 1387
86181 1314
86288 1244
86394 1170
86500 1107
86607 1039
86713 976
86819 911
86926 855
87033 798
87140 747
87246 701
87352 656
87459 614
87565 582
87671 545
87778 489
87884 492
87992 472
88098 459
88205 441
88311 428
88417 421
88523 414
88630 422
88736 418
88842 427
88949 429
89056 428
89163 432
89269 434
89376 440
89482 441
89588 443
89695 447
89801 431
89907 455
90015 457
90121 461
90228 494
90334 471
90440 476
90547 486
90653 489
90759 496
90866 499
90972 505
91079 512
91186 521
91292 527
91399 535
91505 539
91611 550
91718 555
91824 564
91930 576
92038 587
92144 596
92251 589
92357 609
92463 622
92570 632
92676 640
92782 653
92889 662
92996 674
93103 694
93209 698
93315 718
93422 722
93528 736
93634 747
93741 760
93847 771
93953 789
94061 800
94168 812
94274 826
94380 846
94486 858
94593 877
94699 890
94805 906
94912 916
95019 935
95126 946
95232 969
95339 983
95445 1003
95551 1033
95658 1036
95764 1053
95870 1068
95976 1115
96084 1103
96190 1121
96297 1140
96403 1156
96510 1172
96616 1190
96722 1210
96829 1226
96935 1247
97042 1266
97149 1285
97255 1304
97362 1325
97468 1340
97574 1366
97681 1382
97787 1400
97893 1421
98001 1436
98107 1458
98214 1481
98320 1494
98426 1490
98533 1536
98639 1559
98745 1574
98852 1597
98958 1614
99066 1638
99172 1657
99278 1680
99385 1696
99491 1720
99597 1740
99704 1762
99810 1781
99916 1803
100024 1824
100131 1848
100237 1866
100343 1889
100449 1909
100556 1930
100662 1948
100768 1972
100875 1988
100981 2012
101089 2036
101195 2055
101301 2051
101408 2095
101514 2118
101620 2135
101727 2151
101833 2178
101939 2197
102047 2216
102153 2238
102260 2257
102366 2277
102472 2295
102579 2321
102685 2335
102791 2355
102898 2370
103005 2394
103111 2414
103218 2432
103324 2451
103431 2474
103537 2489
103643 2511
103750 2528
103856 2548
103962 2567
104070 2585
104176 2598
104283 2621
104389 2641
104495 2658
104602 2672
104708 2690
104814 2708
104921 2729
105028 2745
105135 2763
105241 2780
105347 2794
105454 2813
105560 2832
105666 2844
105773 2861
105879 2879
105987 2897
106093 2912
106200 2930
106306 2942
106412 2957
106518 2970
106625 2991
106731 3002
106837 3017
106944 3032
107051 3046
107158 3057
107264 3073
107371 3083
107477 3086
107583 3110
107690 3122
107796 3136
107902 3152
108010 3159
108116 3172
108223 3175
108329 3196
108435 3202
108542 3216
108648 3226
108754 3236
108861 3247
108967 3255
109074 3261
109181 3274
109287 3281
109394 3292
109500 3326
109606 3308
109713 3311
109819 3321
109925 3331
110033 3337
110139 3344
110246 3354
110352 3356
110458 3364
110565 3370
110671 3376
110777 3382
110884 3387
110991 3392
111098 3395
111204 3397
111310 3403
111417 3408
111523 3414
111629 3414
111736 3420
111842 3420
111948 3422
112056 3426
112163 3431
112269 3432
112375 3436
112481 3437
112588 3440
112694 3436
112800 3425
112907 3424
113014 3414
113121 3400
113227 3382
113334 3357
113440 3335
113546 3302
113653 3271
113759 3233
113865 3192
113971 3146
114079 3098
114185 3049
114292 2993
114398 2936
114505 2877
114611 2812
114717 2749
114824 2683
114930 2612
115037 2536
115144 2465
115250 2392
115357 2315
115463 2237
115569 2165
115676 2093
115782 2004
115888 1924
115996 1841
116102 1759
116209 1683
116315 1604
116421 1527
116528 1451
116634 1379
116740 1302
116847 1231
116953 1161
117061 1093
117167 1029
117273 968
117380 902
117486 847
117592 786
117699 740
117805 693
117911 652
118019 612
118126 548
118232 542
118338 515
118444 486
118551 473
118657 447
118763 438
118870 424
118976 413
119084 414
119190 416
119297 417
119403 420
119509 424
119616 429
119722 432
119828 433
119934 431
120042 436
120148 438
120255 447
120361 446
120468 451
120574 459
120680 459
120787 467
120893 471
121000 485
121107 484
121213 489
121320 496
121426 501
121532 503
121639 515
121745 521
121851 511
121958 539
122065 543
122172 556
122278 560
122384 568
122491 577
122597 589
122703 596
122810 605
122916 613
123024 619
123130 630
123236 643
123343 648
123449 664
123555 679
123662 689
123768 699
123874 693
123981 726
124088 740
124195 748
124301 755
124407 773
124514 792
124620 802
124726 825
124832 836
124939 846
125046 863
125153 876
125259 888
125366 908
125472 920
125578 940
125685 954
125791 969
125897 983
126005 1006
126111 1018
126218 1036
126324 1053
126430 1076
126537 1089
126643 1108
126749 1115
126856 1142
126962 1160
127069 1178
127176 1189
127282 1216
127389 1234
127495 1252
127601 1272
127708 1288
127814 1307
127920 1328
128028 1346
128134 1366
128241 1384
128347 1402
128453 1422
128560 1443
128666 1464
128772 1482
128879 1499
128986 1521
129093 1540
129199 1620
129305 1579
129412 1597
129518 1618
129624 1642
129731 1662
129837 1682
129943 1698
130051 1723
130157 1742
130264 1765
130370 1784
130477 1804
130583 1824
130689 1848
130795 1868
130902 1887
131009 1912
131116 1935
131222 1945
131329 1972
131435 1994
131541 2015
131648 2038
131754 2055
131860 2077
131967 2101
132074 2128
132181 2140
132287 2161
132393 2179
132500 2217
132606 2219
132712 2239
132819 2262
132925 2283
133032 2301
133139 2321
133245 2338
133352 2357
133458 2377
133564 2395
133671 2417
133777 2434
133883 2456
133991 2469
134097 2489
134204 2506
134310 2527
134416 2545
134523 2570
134629 2584
134735 2602
134842 2621
134948 2642
135056 2660
135162 2680
135268 2695
135375 2730
135481 2728
135587 2750
135694 2765
135800 2783
135906 2799
136014 2813
136120 2831
136227 2848
136333 2864
136440 2881
136546 2895
136652 2915
136758 2926
136865 2949
136971 2957
137079 2969
137185 2987
137292 3003
137398 3016
137504 3032
137611 3047
137717 3060
137823 3073
137930 3088
138037 3098
138144 3115
138250 3114
138356 3137
138463 3149
138569 3163
138675 3160
138782 3182
138888 3193
138995 3206
139102 3213
139208 3226
139315 3233
139421 3250
139527 3256
139634 3265
139740 3275
139846 3286
139953 3291
140060 3301
140166 3308
140273 3321
140379 3328
140486 3330
140592 3338
140698 3347
140805 3350
140911 3364
141019 3365
141125 3376
141231 3378
141338 3384
141444 3384
141550 3393
141657 3396
141763 3400
141869 3405
141976 3409
142083 3410
142190 3417
142296 3421
142403 3422
142509 3423
142615 3429
142721 3434
142828 3434
142934 3435
143042 3439
143148 3440
143255 3442
143361 3433
143467 3424
143574 3436
143680 3398
143786 3379
143893 3352
144000 3336
144107 3301
144213 3262
144319 3229
144426 3184
144532 3143
144638 3095
144745 3040
144851 2982
144957 2930
145065 2866
145171 2805
145278 2736
145384 2671
145490 2599
145597 2528
145703 2454
145809 2379
145916 2301
146023 2227
146129 2154
146236 2073
146342 1994
146449 1914
146555 1832
146661 1753
146768 1675
146874 1605
146980 1520
147088 1444
147194 1371
147301 1290
147407 1221
147513 1152
147620 1086
147726 1020
147832 959
147938 894
148046 837
148152 784
148259 736
148365 684
148472 646
148578 606
148684 569
148791 538
148897 517
149004 486
149111 467
149217 449
149324 439
149430 428
149536 418
149643 416
149749 429
149855 420
149962 423
150069 427
150176 430
150282 430
150388 436
150495 436
150601 442
150707 445
150814 452
150920 451
151028 455
151134 460
151240 463
151347 469
151453 477
151559 475
151666 481
151772 492
151878 495
151986 500
152093 509
152199 537
152305 523
152411 527
152518 534
152624 562
152730 550
152837 561
152943 570
153051 578
153157 587
153264 597
153370 603
153476 614
153583 626
153689 637
153795 649
153901 656
154009 665
154115 677
154222 692
154328 702
154435 715
154541 727
154647 738
154754 755
154860 767
154966 778
155074 793
155180 804
155287 818
155393 832
155499 860
155606 859
155712 877
155818 895
155925 900
156032 923
156139 941
156245 956
156351 976
156458 989
156564 1004
156670 1025
156777 1039
156883 1058
156991 1073
157097 1085
157203 1108
157310 1125
157416 1147
157522 1158
157629 1180
157735 1195
157841 1217
157948 1256
158055 1253
158162 1270
158268 1290
158374 1317
158481 1331
158587 1348
158693 1369
158800 1367
158906 1407
159014 1424
159120 1446
159227 1466
159333 1484
159439 1502
159546 1528
159652 1543
159758 1566
159864 1580
159971 1603
160078 1623
160185 1646
160291 1666
160398 1688
160504 1705
160610 1727
160717 1744
160823 1777
160929 1790
161037 1809
161143 1831
161250 1848
161356 1871
161462 1893
161569 1913
161675 1933
161781 1954
161888 1978
161995 1992
162102 2017
162208 2034
162314 2061
162421 2080
162527 2103
162633 2124
162740 2143
162846 2159
162952 2187
163060 2202
163166 2225
163273 2243
163379 2262
163485 2282
163592 2305
163698 2319
163804 2306
163911 2359
164018 2381
164125 2404
164231 2419
164337 2438
164444 2458
164550 2476
164656 2500
164763 2515
164869 2533
164975 2553
165083 2572
165189 2590
165296 2610
165402 2627
165509 2646
165615 2662
165721 2678
165827 2697
165934 2717
166041 2735
166148 2750
166254 2765
166361 2781
166467 2801
166573 2823
166680 2833
166786 2851
166892 2866
167000 2883
167106 2904
167213 2915
167319 2928
167425 2949
167532 2962
167638 2980
167744 2992
167851 3003
167957 3019
168064 3034
168171 3051
168277 3061
168384 3075
168490 3091
168596 3095
168703 3110
168809 3126
168915 3139
169023 3148
169129 3162
169236 3171
169342 3188
169448 3188
169555 3205
169661 3216
169767 3230
169874 3232
169980 3245
170088 3257
170194 3269
170300 3277
170407 3282
170513 3298
170620 3304
170726 3310
170832 3321
170939 3326
171046 3333
171153 3341
171259 3349
171365 3354
171472 3363
171578 3367
171684 3374
171791 3374
171897 3384
172005 3390
172111 3392
172218 3398
172324 3393
172430 3404
172537 3408
172643 3412
172749 3442
172855 3416
172962 3422
173069 3425
173176 3429
173282 3428
173389 3431
173495 3434
173601 3440
173708 3438
173814 3444
173920 3430
174028 3419
174134 3406
174241 3395
174347 3422
174453 3353
174560 3321
174666 3295
174772 3275
174879 3224
174986 3180
175093 3134
175199 3051
175305 3034
175412 2975
175518 2919
175624 2856
175731 2794
175837 2726
175943 2660
176051 2590
176157 2518
176264 2442
176370 2367
176476 2292
176583 2215
176689 2136
176795 2064
176902 1979
177009 1896
177116 1819
177222 1735
177328 1655
177435 1583
177541 1506
177647 1408
177754 1354
177860 1283
177966 1210
178074 1129
178180 1073
178287 1009
178393 947
178500 885
178606 827
178712 778
178818 727
178925 683
179032 637
179139 600
179245 563
179352 537
179458 508
179564 484
179671 461
179777 451
179883 437
179991 427
180097 408
180204 418
180310 419
180416 426
180523 420
180629 426
180735 429
180842 432
180948 437
181055 439
181162 442
181268 447
181375 445
181481 452
181587 455
181694 461
181800 463
181906 470
182014 475
182120 483
182227 484
182333 490
182439 495
182546 501
182652 507
182758 516
182865 522
182971 528
183079 537
183185 546
183291 554
183398 558
183504 570
183610 581
183717 587
183823 612
183929 604
184037 620
184143 626
184250 639
184356 648
184463 662
184569 666
184675 682
184781 692
184888 704
184995 719
185102 729
185208 743
185315 754
185421 763
185527 781
185634 794
185740 808
185846 825
185953 836
186060 852
186167 866
186273 865
186379 896
186486 911
186592 925
186698 916
186805 961
186911 974
187018 989
187125 1008
187231 1027
187338 1040
187444 1059
187550 1076
187657 1095
187763 1111
187869 1129
187976 1145
188083 1166
188189 1183
188296 1200
188402 1218
188509 1239
188615 1255
188721 1276
188828 1294
188934 1311
189042 1348
189148 1361
189254 1369
189361 1391
189467 1408
189573 1416
189680 1446
189786 1468
189892 1482
190000 1504
190106 1527
190213 1545
190319 1564
190426 1588
190532 1606
190638 1625
190744 1650
190851 1668
190957 1684
191065 1707
191171 1729
191278 1751
191384 1771
191490 1793
191597 1801
191703 1832
191809 1850
191916 1874
192023 1896
192130 1918
192236 1936
192342 1961
192449 1980
192555 2000
192661 2022
192768 2045
192874 2063
192980 2083
193088 2105
193194 2124
193301 2144
193407 2166
193514 2184
193620 2209
193726 2224
193833 2245
193939 2263
194046 2283
194153 2303
194259 2325
194366 2343
194472 2357
194578 2385
194685 2404
194791 2419
194897 2436
195005 2459
195111 2477
195218 2499
195324 2516
195430 2534
195537 2554
195643 2573
195749 2592
195856 2610
195962 2631
196070 2644
196176 2663
196282 2685
196389 2699
196495 2718
196601 2734
196708 2750
196814 2769
196920 2785
197028 2803
197134 2822
197241 2837
197347 2857
197454 2871
197560 2885
197666 2905
197772 2906
197879 2934
197986 2949
198093 2965
198199 2978
198306 2994
198412 3008
198518 3024
198625 3035
198731 3050
198837 3065
198944 3077
199051 3089
199158 3104
199264 3114
199370 3128
199477 3138
199583 3154
199689 3163
199796 3174
199902 3190
200009 3196
200116 3209
200222 3224
200329 3230
200435 3241
200541 3248
200648 3259
200754 3268
200860 3280
200967 3286
201074 3296
201180 3306
201287 3312
201393 3319
201500 3328
201606 3333
201712 3343
201819 3352
201925 3356
202033 3363
202139 3366
202245 3374
202352 3379
202458 3382
202564 3388
202671 3328
202777 3397
202883 3400
202991 3406
203097 3415
203204 3412
203310 3415
203417 3422
203523 3412
203629 3423
203735 3427
203842 3431
203948 3433
204056 3434
204162 3440
204269 3442
204375 3439
204481 3432
204588 3422
204694 3407
204800 3391
204907 3371
205014 3350
205121 3324
205227 3285
205333 3255
205440 3216
205546 3174
205652 3127
205759 3077
205865 3025
205971 2967
206079 2910
206185 2849
206292 2783
206398 2718
206504 2649
206611 2579
206717 2508
206823 2433
206930 2357
207037 2279
207143 2207
207250 2131
207356 2049
207463 1966
207569 1892
207675 1808
207782 1728
207888 1649
207996 1598
208102 1497
208208 1420
208315 1348
208421 1277
208527 1202
208634 1132
208740 1067
208846 998
208953 940
209060 877
209167 823
209273 767
209380 718
209486 673
209592 634
209698 594
209805 562
209911 531
210019 502
210125 484
210232 463
210338 445
210444 429
210551 424
210657 416
210763 417
210870 427
210976 421
211083 424
211190 428
211296 459
211403 433
211509 433
211615 438
211722 451
211828 445
211934 450
212042 452
212148 457
212255 461
212361 464
212467 469
212574 474
212680 478
212786 482
212893 490
213000 497
213106 501
213213 509
213319 515
213426 527
213532 530
213638 537
213745 547
213851 556
213957 563
214065 566
214171 577
214278 590
214384 599
214490 610
214597 626
214703 628
214809 637
214916 650
215023 658
215130 670
215236 679
215343 695
215449 706
215555 717
215661 726
215768 748
215874 752
215980 767
216088 783
216194 794
216301 808
216407 823
216513 838
216620 853
216726 865
216832 883
216939 897
217046 911
217152 930
217259 946
217365 960
217472 985
217578 994
217684 1010
217791 1028
217897 1051
218004 1063
218111 1079
218217 1095
218324 1116
218430 1130
218536 1148
218643 1167
218749 1180
218855 1203
218962 1217
219069 1242
219176 1260
219282 1275
219388 1296
219495 1317
219601 1336
219707 1353
219814 1374
219920 1387
220028 1410
220134 1432
220241 1453
220347 1467
220453 1495
220559 1511
220666 1531
220772 1555
220878 1571
220986 1592
221093 1609
221199 1628
221305 1651
221412 1669
221518 1692
221624 1708
221731 1734
221837 1753
221943 1773
222051 1794
222157 1819
222264 1833
222370 1811
222476 1876
222583 1898
222689 1919
222795 1935
222902 1959
223009 1981
223115 2001
223222 2011
223328 2047
223435 2066
223541 2087
223647 2109
223754 2125
223860 2146
223966 2169
224074 2188
224180 2209
224287 2229
224393 2252
224499 2267
224606 2288
224712 2308
224818 2327
224925 2350
225032 2366
225139 2386
225245 2399
225351 2424
225458 2444
225564 2464
225670 2472
225777 2501
225883 2519
225991 2539
226097 2546
226204 2577
226310 2595
226416 2615
226522 2633
226629 2653
226735 2670
226841 2688
226948 2704
227055 2720
227162 2738
227268 2755
227375 2772
227481 2790
227587 2805
227694 2823
227800 2837
227906 2858
228014 2872
228120 2902
228227 2905
228333 2922
228439 2934
228546 2960
228652 2967
228758 2982
228865 2994
228971 3023
229078 3025
229185 3036
229291 3049
229398 3066
229504 3080
229610 3093
229717 3104
229823 3119
229929 3130
230037 3139
230143 3150
230250 3165
230356 3175
230462 3189
230569 3200
230675 3211
230781 3219
230888 3232
230995 3265
231102 3251
231208 3257
231314 3273
231421 3270
231527 3287
231633 3294
231740 3304
231846 3314
231952 3320
232060 3329
232167 3337
232273 3343
232379 3349
232485 3355
232592 3362
232698 3367
232804 3373
232911 3378
233018 3388
233125 3388
233231 3392
233338 3397
233444 3405
233550 3404
233657 3411
233763 3410
233869 3415
233975 3419
234083 3424
234189 3428
234296 3422
234402 3430
234509 3433
234615 3435
234721 3458
234828 3440
234934 3440
235041 3427
235148 3418
235254 3404
235361 3391
235467 3368
235573 3345
235680 3316
235786 3283
235892 3248
236000 3206
236106 3162
236213 3121
236319 3068
236425 3015
236532 2959
236638 2904
236744 2850
236851 2773
236957 2707
237065 2635
237171 2566
237277 2494
237384 2420
237490 2347
237596 2251
237703 2196
237809 2117
237915 2039
238023 1958
238130 1877
238236 1792
238342 1714
238448 1636
238555 1559
238661 1480
238767 1411
238874 1336
238980 1260
239088 1192
239194 1108
239301 1056
239407 992
239513 930
239620 880
239726 815
239832 763
239939 710
240046 669
240153 631
240259 590
240366 558
240472 529
240578 500
240685 481
240791 461
240897 449
241005 434
241111 423
241218 414
241324 419
241430 422
241537 424
241643 427
241749 431
241856 430
241962 434
242069 445
242176 437
242282 443
242389 444
242495 427
242601 454
242708 457
242814 464
242920 483
243028 470
243134 472
243241 483
243347 484
243453 493
243560 496
243666 504
243772 511
243879 518
243986 528
244093 531
244199 538
244305 548
244412 557
244518 563
244624 572
244731 584
244837 592
244943 605
245051 608
245158 620
245264 630
245370 648
245476 650
245583 662
245689 671
245795 684
245902 698
246009 710
246116 721
246222 733
246329 744
246435 759
246541 777
246648 786
246754 797
246860 817
246966 826
247074 840
247180 856
247287 872
247393 888
247500 901
247606 915
247712 932
247819 946
247925 965
248032 981
248139 997
248245 1017
248352 1030
248458 1045
248564 1064
248671 1070
248777 1098
248883 1115
248991 1133
249097 1151
249204 1171
249310 1185
249416 1201
249523 1222
249629 1243
249735 1260
249842 1278
249948 1299
250056 1318
250162 1338
250268 1356
250375 1376
250481 1396
250587 1415
250694 1404
250800 1456
250906 1476
251014 1494
251121 1518
251227 1531
251333 1554
251439 1573
251546 1599
251652 1612
251758 1632
251865 1653
251971 1674
252079 1696
252185 1717
252292 1732
252398 1760
252504 1777
252611 1798
252717 1820
252823 1840
252929 1860
253037 1881
253143 1902
253250 1922
253356 1942
253463 1966
253569 1996
253675 2008
253782 2025
253888 2052
253995 2043
254102 2091
254208 2110
254315 2133
254421 2150
254527 2174
254634 2191
254740 2213
254846 2232
254953 2251
255060 2270
255167 2292
255273 2310
255379 2331
255486 2346
255592 2367
255698 2386
255805 2407
255911 2425
256019 2445
256125 2465
256231 2487
256338 2500
256444 2543
256550 2542
256657 2564
256763 2579
256869 2595
256976 2614
257083 2633
257190 2652
257296 2671
257402 2685
257509 2707
257615 2723
257721 2740
257828 2756
257934 2775
258042 2790
258148 2808
258255 2824
258361 2843
258467 2857
258574 2874
258680 2890
258786 2907
258892 2921
259000 2939
259106 2955
259213 2971
259319 2979
259426 2999
259532 3011
259638 3025
259745 3031
259851 3057
259957 3065
260065 3085
260171 3094
260278 3110
260384 3122
260490 3134
260597 3143
260703 3159
260809 3168
260916 3178
261023 3190
261130 3197
261236 3208
261342 3229
261449 3233
261555 3243
261661 3254
261768 3263
261874 3270
261980 3280
262088 3289
262195 3315
262301 3305
262407 3317
262514 3322
262620 3325
262726 3335
262833 3342
262939 3349
263047 3357
263153 3364
263260 3370
263366 3375
263472 3381
263578 3384
263685 3391
263791 3393
263897 3399
264005 3403
264112 3410
264218 3409
264324 3415
264431 3417
264537 3419
264643 3415
264750 3426
264856 3429
264962 3431
265070 3431
265176 3434
265283 3440
265389 3443
265495 3434
265602 3426
265708 3417
265814 3407
265921 3388
266028 3364
266134 3340
266241 3313
266347 3276
266454 3241
266560 3204
266666 3158
266773 3112
266879 3063
266986 3009
267093 2968
267199 2892
267306 2830
267412 2763
267518 2698
267625 2629
267731 2558
267837 2482
267944 2396
268051 2330
268158 2261
268264 2181
268370 2105
268477 2021
268583 1946
268689 1862
268796 1785
268902 1702
269010 1625
269116 1550
269223 1474
269329 1397
269435 1324
269541 1249
269648 1179
269754 1108
269860 1047
269967 980
270074 920
270181 857
270287 806
270394 720
270500 704
270606 666
270713 627
270819 556
270925 556
271033 524
271139 496
271246 475
271352 460
271458 444
271565 428
271671 422
271777 413
271884 420
271991 420
272097 426
272204 429
272310 428
272417 429
272523 435
272629 435
272736 437
272842 442
272948 442
273056 448
273162 456
273269 482
273375 462
273481 468
273588 468
273694 471
273800 481
273907 486
274014 492
274121 501
274227 503
274333 513
274440 517
274546 525
274652 529
274759 542
274865 552
274971 557
275079 565
275186 576
275292 581
275398 593
275504 597
275611 612
275717 617
275823 631
275930 638
276037 650
276144 676
276250 674
276357 686
276463 697
276569 717
276676 724
276782 731
276888 748
276996 762
277102 775
277209 785
277315 803
277421 811
277528 829
277634 840
277740 856
277847 872
277953 889
278060 904
278167 913
278273 932
278380 950
278486 965
278592 983
278699 998
278805 1017
278911 1032
279019 1046
279125 1065
279232 1087
279338 1102
279444 1100
279551 1136
279657 1153
279763 1172
279870 1189
279976 1208
280084 1226
280190 1243
280296 1268
280403 1283
280509 1302
280615 1326
280722 1338
280828 1359
280934 1380
281042 1398
281149 1419
281255 1436
281361 1457
281467 1477
281574 1499
281680 1513
281786 1537
281893 1556
282000 1574
282107 1597
282213 1615
282320 1637
282426 1656
282532 1676
282639 1697
282745 1715
282851 1740
282957 1758
283065 1776
283171 1802
283278 1818
283384 1840
283491 1867
283597 1884
283703 1906
283810 1927
283916 1949
284023 1967
284130 1992
284236 2008
284343 2028
284449 2053
284555 2073
284662 2090
284768 2119
284874 2130
284981 2157
285088 2176
285194 2194
285301 2214
285407 2236
285513 2257
285620 2277
285726 2291
285832 2314
285939 2333
286046 2355
286152 2372
286259 2393
286365 2411
286472 2430
286578 2451
286684 2469
286791 2485
286897 2508
287005 2525
287111 2544
287217 2562
287324 2583
287430 2603
287536 2621
287643 2632
287749 2658
287855 2672
287962 2692
288069 2713
288176 2727
288282 2742
288389 2760
288495 2775
288601 2794
288707 2811
288814 2827
288920 2845
289028 2863
289134 2876
289241 2892
289347 2907
289453 2924
289560 2941
289666 2961
289772 2971
289879 2985
289986 3001
290093 3013
290199 3028
290305 3041
290412 3057
290518 3057
290624 3082
290731 3099
290837 3112
290943 3127
291051 3135
291157 3149
291264 3157
291370 3168
291476 3180
291583 3193
291689 3202
291795 3222
291902 3222
292009 3234
292115 3244
292222 3255
292328 3259
292435 3271
292541 3279
292647 3288
292754 3298
292860 3307
292966 3310
293074 3320
293180 3330
293287 3336
293393 3336
293499 3350
293606 3356
293712 3364
293818 3369
293925 3377
294032 3383
294139 3386
294245 3392
294352 3398
294458 3397
294564 3404
294670 3407
294777 3412
294883 3413
294991 3418
295097 3423
295204 3422
295310 3427
295416 3432
295523 3429
295629 3434
295735 3435
295842 3441
295948 3439
296055 3436
296162 3426
296268 3420
296375 3399
296481 3384
296587 3362
296694 3316
296800 3306
296906 3273
297014 3236
297120 3196
297227 3152
297333 3105
297439 3055
297546 3001
297652 2943
297758 2885
297865 2821
297971 2755
298078 2686
298185 2620
298291 2543
298398 2473
298504 2395
298610 2324
298717 2243
298823 2173
298929 2091
299037 2013
299143 1919
299250 1847
299356 1770
299462 1691
299569 1613
299675 1539
299781 1461
299888 1391
299995 1313
300102 1241
300208 1165
300315 1106
300421 1039
300527 972
300633 906
300740 856
300846 798
300952 747
301060 699
301167 651
301273 614
301379 582
301486 549
301592 522
301698 493
301805 474
301911 454
302018 444
302125 432
302231 424
302338 414
302444 420
302550 424
302657 423
302763 426
302869 428
302976 430
303083 435
303189 438
303296 438
303402 441
303509 450
303615 451
303721 452
303828 458
303934 462
304041 467
304148 473
304254 478
304361 480
304467 480
304573 494
304680 498
304786 506
304892 487
305000 521
305106 526
305213 535
305319 540
305425 551
305532 558
305638 567
305744 574
305851 585
305957 595
306065 603
306171 612
306278 622
306384 633
306490 643
306596 655
306703 665
306809 676
306915 689
307023 700
307130 711
307236 722
307342 766
307449 746
307555 766
307661 773
307768 797
307874 803
307980 816
308088 834
308194 844
308300 857
308407 876
308513 891
308619 901
308726 919
308832 934
308938 954
309046 968
309152 984
309259 1000
309365 1022
309471 1037
309578 1053
309684 1067
309790 1086
309897 1103
310004 1120
310111 1139
310217 1167
310323 1173
310430 1191
310536 1210
310642 1246
310749 1250
310855 1268
310961 1287
311069 1304
311175 1324
311282 1345
311388 1362
311495 1386
311601 1400
311707 1422
311813 1446
311920 1462
312027 1477
312134 1498
312240 1515
312347 1537
312453 1557
312559 1579
312666 1597
312772 1618
312878 1636
312986 1654
313092 1696
313199 1698
313305 1720
313411 1741
313518 1746
313624 1784
313730 1803
313837 1823
313943 1860
314050 1865
314157 1888
314263 1911
314370 1929
314476 1950
314582 1971
314689 1991
314795 2014
314901 2037
315009 2055
315115 2074
315222 2096
315328 2114
315434 2139
315541 2157
315647 2173
315753 2196
315860 2215
315966 2228
316074 2256
316180 2277
316286 2294
316393 2362
316499 2333
316605 2354
316712 2374
316818 2397
316924 2412
317032 2432
317138 2449
317245 2471
317351 2490
317458 2509
317564 2531
317670 2549
317776 2566
317883 2584
317990 2605
318097 2624
318203 2638
318310 2660
318416 2685
318522 2693
318629 2710
318735 2728
318841 2742
318948 2758
319055 2776
319162 2794
319268 2806
319374 2829
319481 2841
319587 2860
319693 2877
319800 2894
319906 2910
320013 2924
320120 2940
320226 2957
320333 2969
320439 2993
320545 2998
320652 3014
320758 3029
320864 3043
320971 3056
321078 3069
321184 3085
321291 3096
321397 3109
321504 3126
321610 3136
321716 3158
321823 3159
321929 3173
322037 3183
322143 3196
322249 3203
322356 3216
322462 3225
322568 3235
322675 3246
322781 3257
322887 3263
322995 3273
323101 3284
323208 3290
323314 3299
323421 3308
323527 3313
323633 3326
323739 3329
323846 3341
323952 3346
324060 3355
324166 3363
324273 3368
324379 3370
324485 3376
324592 3386
324698 3388
324804 3392
324911 3399
325018 3398
325125 3402
325231 3407
325337 3410
325444 3414
325550 3419
325656 3421
325763 3424
325869 3426
325975 3428
326083 3433
326189 3434
326296 3438
326402 3439
326508 3440
326615 3437
326721 3424
326827 3413
326934 3398
327041 3380
327147 3361
327254 3334
327360 3301
327467 3256
327573 3232
327679 3190
327786 3145
327892 3079
328000 3043
328106 2993
328212 2931
328319 2874
328425 2810
328531 2745
328638 2671
328744 2611
328850 2538
328957 2461
329064 2391
329171 2310
329277 2233
329384 2161
329490 2082
329596 2000
329702 1920
329809 1839
329915 1757
330023 1677
330129 1601
330236 1526
330342 1476
330448 1374
330555 1296
330661 1230
330767 1148
330874 1092
330980 1025
331087 967
331194 901
331300 847
331406 790
331513 744
331619 695
331725 651
331832 612
331938 578
332045 542
332152 516
332258 489
332365 470
332471 454
332577 442
332684 428
332790 420
332896 415
333004 419
333110 423
333217 412
333323 427
333429 430
333536 429
333642 457
333748 440
333855 436
333961 442
334069 445
334175 451
334282 450
334388 460
334494 462
334600 462
334707 469
334813 478
334919 483
335027 487
335134 492
335240 498
335346 504
335453 510
335559 525
335665 504
335772 536
335878 542
335985 547
336092 568
336198 565
336305 577
336411 585
336517 595
336624 601
336730 609
336836 620
336943 632
337050 640
337156 652
337263 664
337369 676
337476 691
337582 700
337688 709
337795 728
337901 740
338008 752
338115 744
338221 778
338328 792
338434 800
338540 817
338647 834
338753 849
338859 859
338966 863
339073 890
339180 908
339286 922
339392 939
339499 952
339605 973
339711 988
339818 1005
339924 1022
340032 1040
340138 1049
340245 1074
340351 1091
340457 1109
340563 1123
340670 1142
340776 1160
340882 1181
340990 1186
341097 1215
341203 1231
341309 1253
341416 1248
341522 1288
341628 1308
341735 1326
341841 1361
341947 1364
342055 1383
342161 1407
342268 1423
342374 1445
342480 1461
342587 1481
342693 1500
342799 1523
342906 1539
343013 1560
343119 1581
343226 1602
343332 1620
343439 1640
343545 1661
343651 1683
343758 1699
343864 1724
343970 1744
344078 1766
344184 1786
344291 1802
344397 1826
344503 1848
344610 1871
344716 1913
344822 1909
344929 1932
345036 1956
345143 1975
345249 1998
345355 2016
345462 2037
345568 2060
345674 2078
345781 2101
345887 2118
345995 2140
346101 2159
346208 2184
346314 2200
346420 2220
346526 2240
346633 2261
346739 2276
346845 2301
346952 2318
347059 2341
347166 2354
347272 2376
347379 2401
347485 2416
347591 2439
347698 2457
347804 2475
347910 2495
348018 2512
348124 2534
348231 2551
348337 2569
348443 2585
348550 2609
348656 2626
348762 2638
348869 2659
348975 2680
349082 2695
349189 2711
349295 2731
349402 2747
349508 2763
349614 2783
349721 2795
349827 2816
349933 2830
350041 2850
350147 2866
350254 2882
350360 2898
350466 2902
350573 2928
350679 2946
350785 2960
350892 2977
350999 2992
351106 3007
351212 3016
351318 3037
351425 3048
351531 3060
351637 3070
351744 3090
351850 3099
351956 3115
352064 3124
352171 3138
352277 3150
352383 3161
352489 3168
352596 3185
352702 3196
352808 3206
352915 3215
353022 3225
353129 3237
353235 3248
353342 3255
353448 3266
353554 3273
353661 3280
353767 3291
353873 3301
353979 3307
354086 3317
354192 3326
354298 3332
354405 3338
354511 3347
354617 3354
354724 3358
354830 3365
354936 3373
355044 3377
355151 3381
355257 3388
355363 3395
355469 3395
355576 3401
355682 3401
355788 3408
355895 3410
356002 3415
356109 3418
356215 3414
356322 3422
356428 3425
356534 3428
356641 3420
356747 3433
356853 3440
356959 3439
357067 3446
357173 3433
357280 3428
357386 3411
357493 3397
357599 3376
357705 3355
357812 3330
357918 3300
358025 3260
358132 3225
358238 3184
358345 3139
358451 3089
358557 3040
358664 2987
358770 2926
358876 2863
358984 2801
359090 2739
359197 2670
359303 2599
359409 2527
359516 2459
359622 2377
359728 2302
359835 2226
359941 2166
360049 2073
360155 1992
360262 1912
360368 1830
360474 1751
360580 1668
360687 1591
360793 1517
360899 1442
361007 1364
361114 1291
361220 1217
361326 1152
361433 1082
361539 1024
361645 954
361752 894
361858 836
361964 796
362072 733
362178 687
362285 641
362391 604
362497 569
362604 540
362710 509
362816 488
362923 466
363030 451
363136 434
363243 428
363349 417
363456 420
363562 414
363668 421
363775 424
363881 428
363988 433
364095 436
364201 434
364308 441
364414 445
364520 448
364627 446
364733 451
364839 441
364946 461
365053 464
365160 471
365266 477
365372 477
365479 481
365585 489
365691 495
365798 501
365904 505
366012 513
366118 519
366225 531
366331 537
366437 545
366543 554
366650 562
366756 568
366862 574
366969 586
367076 598
367183 606
367289 612
367396 625
367502 639
367608 645
367715 669
367821 670
367927 680
368035 694
368141 704
368248 714
368354 729
368460 739
368567 750
368673 762
368779 779
368886 791
368993 805
369099 820
369206 835
369312 846
369419 864
369525 877
369631 898
369738 902
369844 927
369950 938
370058 955
370164 991
370271 992
370377 1007
370483 1021
370590 1053
370696 1057
370802 1073
370909 1093
371016 1108
371123 1126
371229 1142
371335 1161
371442 1180
371548 1198
371654 1216
371761 1235
371867 1255
371973 1275
372081 1292
372188 1311
372294 1331
372400 1350
372506 1367
372613 1386
372719 1409
372825 1426
372932 1444
373039 1463
373146 1484
373252 1505
373359 1525
373465 1546
373571 1564
373678 1583
373784 1602
373890 1619
373998 1642
374104 1667
374211 1682
374317 1707
374423 1726
374530 1748
374636 1761
374742 1790
374849 1813
374955 1833
375062 1849
375169 1872
375275 1891
375382 1915
375488 1937
375594 1958
375701 1976
375807 1997
375913 1974
376021 2041
376127 2062
376234 2083
376340 2082
376446 2125
376553 2142
376659 2163
376765 2187
376872 2204
376978 2224
377086 2245
377192 2261
377298 2281
377404 2299
377511 2327
377617 2340
377723 2361
377830 2380
377936 2401
378044 2420
378150 2440
378257 2456
378363 2478
378469 2495
378576 2513
378682 2532
378788 2577
378894 2574
379002 2593
379108 2608
379215 2642
379321 2646
379428 2662
379534 2681
379640 2701
379747 2716
379853 2733
379959 2752
380067 2767
380173 2788
380280 2805
380386 2817
380492 2836
380599 2852
380705 2870
380811 2886
380918 2901
381025 2919
381132 2932
381238 2980
381344 2964
381451 2977
381557 2994
381663 3001
381770 3019
381876 3035
381984 3052
382091 3063
382197 3075
382304 3090
382410 3104
382516 3111
382623 3130
382729 3136
382835 3153
382941 3164
383049 3175
383155 3186
383262 3201
383368 3209
383475 3221
383581 3230
383687 3239
383794 3251
383900 3257
384007 3268
384114 3292
384220 3287
384327 3293
384433 3302
384539 3315
384646 3318
384752 3328
384858 3334
384965 3344
385072 3347
385179 3355
385285 3358
385391 3368
385498 3369
385604 3381
385710 3385
385817 3386
385923 3390
386031 3393
386137 3401
386243 3408
386350 3406
386456 3414
386562 3417
386669 3420
386775 3419
386881 3423
386989 3433
387096 3431
387202 3433
387308 3435
387414 3443
387521 3443
387627 3442
387733 3431
387840 3430
387946 3410
388054 3392
388160 3374
388267 3348
388373 3321
388479 3292
388586 3253
388692 3219
388798 3180
388904 3133
389012 3086
389118 3032
389225 2976
389331 2915
389438 2858
389544 2789
389650 2723
389757 2655
389863 2548
389969 2511
390077 2440
390183 2364
390290 2290
390396 2213
390502 2136
390609 2062
390715 1980
390821 1896
390928 1817
391035 1736
391142 1657
391248 1579
391354 1505
391461 1431
391567 1355
391673 1282
391780 1212
391886 1141
391994 1073
392100 1008
392206 943
392313 890
392419 830
392525 770
392632 728
392738 681
392844 636
392951 598
393058 558
393165 490
393271 506
393377 482
393484 465
393590 450
393696 438
393803 425
393909 415
394017 417
394123 421
394230 421
394336 423
394442 424
394549 430
394655 432
394761 435
394867 436
394974 444
395081 442
395188 443
395294 447
395401 455
395507 459
395613 485
395720 468
395826 473
395932 476
396040 484
396146 490
396253 495
396359 506
396465 508
396572 512
396678 522
396784 531
396891 537
396998 544
397105 555
397211 562
397317 570
397424 578
397530 588
397636 595
397743 609
397849 616
397955 629
398063 642
398169 649
398276 657
398382 666
398488 699
398595 694
398701 703
398807 717
398914 741
399021 738
399128 755
399234 769
399340 781
399447 794
399553 808
399659 823
399766 839
399872 851
399978 865
400085 883
400192 895
400298 912
400405 928
400511 947
400618 960
400724 979
400830 994
400937 1006
401044 1026
401150 1043
401257 1064
401363 1089
401470 1093
401576 1113
401682 1134
401789 1154
401895 1164
402002 1182
402109 1200
402215 1220
402322 1237
402428 1254
402534 1278
402641 1292
402747 1313
402853 1332
402960 1354
403067 1369
403174 1392
403280 1411
403386 1430
403493 1447
403599 1470
403705 1486
403812 1511
403918 1526
404026 1547
404132 1568
404239 1599
404345 1605
404451 1627
404557 1646
404664 1663
404770 1684
404876 1711
404984 1728
405090 1753
405197 1771
405303 1793
405409 1811
405516 1834
405622 1853
405728 1878
405834 1895
405941 1919
406048 1937
406155 1961
406261 1980
406368 2001
406474 2025
406580 2047
406687 2060
406793 2086
406899 2103
407007 2122
407113 2143
407220 2166
407326 2186
407432 2210
407539 2234
407645 2249
407751 2267
407858 2289
407964 2263
408071 2326
408178 2344
408284 2362
408391 2382
408497 2370
408603 2421
408710 2443
408816 2459
408922 2479
409030 2502
409136 2516
409243 2535
409349 2557
409455 2577
409562 2592
409668 2614
409774 2631
409881 2643
409988 2678
410095 2683
410201 2702
410307 2717
410414 2705
410520 2749
410626 2772
410733 2788
410839 2803
410945 2821
411053 2838
411159 2855
411266 2871
411372 2886
411479 2904
411585 2916
411691 2938
411797 2951
411904 2967
412011 2977
412118 2996
412224 3007
412331 3023
412437 3053
412543 3052
412650 3067
412756 3080
412862 3117
412969 3105
413076 3116
413183 3131
413289 3138
413395 3155
413502 3163
413608 3180
413714 3188
413821 3197
413927 3209
414034 3221
414141 3230
414247 3241
414354 3249
414460 3264
414566 3268
414673 3277
414779 3284
414885 3295
414993 3305
415099 3312
415206 3319
415312 3328
415418 3334
415525 3340
415631 3347
415737 3331
415844 3360
415950 3365
416058 3370
416164 3380
416270 3382
416377 3386
416483 3391
416589 3398
416696 3399
416802 3405
416908 3408
417016 3412
417122 3416
417229 3420
417335 3421
417442 3428
417548 3428
417654 3431
417760 3433
417867 3436
417973 3439
418081 3440
418187 3442
418294 3431
418400 3418
418506 3404
418613 3384
418719 3370
418825 3348
418932 3324
419039 3284
419146 3253
419252 3211
419358 3169
419465 3125
419571 3077
419677 3020
419784 2967
419890 2909
419997 2840
420104 2782
420210 2721
420317 2646
420423 2578
420529 2500
420636 2430
420742 2352
420848 2283
420955 2203
421062 2110
421168 2044
421275 1966
421381 1886
421488 1800
421594 1722
421700 1643
421807 1567
421913 1503
422021 1419
422127 1343
422233 1267
422340 1198
422446 1131
422552 1061
422659 999
422765 936
422871 873
422978 820
423085 765
423192 719
423298 671
423405 631
423511 593
423617 560
423724 528
423830 503
423936 501
424044 461
424150 450
424257 434
424363 414
424470 419
424576 417
424682 422
424788 422
424895 425
425002 429
425109 432
425215 433
425322 437
425428 438
425534 440
425641 445
425747 450
425853 449
425960 459
426067 460
426174 467
426280 466
426386 472
426493 477
426599 486
426705 491
426812 501
426918 500
427025 510
427132 516
427238 525
427345 528
427451 540
427557 547
427664 555
427770 562
427876 574
427984 585
428090 592
428197 597
428303 610
428410 620
428516 626
428622 637
428729 650
428835 658
428941 671
429049 685
429155 696
429262 724
429368 716
429474 731
429581 745
429687 758
429793 769
429900 783
430007 795
430114 810
430220 824
430327 839
430433 852
430539 872
430645 885
430752 901
430858 913
430964 930
431072 947
431179 963
431285 975
431391 997
431498 1011
431604 1031
431710 1048
431817 1064
431923 1078
432030 1100
432137 1133
432243 1133
432350 1147
432456 1170
432562 1197
432669 1206
432775 1222
432881 1242
432989 1257
433095 1278
433202 1298
433308 1316
433414 1335
433521 1356
433627 1374
433733 1394
433840 1413
433946 1434
434053 1451
434160 1473
434266 1488
434373 1511
434479 1529
434585 1553
434692 1569
434798 1590
434904 1610
435012 1632
435118 1651
435225 1671
435331 1691
435437 1709
435544 1732
435650 1754
435756 1773
435863 1804
435969 1812
436077 1836
