2 2996
145 3008
251 3034
357 3040
464 3051
570 3067
676 3059
783 3095
889 3107
997 3123
1103 3137
1210 3151
1316 3161
1422 3176
1528 3190
1635 3206
1741 3221
1847 3239
1954 3245
2061 3261
2168 3276
2274 3287
2381 3301
2487 3317
2593 3330
2700 3343
2806 3356
2912 3371
3020 3386
3126 3414
3233 3410
3339 3425
3445 3440
3552 3496
3658 3468
3764 3483
3871 3497
3977 3513
4084 3522
4191 3538
4297 3498
4403 3441
4510 3388
4616 3338
4722 3280
4829 3231
4935 3176
5042 3121
5149 3066
5255 3013
5362 2957
5468 2901
5574 2847
5681 2796
5787 2735
5893 2683
6001 2630
6107 2573
6214 2518
6320 2463
6426 2435
6533 2352
6639 2294
6745 2237
6852 2182
6958 2126
7066 2072
7172 2015
7278 1953
7385 1902
7491 1844
7597 1791
7704 1734
7810 1677
7916 1624
8024 1569
8130 1510
8237 1457
8343 1397
8450 1350
8556 1286
8662 1233
8768 1173
8875 1128
8981 1067
9089 1012
9195 961
9302 913
9408 851
9514 797
9621 743
9727 692
9833 638
9940 587
10047 537
10154 481
10260 432
10366 378
10473 331
10579 318
10685 327
10792 342
10898 357
11005 370
11112 384
11218 397
11325 409
11431 425
11537 433
11644 451
11750 462
11856 477
11963 488
12070 504
12176 518
12283 534
12389 542
12496 559
12602 569
12708 584
12815 597
12921 610
13029 624
13135 640
13241 652
13348 671
13454 680
13560 697
13667 708
13773 725
13879 738
13987 754
14093 766
14200 785
14306 790
14413 806
14519 820
14625 853
14731 848
14838 860
14944 879
15052 891
15158 906
15265 918
15371 932
15477 943
15584 960
15690 977
15796 988
15903 1005
16010 1018
16117 1033
16223 1041
16329 1060
16436 1076
16542 1092
16648 1104
16755 1119
16861 1126
16967 1147
17075 1135
17181 1179
17288 1190
17394 1204
17500 1228
17607 1234
17713 1246
17819 1260
17926 1291
18033 1290
18139 1304
18246 1326
18352 1333
18459 1347
18565 1367
18671 1379
18778 1389
18884 1403
18992 1422
19098 1440
19204 1450
19311 1467
19417 1477
19523 1495
19630 1509
19736 1525
19842 1536
19949 1552
20056 1566
20163 1582
20269 1596
20376 1604
20482 1621
20588 1639
20694 1651
20801 1639
20907 1678
21015 1695
21121 1708
21228 1722
21334 1737
21440 1753
21547 1768
21653 1783
21759 1797
21866 1814
21972 1824
22079 1842
22186 1855
22292 1872
22399 1887
22505 1898
22611 1911
22718 1929
22824 1883
22930 1959
23038 1973
23144 1988
23251 2041
23357 2012
23463 2032
23570 2047
23676 2058
23782 2076
23889 2087
23996 2107
24102 2118
24209 2129
24315 2148
24422 2160
24528 2176
24634 2191
24741 2208
24847 2219
24953 2233
25061 2243
25167 2264
25274 2271
25380 2293
25486 2307
25593 2318
25699 2337
25805 2348
25912 2367
26019 2380
26126 2391
26232 2410
26339 2425
26445 2440
26551 2455
26657 2465
26764 2481
26870 2494
26976 2511
27084 2524
27191 2539
27297 2545
27403 2566
27510 2579
27616 2599
27722 2611
27829 2625
27935 2640
28042 2654
28149 2737
28255 2681
28362 2697
28468 2715
28574 2724
28681 2742
28787 2755
28893 2773
29001 2785
29107 2800
29214 2812
29320 2828
29426 2842
29533 2855
29639 2865
29745 2886
29852 2897
29958 2914
30065 2929
30172 2939
30278 2955
30385 2970
30491 2983
30597 2999
30704 3013
30810 3029
30916 3038
31024 3058
31130 3068
31237 3083
31343 3096
31449 3103
31556 3123
31662 3138
31768 3148
31875 3173
31981 3178
32089 3197
32195 3209
32302 3221
32408 3239
32514 3250
32621 3262
32727 3277
32833 3293
32940 3305
33047 3323
33154 3334
33260 3347
33367 3361
33473 3379
33579 3388
33686 3403
33792 3420
33898 3433
34006 3442
34112 3459
34219 3472
34325 3489
34431 3500
34538 3515
34644 3528
34750 3545
34857 3482
34963 3429
35070 3374
35177 3322
35283 3265
35390 3213
35496 3155
35602 3109
35709 3053
35815 2998
35921 2946
36029 2887
36135 2835
36242 2782
36348 2721
36454 2670
36561 2610
36667 2559
36773 2483
36880 2448
36987 2391
37094 2334
37200 2309
37306 2224
37413 2168
37519 2114
37625 2054
37732 2000
37838 1943
37944 1889
38052 1829
38159 1774
38265 1718
38371 1666
38477 1606
38584 1551
38690 1492
38796 1434
38903 1384
39010 1328
39117 1273
39223 1175
39330 1160
39436 1108
39542 1051
39649 990
39755 942
39861 889
39967 835
40075 751
40181 727
40288 676
40394 622
40501 574
40607 518
40713 468
40820 415
40926 368
41033 314
41140 321
41246 332
41353 350
41459 357
41565 373
41672 388
41778 399
41884 413
41992 424
42098 449
42205 453
42311 463
42417 480
42524 519
42630 508
42736 521
42843 534
42949 518
43057 560
43163 572
43269 590
43376 601
43482 617
43588 626
43695 643
43801 657
43907 669
44015 685
44122 701
44228 712
44334 728
44440 737
44547 761
44653 766
44759 782
44866 796
44972 812
45080 824
45186 837
45293 851
45399 840
45505 881
45612 894
45718 908
45824 914
45930 936
46038 950
46144 969
46251 979
46357 992
46464 1010
46570 1023
46676 1035
46783 1051
46889 1065
46996 1081
47103 1094
47209 1109
47316 1124
47422 1139
47528 1150
47635 1165
47741 1180
47847 1191
47954 1210
48061 1222
48168 1240
48274 1241
48380 1266
48487 1279
48593 1298
48699 1296
48806 1324
48912 1338
49020 1352
49126 1364
49232 1383
49339 1396
49445 1419
49551 1424
49658 1442
49764 1453
49870 1470
49977 1482
50084 1494
50191 1511
50297 1525
50403 1539
50510 1553
50616 1570
50722 1585
50829 1597
50935 1614
51043 1626
51149 1630
51256 1655
51362 1669
51468 1682
51575 1716
51681 1714
51787 1730
51893 1744
52001 1756
52107 1775
52214 1788
52320 1803
52427 1816
52533 1831
52639 1846
52746 1859
52852 1874
52958 1890
53066 1903
53172 1921
53279 1934
53385 1947
53491 1964
53598 1981
53704 1991
53810 2007
53917 2020
54024 2033
54131 2054
54237 2066
54343 2078
54450 2092
54556 2106
54662 2121
54769 2140
54875 2149
54981 2166
55089 2182
55195 2197
55302 2212
55408 2226
55515 2239
55621 2251
55727 2268
55834 2284
55940 2294
56048 2349
56154 2328
56260 2342
56367 2355
56473 2357
56579 2384
56686 2398
56792 2414
56898 2404
57006 2445
57113 2461
57219 2473
57325 2486
57431 2498
57538 2518
57644 2528
57750 2543
57857 2556
57963 2572
58071 2591
58177 2602
58284 2617
58390 2632
58496 2645
58603 2659
58709 2673
58815 2686
58921 2703
59029 2715
59135 2729
59242 2745
59348 2748
59455 2777
59561 2787
59667 2806
59774 2824
59880 2833
59987 2847
60094 2862
60200 2875
60307 2891
60413 2900
60519 2917
60626 2931
60732 2944
60838 2959
60945 2979
61052 2987
61159 3001
61265 3011
61371 3030
61478 3045
61584 3058
61690 3073
61797 3086
61903 3100
62011 3112
62117 3130
62223 3136
62330 3154
62436 3169
62542 3184
62649 3217
62755 3211
62861 3228
62968 3240
63075 3251
63182 3269
63288 3282
63394 3295
63501 3311
63607 3322
63713 3338
63820 3355
63926 3364
64034 3380
64140 3396
64247 3405
64353 3418
64459 3435
64566 3447
64672 3463
64778 3475
64884 3488
64992 3504
65098 3516
65205 3532
65311 3521
65418 3466
65524 3421
65630 3363
65737 3309
65843 3253
65949 3198
66057 3146
66163 3091
66270 3043
66376 2982
66482 2929
66589 2875
66695 2819
66801 2763
66908 2710
67015 2654
67122 2600
67228 2542
67334 2486
67441 2426
67547 2398
67653 2318
67760 2264
67866 2206
67972 2153
68080 2095
68186 2040
68293 1983
68399 1931
68505 1871
68612 1814
68718 1757
68824 1704
68931 1647
69038 1593
69145 1536
69251 1479
69357 1430
69464 1371
69570 1316
69676 1259
69783 1202
69889 1151
69997 1092
70103 1036
70210 983
70316 931
70422 881
70529 821
70635 767
70741 718
70847 648
70954 611
71061 556
71168 505
71274 452
71381 396
71487 351
71593 299
71700 320
71806 336
71912 349
72020 363
72126 376
72233 389
72339 408
72445 418
72552 429
72658 446
72764 452
72871 464
72977 485
73084 498
73191 510
73297 531
73403 538
73510 550
73616 567
73722 579
73829 589
73935 607
74042 619
74149 634
74255 649
74362 658
74468 676
74574 690
74681 703
74787 713
74893 724
75001 745
75107 760
75214 769
75320 786
75426 797
75533 816
75639 827
75745 845
75852 856
75958 869
76066 886
76172 899
76279 915
76385 928
76491 942
76597 931
76704 972
76810 984
76916 998
77024 1013
77131 1028
77237 1041
77343 1052
77450 1070
77556 1083
77662 1095
77769 1103
77875 1124
77981 1138
78089 1156
78195 1174
78302 1183
78408 1198
78514 1213
78621 1227
78727 1240
78833 1258
78940 1269
79047 1285
79153 1301
79260 1314
79366 1326
79473 1341
79579 1354
79685 1371
79792 1386
79898 1398
80005 1413
80112 1430
80218 1441
80325 1459
80431 1473
80537 1488
80644 1504
80750 1520
80856 1526
80963 1544
81070 1554
81177 1574
81283 1586
81389 1602
81496 1614
81602 1633
81708 1646
81815 1661
81921 1674
82029 1687
82135 1704
82242 1719
82348 1750
82454 1748
82560 1763
82667 1776
82773 1786
82879 1808
82987 1819
83094 1835
83200 1850
83306 1863
83413 1877
83519 1894
83625 1906
83732 1925
83838 1934
83944 1954
84052 1965
84158 1980
84265 1996
84371 2011
84477 2024
84584 2039
84690 2050
84796 2049
84903 2080
85010 2097
85116 2114
85223 2104
85329 2140
85436 2155
85542 2168
85648 2191
85755 2199
85861 2216
85967 2226
86075 2241
86181 2258
86288 2271
86394 2283
86500 2301
86607 2315
86713 2331
86819 2343
86926 2362
87033 2373
87140 2388
87246 2379
87352 2419
87459 2428
87565 2449
87671 2458
87778 2476
87884 2489
87992 2505
88098 2507
88205 2538
88311 2548
88417 2561
88523 2575
88630 2600
88736 2607
88842 2621
88949 2635
89056 2651
89163 2663
89269 2672
89376 2691
89482 2704
89588 2718
89695 2736
89801 2749
89907 2765
90015 2779
90121 2795
90228 2805
90334 2821
90440 2834
90547 2837
90653 2862
90759 2878
90866 2892
90972 2909
91079 2923
91186 2934
91292 2947
91399 2964
91505 2980
91611 2992
91718 3006
91824 3019
91930 3033
92038 3049
92144 3064
92251 3074
92357 3089
92463 3107
92570 3114
92676 3135
92782 3146
92889 3163
92996 3175
93103 3191
93209 3200
93315 3217
93422 3243
93528 3247
93634 3257
93741 3276
93847 3308
93953 3301
94061 3314
94168 3333
94274 3338
94380 3354
94486 3370
94593 3385
94699 3395
94805 3418
94912 3424
95019 3437
95126 3453
95232 3467
95339 3480
95445 3495
95551 3504
95658 3520
95764 3535
95870 3508
95976 3454
96084 3397
96190 3346
96297 3289
96403 3239
96510 3189
96616 3130
96722 3077
96829 3025
96935 2968
97042 2914
97149 2857
97255 2804
97362 2750
97468 2689
97574 2637
97681 2580
97787 2527
97893 2468
98001 2413
98107 2362
98214 2306
98320 2247
98426 2192
98533 2133
98639 2079
98745 2023
98852 1966
98958 1912
99066 1857
99172 1783
99278 1743
99385 1688
99491 1632
99597 1548
99704 1521
99810 1464
99916 1414
100024 1354
100131 1301
100237 1244
100343 1187
100449 1134
100556 1076
100662 1022
100768 972
100875 915
100981 859
101089 807
101195 755
101301 701
101408 647
101514 594
101620 540
101727 492
101833 434
101939 386
102047 351
102153 314
102260 324
102366 336
102472 396
102579 365
102685 379
102791 392
102898 406
103005 418
103111 431
103218 447
103324 458
103431 475
103537 487
103643 501
103750 516
103856 527
103962 541
104070 559
104176 570
104283 579
104389 593
104495 588
104602 622
104708 635
104814 650
104921 665
105028 678
105135 694
105241 703
105347 726
105454 733
105560 750
105666 761
105773 776
105879 788
105987 804
106093 812
106200 832
106306 846
106412 860
106518 870
106625 888
106731 902
106837 919
106944 931
107051 947
107158 959
107264 972
107371 982
107477 1003
107583 1016
107690 1032
107796 1048
107902 1062
108010 1071
108116 1088
108223 1103
108329 1116
108435 1128
108542 1147
108648 1161
108754 1177
108861 1185
108967 1206
109074 1211
109181 1231
109287 1244
109394 1259
109500 1271
109606 1290
109713 1300
109819 1315
109925 1330
110033 1345
110139 1359
110246 1355
110352 1384
110458 1406
110565 1417
110671 1427
110777 1446
110884 1461
110991 1477
111098 1490
111204 1504
111310 1521
111417 1535
111523 1551
111629 1564
111736 1575
111842 1592
111948 1607
112056 1620
112163 1635
112269 1649
112375 1667
112481 1678
112588 1695
112694 1710
112800 1725
112907 1737
113014 1754
113121 1747
113227 1780
113334 1794
113440 1814
113546 1852
113653 1838
113759 1854
113865 1869
113971 1875
114079 1898
114185 1911
114292 1931
114398 1941
114505 1958
114611 1968
114717 1984
114824 1997
114930 2015
115037 2026
115144 2047
115250 2057
115357 2076
115463 2084
115569 2104
115676 2119
115782 2130
115888 2144
115996 2187
116102 2175
116209 2191
116315 2203
116421 2224
116528 2234
116634 2249
116740 2261
116847 2304
116953 2290
117061 2304
117167 2324
117273 2336
117380 2349
117486 2364
117592 2373
117699 2393
117805 2406
117911 2421
118019 2435
118126 2452
118232 2465
118338 2479
118444 2492
118551 2507
118657 2524
118763 2535
118870 2623
118976 2565
119084 2577
119190 2594
119297 2581
119403 2624
119509 2635
119616 2653
119722 2668
119828 2681
119934 2695
120042 2706
120148 2727
120255 2739
120361 2751
120468 2768
120574 2782
120680 2796
120787 2810
120893 2825
121000 2839
121107 2853
121213 2866
121320 2891
121426 2894
121532 2913
121639 2922
121745 2941
121851 2953
121958 2966
122065 2981
122172 2993
122278 3009
122384 3025
122491 3035
122597 3050
122703 3061
122810 3082
122916 3092
123024 3108
123130 3121
123236 3137
123343 3153
123449 3169
123555 3179
123662 3194
123768 3202
123874 3220
123981 3232
124088 3246
124195 3214
124301 3273
124407 3282
124514 3300
124620 3314
124726 3330
124832 3340
124939 3357
125046 3375
125153 3384
125259 3398
125366 3411
125472 3422
125578 3439
125685 3452
125791 3469
125897 3480
126005 3495
126111 3511
126218 3518
126324 3533
126430 3492
126537 3437
126643 3388
126749 3331
126856 3278
126962 3225
127069 3245
127176 3117
127282 3065
127389 3006
127495 2947
127601 2899
127708 2845
127814 2790
127920 2710
128028 2680
128134 2623
128241 2566
128347 2510
128453 2454
128560 2403
128666 2344
128772 2288
128879 2233
128986 2177
129093 2122
129199 2065
129305 2011
129412 1950
129518 1890
129624 1843
129731 1788
129837 1727
129943 1673
130051 1616
130157 1561
130264 1506
130370 1467
130477 1394
130583 1339
130689 1285
130795 1215
130902 1174
131009 1119
131116 1064
131222 1007
131329 957
131435 898
131541 849
131648 793
131754 740
131860 684
131967 637
132074 580
132181 529
132287 473
132393 426
132500 374
132606 323
132712 315
132819 330
132925 341
133032 354
133139 372
133245 377
133352 395
133458 413
133564 424
133671 429
133777 450
133883 466
133991 477
134097 492
134204 502
134310 522
134416 524
134523 543
134629 558
134735 575
134842 583
134948 599
135056 611
135162 628
135268 637
135375 658
135481 666
135587 683
135694 695
135800 713
135906 723
136014 737
136120 753
136227 768
136333 779
136440 796
136546 793
136652 824
136758 836
136865 852
136971 866
137079 878
137185 889
137292 904
137398 919
137504 931
137611 949
137717 965
137823 975
137930 992
138037 1006
138144 1022
138250 1029
138356 1048
138463 1059
138569 1156
138675 1085
138782 1099
138888 1117
138995 1119
139102 1152
139208 1163
139315 1176
139421 1187
139527 1210
139634 1220
139740 1234
139846 1250
139953 1263
140060 1279
140166 1296
140273 1307
140379 1322
140486 1340
140592 1349
140698 1366
140805 1378
140911 1395
141019 1410
141125 1421
141231 1437
141338 1452
141444 1466
141550 1480
141657 1493
141763 1514
141869 1510
141976 1538
142083 1552
142190 1567
142296 1580
142403 1596
142509 1609
142615 1627
142721 1636
142828 1655
142934 1666
143042 1689
143148 1696
143255 1715
143361 1723
143467 1737
143574 1753
143680 1775
143786 1785
143893 1802
144000 1813
144107 1828
144213 1842
144319 1842
144426 1870
144532 1888
144638 1902
144745 1916
144851 1926
144957 1945
145065 1960
145171 1975
145278 1988
145384 2003
145490 2018
145597 2034
145703 2041
145809 2062
145916 2077
146023 2090
146129 2106
146236 2120
146342 2138
146449 2149
146555 2162
146661 2178
146768 2191
146874 2207
146980 2224
147088 2232
147194 2257
147301 2257
147407 2279
147513 2292
147620 2311
147726 2321
147832 2340
147938 2352
148046 2366
148152 2381
148259 2398
148365 2411
148472 2429
148578 2440
148684 2459
148791 2468
148897 2486
149004 2497
149111 2516
149217 2525
149324 2543
149430 2554
149536 2569
149643 2583
149749 2598
149855 2612
149962 2628
150069 2668
150176 2659
150282 2669
150388 2687
150495 2706
150601 2714
150707 2725
150814 2740
150920 2760
151028 2772
151134 2785
151240 2801
151347 2812
151453 2831
151559 2841
151666 2853
151772 2871
151878 2885
151986 2903
152093 2913
152199 2927
152305 2941
152411 2954
152518 2967
152624 2983
152730 3001
152837 3011
152943 3029
153051 3043
153157 3058
153264 3071
153370 3086
153476 3096
153583 3115
153689 3127
153795 3157
153901 3156
154009 3167
154115 3183
154222 3196
154328 3210
154435 3226
154541 3239
154647 3254
154754 3266
154860 3280
154966 3295
155074 3310
155180 3324
155287 3336
155393 3350
155499 3365
155606 3380
155712 3390
155818 3395
155925 3422
156032 3434
156139 3450
156245 3451
156351 3474
156458 3489
156564 3504
156670 3515
156777 3531
156883 3531
156991 3479
157097 3426
157203 3371
157310 3318
157416 3261
157522 3209
157629 3156
157735 3102
157841 3045
157948 2992
158055 2937
158162 2882
158268 2841
158374 2769
158481 2716
158587 2661
158693 2603
158800 2550
158906 2498
159014 2442
159120 2384
159227 2326
159333 2275
159439 2215
159546 2160
159652 2107
159758 2050
159864 1991
159971 1938
160078 1881
160185 1826
160291 1769
160398 1712
160504 1655
160610 1604
160717 1546
160823 1490
160929 1435
161037 1378
161143 1347
161250 1266
161356 1212
161462 1161
161569 1118
161675 1050
161781 991
161888 940
161995 881
162102 831
162208 774
162314 726
162421 668
162527 618
162633 564
162740 514
162846 459
162952 410
163060 359
163166 310
163273 319
163379 333
163485 344
163592 361
163698 372
163804 389
163911 398
164018 391
164125 429
164231 443
164337 451
164444 463
164550 477
164656 494
164763 509
164869 494
164975 534
165083 547
165189 561
165296 576
165402 587
165509 602
165615 615
165721 632
165827 643
165934 658
166041 673
166148 687
166254 699
166361 715
166467 727
166573 742
166680 755
166786 774
166892 781
167000 797
167106 813
167213 828
167319 835
167425 855
167532 867
167638 884
167744 894
167851 909
167957 925
168064 940
168171 952
168277 968
168384 981
168490 1000
168596 1009
168703 1025
168809 1038
168915 1053
169023 1071
169129 1082
169236 1097
169342 1109
169448 1148
169555 1140
169661 1151
169767 1168
169874 1181
169980 1194
170088 1211
170194 1226
170300 1237
170407 1256
170513 1267
170620 1283
170726 1294
170832 1309
170939 1323
171046 1339
171153 1355
171259 1369
171365 1382
171472 1397
171578 1410
171684 1425
171791 1437
171897 1456
172005 1470
172111 1484
172218 1490
172324 1514
172430 1526
172537 1542
172643 1550
172749 1576
172855 1585
172962 1600
173069 1614
173176 1628
173282 1642
173389 1661
173495 1673
173601 1684
173708 1704
173814 1719
173920 1729
174028 1747
174134 1759
174241 1770
174347 1789
174453 1805
174560 1818
174666 1834
174772 1846
174879 1864
174986 1876
175093 1912
175199 1903
175305 1918
175412 1936
175518 1963
175624 1964
175731 1981
175837 1989
175943 1997
176051 2020
176157 2037
176264 2050
176370 2065
176476 2079
176583 2097
176689 2107
176795 2125
176902 2135
177009 2152
177116 2168
177222 2184
177328 2196
177435 2211
177541 2228
177647 2244
177754 2255
177860 2269
177966 2284
178074 2300
178180 2311
178287 2328
178393 2351
178500 2353
178606 2372
178712 2386
178818 2403
178925 2414
179032 2428
179139 2446
179245 2458
179352 2473
179458 2487
179564 2504
179671 2513
179777 2536
179883 2544
179991 2562
180097 2575
180204 2592
180310 2601
180416 2621
180523 2631
180629 2647
180735 2657
180842 2680
180948 2690
181055 2704
181162 2717
181268 2722
181375 2743
181481 2763
181587 2773
181694 2787
181800 2803
181906 2820
182014 2832
182120 2846
182227 2860
182333 2875
182439 2888
182546 2904
182652 2915
182758 2932
182865 2948
182971 2958
183079 2977
183185 2987
183291 3001
183398 3017
183504 3029
183610 3046
183717 3057
183823 3074
183929 3087
184037 3098
184143 3122
184250 3131
184356 3142
184463 3158
184569 3137
184675 3185
184781 3198
184888 3213
184995 3229
185102 3243
185208 3254
185315 3275
185421 3284
185527 3299
185634 3310
185740 3325
185846 3339
185953 3355
186060 3367
186167 3381
186273 3394
186379 3412
186486 3422
186592 3414
186698 3448
186805 3467
186911 3480
187018 3493
187125 3505
187231 3523
187338 3532
187444 3517
187550 3462
187657 3410
187763 3360
187869 3304
187976 3249
188083 3196
188189 3142
188296 3087
188402 3029
188509 2977
188615 2924
188721 2870
188828 2815
188934 2760
189042 2659
189148 2645
189254 2592
189361 2538
189467 2492
189573 2419
189680 2368
189786 2316
189892 2223
190000 2201
190106 2145
190213 2092
190319 2035
190426 1980
190532 1923
190638 1867
190744 1810
190851 1755
190957 1695
191065 1636
191171 1587
191278 1530
191384 1474
191490 1426
191597 1360
191703 1309
191809 1251
191916 1198
192023 1144
192130 1089
192236 1027
192342 967
192449 924
192555 871
192661 814
192768 772
192874 711
192980 656
193088 607
193194 551
193301 502
193407 446
193514 397
193620 346
193726 308
193833 326
193939 336
194046 349
194153 364
194259 375
194366 390
194472 406
194578 417
194685 433
194791 446
194897 457
195005 472
195111 487
195218 504
195324 511
195430 527
195537 538
195643 578
195749 568
195856 581
195962 596
196070 609
196176 620
196282 636
196389 652
196495 662
196601 677
196708 692
196814 710
196920 717
197028 734
197134 747
197241 763
197347 774
197454 791
197560 802
197666 815
197772 827
197879 844
197986 856
198093 881
198199 888
198306 900
198412 911
198518 960
198625 938
198731 957
198837 971
198944 985
199051 999
199158 1015
199264 1027
199370 1043
199477 1055
199583 1070
199689 1088
199796 1100
199902 1113
200009 1124
200116 1145
200222 1160
200329 1170
200435 1185
200541 1205
200648 1218
200754 1225
200860 1241
200967 1259
201074 1270
201180 1288
201287 1302
201393 1311
201500 1334
201606 1340
201712 1356
201819 1371
201925 1387
202033 1401
202139 1418
202245 1427
202352 1443
202458 1459
202564 1474
202671 1484
202777 1503
202883 1515
202991 1533
203097 1545
203204 1559
203310 1575
203417 1587
203523 1605
203629 1615
203735 1635
203842 1662
203948 1659
204056 1675
204162 1690
204269 1706
204375 1717
204481 1733
204588 1743
204694 1765
204800 1781
204907 1794
205014 1802
205121 1823
205227 1836
205333 1852
205440 1867
205546 1881
205652 1892
205759 1906
205865 1927
205971 1944
206079 1953
206185 1969
206292 1978
206398 1995
206504 2012
206611 2026
206717 2039
206823 2057
206930 2067
207037 2083
207143 2100
207250 2113
207356 2126
207463 2146
207569 2158
207675 2170
207782 2188
207888 2201
207996 2218
208102 2232
208208 2242
208315 2261
208421 2271
208527 2291
208634 2301
208740 2316
208846 2330
208953 2347
209060 2365
209167 2396
209273 2386
209380 2405
209486 2417
209592 2442
209698 2446
209805 2463
209911 2478
210019 2489
210125 2506
210232 2522
210338 2536
210444 2550
210551 2563
210657 2578
210763 2590
210870 2607
210976 2619
211083 2633
211190 2646
211296 2663
211403 2676
211509 2690
211615 2707
211722 2723
211828 2735
211934 2748
212042 2774
212148 2780
212255 2794
212361 2807
212467 2810
212574 2834
212680 2850
212786 2863
212893 2865
213000 2891
213106 2907
213213 2923
213319 2937
213426 2951
213532 2964
213638 2978
213745 2995
213851 3008
213957 3018
214065 3032
214171 3048
214278 3065
214384 3077
214490 3097
214597 3104
214703 3119
214809 3133
214916 3156
215023 3161
215130 3178
215236 3190
215343 3192
215449 3218
215555 3237
215661 3244
215768 3260
215874 3274
215980 3285
216088 3296
216194 3318
216301 3330
216407 3344
216513 3358
216620 3372
216726 3383
216832 3398
216939 3414
217046 3427
217152 3440
217259 3457
217365 3440
217472 3483
217578 3494
217684 3507
217791 3521
217897 3537
218004 3501
218111 3450
218217 3406
218324 3342
218430 3286
218536 3235
218643 3178
218749 3129
218855 3073
218962 3017
219069 2961
219176 2909
219282 2855
219388 2802
219495 2743
219601 2688
219707 2632
219814 2579
219920 2521
220028 2465
220134 2411
220241 2353
220347 2299
220453 2243
220559 2185
220666 2143
220772 2075
220878 2018
220986 1964
221093 1909
221199 1847
221305 1793
221412 1736
221518 1680
221624 1626
221731 1574
221837 1511
221943 1463
222051 1402
222157 1348
222264 1290
222370 1237
222476 1180
222583 1128
222689 1074
222795 1018
222902 962
223009 907
223115 846
223222 801
223328 744
223435 694
223541 618
223647 588
223754 536
223860 486
223966 421
224074 385
224180 331
224287 314
224393 326
224499 339
224606 353
224712 369
224818 381
224925 397
225032 406
225139 425
225245 434
225351 446
225458 461
225564 478
225670 487
225777 504
225883 513
225991 537
226097 542
226204 557
226310 570
226416 579
226522 596
226629 613
226735 621
226841 637
226948 652
227055 667
227162 679
227268 695
227375 707
227481 722
227587 733
227694 752
227800 764
227906 783
228014 792
228120 806
228227 819
228333 831
228439 849
228546 862
228652 873
228758 892
228865 903
228971 922
229078 927
229185 947
229291 960
229398 975
229504 989
229610 1006
229717 1014
229823 1031
229929 1042
230037 1058
230143 1074
230250 1091
230356 1103
230462 1121
230569 1129
230675 1147
230781 1156
230888 1174
230995 1190
231102 1205
231208 1217
231314 1230
231421 1244
231527 1261
231633 1273
231740 1286
231846 1304
231952 1319
232060 1335
232167 1342
232273 1359
232379 1374
232485 1388
232592 1398
232698 1418
232804 1435
232911 1445
233018 1465
233125 1478
233231 1490
233338 1505
233444 1520
233550 1534
233657 1551
233763 1556
233869 1578
233975 1593
234083 1608
234189 1622
234296 1637
234402 1649
234509 1668
234615 1672
234721 1694
234828 1711
234934 1727
235041 1763
235148 1754
235254 1768
235361 1782
235467 1796
235573 1816
235680 1823
235786 1842
235892 1855
236000 1868
236106 1885
236213 1901
236319 1910
236425 1928
236532 1942
236638 1957
236744 1970
236851 1990
236957 2001
237065 1956
237171 2030
237277 2046
237384 2056
237490 2072
237596 2087
237703 2102
237809 2117
237915 2134
238023 2142
238130 2163
238236 2174
238342 2188
238448 2204
238555 2219
238661 2231
238767 2248
238874 2263
238980 2277
239088 2296
239194 2307
239301 2318
239407 2334
239513 2350
239620 2361
239726 2379
239832 2394
239939 2407
240046 2422
240153 2437
240259 2451
240366 2452
240472 2482
240578 2496
240685 2511
240791 2520
240897 2539
241005 2554
241111 2569
241218 2582
241324 2599
241430 2610
241537 2625
241643 2636
241749 2653
241856 2667
241962 2686
242069 2695
242176 2712
242282 2725
242389 2741
242495 2755
242601 2769
242708 2783
242814 2797
242920 2812
243028 2827
243134 2840
243241 2860
243347 2868
243453 2883
243560 2897
243666 2922
243772 2924
243879 2937
243986 2951
244093 2966
244199 2980
244305 2998
244412 3014
244518 3027
244624 3039
244731 3051
244837 3068
244943 3084
245051 3095
245158 3110
245264 3124
245370 3143
245476 3149
245583 3165
245689 3220
245795 3195
245902 3207
246009 3222
246116 3236
246222 3252
246329 3263
246435 3275
246541 3297
246648 3307
246754 3318
246860 3335
246966 3344
247074 3359
247180 3377
247287 3389
247393 3402
247500 3417
247606 3428
247712 3441
247819 3458
247925 3474
248032 3486
248139 3548
248245 3515
248352 3526
248458 3542
248564 3505
248671 3430
248777 3381
248883 3326
248991 3257
249097 3220
249204 3166
249310 3111
249416 3056
249523 3003
249629 2950
249735 2891
249842 2837
249948 2782
250056 2726
250162 2673
250268 2615
250375 2559
250481 2508
250587 2450
250694 2394
250800 2337
250906 2286
251014 2219
251121 2170
251227 2112
251333 2058
251439 2026
251546 1948
251652 1887
251758 1834
251865 1778
251971 1725
252079 1666
252185 1612
252292 1553
252398 1503
252504 1443
252611 1390
252717 1334
252823 1280
252929 1221
253037 1168
253143 1112
253250 1059
253356 1001
253463 949
253569 893
253675 845
253782 784
253888 726
253995 676
254102 617
254208 569
254315 483
254421 469
254527 421
254634 366
254740 317
254846 314
254953 332
255060 344
255167 357
255273 371
255379 386
255486 392
255592 413
255698 424
255805 442
255911 460
256019 464
256125 479
256231 494
256338 503
256444 522
256550 532
256657 549
256763 561
256869 577
256976 584
257083 599
257190 597
257296 631
257402 641
257509 659
257615 677
257721 685
257828 695
257934 708
258042 726
258148 738
258255 750
258361 766
258467 780
258574 795
258680 808
258786 817
258892 838
259000 852
259106 863
259213 880
259319 891
259426 907
259532 921
259638 936
259745 951
259851 966
259957 979
260065 984
260171 1009
260278 1022
260384 1036
260490 1041
260597 1065
260703 1080
260809 1092
260916 1122
261023 1120
261130 1134
261236 1144
261342 1163
261449 1177
261555 1194
261661 1208
261768 1223
261874 1236
261980 1249
262088 1263
262195 1279
262301 1295
262407 1306
262514 1314
262620 1339
262726 1351
262833 1362
262939 1379
263047 1397
263153 1411
263260 1424
263366 1434
263472 1453
263578 1467
263685 1479
263791 1497
263897 1510
264005 1525
264112 1540
264218 1550
264324 1568
264431 1578
264537 1593
264643 1611
264750 1627
264856 1637
264962 1656
265070 1670
265176 1685
265283 1697
265389 1695
265495 1725
265602 1743
265708 1755
265814 1758
265921 1784
266028 1802
266134 1815
266241 1829
266347 1846
266454 1861
266560 1875
266666 1889
266773 1902
266879 1918
266986 1932
267093 1943
267199 1962
267306 1976
267412 1988
267518 2008
267625 2016
267731 2035
267837 2049
267944 2063
268051 2080
268158 2093
268264 2120
268370 2123
268477 2136
268583 2151
268689 2158
268796 2182
268902 2193
269010 2211
269116 2224
269223 2238
269329 2251
269435 2267
269541 2282
269648 2298
269754 2312
269860 2323
269967 2338
270074 2351
270181 2369
270287 2381
270394 2396
270500 2412
270606 2427
270713 2445
270819 2453
270925 2472
271033 2484
271139 2507
271246 2512
271352 2525
271458 2541
271565 2563
271671 2566
271777 2584
271884 2600
271991 2616
272097 2631
272204 2645
272310 2659
272417 2673
272523 2685
272629 2701
272736 2715
272842 2726
272948 2743
273056 2756
273162 2776
273269 2791
273375 2802
273481 2817
273588 2830
273694 2846
273800 2861
273907 2874
274014 2891
274121 2902
274227 2915
274333 2929
274440 2915
274546 2960
274652 2970
274759 2991
274865 2998
274971 3017
275079 3030
275186 3044
275292 3056
275398 3070
275504 3086
275611 3099
275717 3114
275823 3128
275930 3139
276037 3154
276144 3168
276250 3186
276357 3197
276463 3212
276569 3226
276676 3240
276782 3254
276888 3269
276996 3280
277102 3297
277209 3307
277315 3319
277421 3336
277528 3349
277634 3360
277740 3377
277847 3388
277953 3406
278060 3421
278167 3434
278273 3446
278380 3454
278486 3471
278592 3489
278699 3499
278805 3518
278911 3527
279019 3526
279125 3475
279232 3421
279338 3371
279444 3311
279551 3257
279657 3206
279763 3165
279870 3101
279976 3042
280084 2989
280190 2932
280296 2880
280403 2824
280509 2769
280615 2713
280722 2660
280828 2602
280934 2536
281042 2490
281149 2435
281255 2380
281361 2324
281467 2269
281574 2211
281680 2155
281786 2104
281893 2043
282000 1985
282107 1930
282213 1899
282320 1817
282426 1764
282532 1708
282639 1658
282745 1594
282851 1544
282957 1483
283065 1431
283171 1372
283278 1322
283384 1261
283491 1209
283597 1153
283703 1096
283810 1043
283916 989
284023 932
284130 880
284236 826
284343 773
284449 720
284555 666
284662 609
284768 558
284874 510
284981 455
285088 383
285194 358
285301 302
285407 321
285513 327
285620 347
285726 359
285832 373
285939 392
286046 400
286152 418
286259 432
286365 444
286472 455
286578 469
286684 484
286791 497
286897 510
287005 525
287111 530
287217 547
287324 566
287430 577
287536 592
287643 601
287749 622
287855 632
287962 642
288069 664
288176 676
288282 688
288389 693
288495 716
288601 730
288707 744
288814 755
288920 772
289028 789
289134 803
289241 813
289347 827
289453 839
289560 851
289666 872
289772 884
289879 896
289986 913
290093 928
290199 936
290305 954
290412 966
290518 984
290624 996
290731 1013
290837 1026
290943 1043
291051 1053
291157 1069
291264 1081
291370 1099
291476 1112
291583 1124
291689 1201
291795 1153
291902 1168
292009 1182
292115 1195
292222 1214
292328 1226
292435 1241
292541 1254
292647 1271
292754 1281
292860 1298
292966 1311
293074 1328
293180 1338
293287 1357
293393 1371
293499 1387
293606 1400
293712 1414
293818 1425
293925 1441
294032 1455
294139 1486
294245 1484
294352 1500
294458 1514
294564 1534
294670 1544
294777 1558
294883 1567
294991 1586
295097 1600
295204 1616
295310 1630
295416 1644
295523 1661
295629 1673
295735 1686
295842 1704
295948 1720
296055 1730
296162 1748
296268 1762
296375 1772
296481 1793
296587 1806
296694 1823
296800 1831
296906 1848
297014 1862
297120 1879
297227 1893
297333 1908
297439 1923
297546 1939
297652 1949
297758 1967
297865 1979
297971 1996
298078 2008
298185 2026
298291 2037
298398 2052
298504 2064
298610 2083
298717 2096
298823 2109
298929 2126
299037 2153
299143 2151
299250 2174
299356 2185
299462 2171
299569 2213
299675 2229
299781 2242
299888 2228
299995 2271
300102 2288
300208 2296
300315 2316
300421 2329
300527 2342
300633 2357
300740 2375
300846 2386
300952 2404
301060 2414
301167 2430
301273 2445
301379 2461
301486 2473
301592 2491
301698 2501
301805 2520
301911 2529
302018 2545
302125 2558
302231 2573
302338 2578
302444 2602
302550 2616
302657 2634
302763 2650
302869 2662
302976 2675
303083 2690
303189 2705
303296 2720
303402 2733
303509 2748
303615 2761
303721 2778
303828 2790
303934 2814
304041 2821
304148 2834
304254 2848
304361 2864
304467 2878
304573 2892
304680 2902
304786 2920
304892 2933
305000 2948
305106 2962
305213 2968
305319 2985
305425 3007
305532 3017
305638 3036
305744 3043
305851 3061
305957 3077
306065 3088
306171 3104
306278 3119
306384 3131
306490 3146
306596 3161
306703 3172
306809 3192
306915 3198
307023 3219
307130 3232
307236 3243
307342 3258
307449 3269
307555 3284
307661 3298
307768 3314
307874 3324
307980 3343
308088 3373
308194 3365
308300 3383
308407 3397
308513 3412
308619 3425
308726 3436
308832 3451
308938 3448
309046 3478
309152 3493
309259 3505
309365 3521
309471 3531
309578 3513
309684 3456
309790 3406
309897 3350
310004 3298
310111 3243
310217 3192
310323 3134
310430 3082
310536 3027
310642 2972
310749 2918
310855 2865
310961 2813
311069 2752
311175 2696
311282 2644
311388 2591
311495 2533
311601 2475
311707 2424
311813 2366
311920 2309
312027 2251
312134 2198
312240 2142
312347 2083
312453 2028
312559 1973
312666 1917
312772 1863
312878 1803
312986 1748
313092 1693
313199 1638
313305 1582
313411 1540
313518 1466
313624 1416
313730 1357
313837 1306
313943 1244
314050 1192
314157 1138
314263 1079
314370 1024
314476 974
314582 919
314689 867
314795 809
314901 756
315009 706
315115 650
315222 597
315328 547
315434 498
315541 444
315647 391
315753 343
315860 307
315966 328
316074 339
316180 351
316286 370
316393 379
316499 393
316605 408
316712 421
316818 433
316924 443
317032 459
317138 474
317245 489
317351 501
317458 513
317564 525
317670 545
317776 554
317883 568
317990 578
318097 595
318203 607
318310 622
318416 633
318522 652
318629 663
318735 679
318841 691
318948 705
319055 719
319162 761
319268 746
319374 763
319481 772
319587 764
319693 803
319800 818
319906 833
320013 842
320120 857
320226 874
320333 885
320439 901
320545 917
320652 931
320758 937
320864 958
320971 970
321078 986
321184 1002
321291 1013
321397 1028
321504 1047
321610 1056
321716 1071
321823 1083
321929 1100
322037 1132
322143 1126
322249 1145
322356 1160
322462 1168
322568 1190
322675 1200
322781 1214
322887 1228
322995 1246
323101 1260
323208 1268
323314 1287
323421 1301
323527 1311
323633 1337
323739 1346
323846 1363
323952 1372
324060 1388
324166 1401
324273 1414
324379 1425
324485 1442
324592 1457
324698 1471
324804 1484
324911 1499
325018 1518
325125 1531
325231 1543
325337 1565
325444 1573
325550 1590
325656 1601
325763 1590
325869 1628
325975 1645
326083 1658
326189 1675
326296 1687
326402 1707
326508 1722
326615 1737
326721 1750
326827 1765
326934 1778
327041 1795
327147 1808
327254 1827
327360 1834
327467 1855
327573 1867
327679 1884
327786 1851
327892 1913
328000 1931
328106 1942
328212 1949
328319 1970
328425 1982
328531 1999
328638 2011
328744 2031
328850 2042
328957 2057
329064 2072
329171 2086
329277 2099
329384 2116
329490 2125
329596 2141
329702 2156
329809 2176
329915 2190
330023 2202
330129 2218
330236 2213
330342 2244
330448 2261
330555 2272
330661 2296
330767 2305
330874 2320
330980 2333
331087 2361
331194 2360
331300 2378
331406 2389
331513 2407
331619 2418
331725 2439
331832 2447
331938 2463
332045 2475
332152 2494
332258 2501
332365 2520
332471 2534
332577 2553
332684 2566
332790 2581
332896 2592
333004 2606
333110 2619
333217 2638
333323 2651
333429 2667
333536 2679
333642 2695
333748 2708
333855 2723
333961 2720
334069 2751
334175 2767
334282 2778
334388 2792
334494 2813
334600 2825
334707 2840
334813 2852
334919 2863
335027 2880
335134 2899
335240 2905
335346 2923
335453 2934
335559 2951
335665 2964
335772 2981
335878 2994
335985 2958
336092 3022
336198 3037
336305 3048
336411 3055
336517 3077
336624 3094
336730 3106
336836 3120
336943 3137
337050 3150
337156 3165
337263 3176
337369 3190
337476 3207
337582 3221
337688 3233
337795 3246
337901 3265
338008 3275
338115 3289
338221 3299
338328 3319
338434 3331
338540 3344
338647 3355
338753 3373
338859 3384
338966 3397
339073 3413
339180 3427
339286 3466
339392 3456
339499 3468
339605 3483
339711 3497
339818 3510
339924 3524
340032 3538
340138 3496
340245 3445
340351 3388
340457 3336
340563 3282
340670 3231
340776 3175
340882 3120
340990 3069
341097 3015
341203 2956
341309 2906
341416 2847
341522 2793
341628 2740
341735 2684
341841 2624
341947 2573
342055 2516
342161 2456
342268 2404
342374 2352
342480 2293
342587 2240
342693 2177
342799 2128
342906 2070
343013 2013
343119 1958
343226 1902
343332 1845
343439 1792
343545 1731
343651 1677
343758 1620
343864 1567
343970 1512
344078 1453
344184 1396
344291 1345
344397 1286
344503 1233
344610 1175
344716 1123
344822 1068
344929 1013
345036 958
345143 906
345249 851
345355 796
345462 766
345568 690
345674 635
345781 588
345887 533
345995 479
346101 428
346208 385
346314 326
346420 321
346526 331
346633 344
346739 354
346845 366
346952 377
347059 391
347166 405
347272 420
347379 433
347485 385
347591 464
347698 471
347804 490
347910 496
348018 518
348124 534
348231 545
348337 560
348443 570
348550 582
348656 600
348762 611
348869 626
348975 640
349082 651
349189 668
349295 683
349402 693
349508 705
349614 721
349721 735
349827 751
349933 767
350041 776
350147 791
350254 806
350360 821
350466 832
350573 847
350679 863
350785 896
350892 889
350999 902
351106 918
351212 931
351318 948
351425 960
351531 976
351637 991
351744 1006
351850 1017
351956 1035
352064 1048
352171 1059
352277 1077
352383 1089
352489 1103
352596 1120
352702 1132
352808 1152
352915 1161
353022 1178
353129 1189
353235 1235
353342 1216
353448 1235
353554 1249
353661 1250
353767 1276
353873 1292
353979 1303
354086 1309
354192 1332
354298 1350
354405 1362
354511 1373
354617 1391
354724 1408
354830 1419
354936 1436
355044 1446
355151 1466
355257 1472
355363 1495
355469 1506
355576 1524
355682 1534
355788 1554
355895 1566
356002 1578
356109 1595
356215 1614
356322 1625
356428 1638
356534 1654
356641 1670
356747 1678
356853 1697
356959 1720
357067 1726
357173 1744
357280 1758
357386 1751
357493 1784
357599 1797
357705 1815
357812 1823
357918 1842
358025 1856
358132 1869
358238 1884
358345 1901
358451 1914
358557 1926
358664 1945
358770 1958
358876 1972
358984 1992
359090 2001
359197 2018
359303 2031
359409 2040
359516 2061
359622 2077
359728 2089
359835 2131
359941 2119
360049 2136
360155 2149
360262 2166
360368 2176
360474 2192
360580 2206
360687 2224
360793 2237
360899 2249
361007 2265
361114 2280
361220 2293
361326 2310
361433 2322
361539 2336
361645 2349
361752 2367
361858 2381
361964 2392
362072 2408
362178 2424
362285 2423
362391 2452
362497 2464
362604 2480
362710 2496
362816 2510
362923 2523
363030 2540
363136 2553
363243 2571
363349 2582
363456 2598
363562 2611
363668 2626
363775 2639
363881 2655
363988 2670
364095 2683
364201 2696
364308 2713
364414 2726
364520 2740
364627 2753
364733 2769
364839 2783
364946 2799
365053 2813
365160 2849
365266 2841
365372 2857
365479 2868
365585 2885
365691 2899
365798 2916
365904 2926
366012 2940
366118 2954
366225 2974
366331 2985
366437 2998
366543 3012
366650 3028
366756 3039
366862 3052
366969 3068
367076 3081
367183 3097
367289 3111
367396 3124
367502 3139
367608 3153
367715 3169
367821 3183
367927 3194
368035 3219
368141 3225
368248 3235
368354 3252
368460 3271
368567 3280
368673 3296
368779 3308
368886 3343
368993 3334
369099 3347
369206 3362
369312 3375
369419 3391
369525 3403
369631 3418
369738 3434
369844 3445
369950 3459
370058 3471
370164 3489
370271 3500
370377 3511
370483 3531
370590 3540
370696 3483
370802 3428
370909 3376
371016 3321
371123 3269
371229 3214
371335 3149
371442 3105
371548 3050
371654 2998
371761 2960
371867 2889
371973 2834
372081 2778
372188 2724
372294 2667
372400 2614
372506 2555
372613 2500
372719 2444
372825 2391
372932 2335
373039 2278
373146 2224
373252 2169
373359 2164
373465 2053
373571 1997
373678 1941
373784 1903
373890 1830
373998 1773
374104 1720
374211 1617
374317 1606
374423 1550
374530 1497
374636 1438
374742 1384
374849 1332
374955 1277
375062 1216
375169 1165
375275 1106
375382 1058
375488 1001
375594 947
375701 889
375807 838
375913 782
376021 727
376127 676
376234 620
376340 570
376446 518
376553 464
376659 391
376765 364
376872 314
376978 315
377086 365
377192 347
377298 356
377404 372
377511 385
377617 394
377723 413
377830 424
377936 438
378044 452
378150 464
378257 478
378363 494
378469 508
378576 523
378682 533
378788 548
378894 560
379002 576
379108 641
379215 602
379321 617
379428 629
379534 618
379640 657
379747 671
379853 686
379959 688
380067 713
380173 725
380280 744
380386 754
380492 768
380599 779
380705 797
380811 809
380918 825
381025 836
381132 855
381238 864
381344 881
381451 896
381557 908
381663 923
381770 935
381876 952
381984 970
382091 978
382197 994
382304 1012
382410 1018
382516 1034
382623 1051
382729 1063
382835 1095
382941 1090
383049 1107
383155 1123
383262 1135
383368 1153
383475 1166
383581 1180
383687 1194
383794 1208
383900 1223
384007 1236
384114 1251
384220 1263
384327 1279
384433 1294
384539 1309
384646 1320
384752 1339
384858 1355
384965 1367
385072 1380
385179 1397
385285 1393
385391 1424
385498 1439
385604 1453
385710 1465
385817 1482
385923 1497
386031 1509
386137 1526
386243 1542
386350 1558
386456 1571
386562 1583
386669 1599
386775 1613
386881 1629
386989 1644
387096 1655
387202 1669
387308 1731
387414 1697
387521 1717
387627 1730
387733 1746
387840 1757
387946 1777
388054 1791
388160 1801
388267 1819
388373 1830
388479 1845
388586 1859
388692 1876
388798 1892
388904 1902
389012 1921
389118 1934
389225 1948
389331 1961
389438 1979
389544 1991
389650 2008
389757 2022
389863 2037
389969 2050
390077 2065
390183 2066
390290 2093
390396 2107
390502 2126
390609 2136
390715 2152
390821 2166
390928 2181
391035 2196
391142 2210
391248 2222
391354 2241
391461 2253
391567 2269
391673 2282
391780 2297
391886 2313
391994 2326
392100 2341
392206 2355
392313 2367
392419 2383
392525 2396
392632 2411
392738 2425
392844 2444
392951 2455
393058 2470
393165 2487
393271 2502
393377 2515
393484 2545
393590 2541
393696 2557
393803 2572
393909 2593
394017 2601
394123 2616
394230 2627
394336 2641
394442 2656
394549 2676
394655 2685
394761 2700
394867 2714
394974 2730
395081 2746
395188 2762
395294 2773
395401 2788
395507 2802
395613 2819
395720 2828
395826 2845
395932 2860
396040 2876
396146 2890
396253 2903
396359 2931
396465 2931
396572 2945
396678 2959
396784 2977
396891 2988
396998 3002
397105 3018
397211 3030
397317 3046
397424 3057
397530 3072
397636 3086
397743 3102
397849 3114
397955 3123
398063 3143
398169 3157
398276 3171
398382 3188
398488 3196
398595 3215
398701 3224
398807 3242
398914 3255
399021 3269
399128 3284
399234 3299
399340 3310
399447 3327
399553 3337
399659 3378
399766 3366
399872 3381
399978 3390
400085 3409
400192 3422
400298 3435
400405 3450
400511 3461
400618 3478
400724 3491
400830 3501
400937 3516
401044 3529
401150 3520
401257 3467
401363 3413
401470 3362
401576 3305
401682 3254
401789 3198
401895 3148
402002 3091
402109 3038
402215 2982
402322 2930
402428 2871
402534 2813
402641 2763
402747 2709
402853 2651
402960 2596
403067 2539
403174 2488
403280 2427
403386 2376
403493 2317
403599 2263
403705 2208
403812 2152
403918 2093
404026 2038
404132 1983
404239 1928
404345 1869
404451 1813
404557 1750
404664 1700
404770 1639
404876 1591
404984 1537
405090 1479
405197 1419
405303 1371
405409 1318
405516 1260
405622 1203
405728 1150
405834 1093
405941 1038
406048 985
406155 925
406261 874
406368 822
406474 765
406580 715
406687 661
406793 610
406899 557
407007 505
407113 454
407220 405
407326 349
407432 308
407539 322
407645 337
407751 345
407858 359
407964 374
408071 390
408178 400
408284 416
408391 431
408497 443
408603 457
408710 472
408816 485
408922 498
409030 508
409136 525
409243 536
409349 554
409455 562
409562 578
409668 594
409774 608
409881 621
409988 634
410095 648
410201 665
410307 668
410414 690
410520 701
410626 717
410733 730
410839 744
410945 756
411053 770
411159 782
411266 799
411372 813
411479 827
411585 841
411691 857
411797 870
411904 885
412011 896
412118 914
412224 925
412331 943
412437 955
412543 969
412650 982
412756 1002
412862 1009
412969 1024
413076 1041
413183 1042
413289 1068
413395 1085
413502 1098
413608 1126
413714 1124
413821 1141
413927 1152
414034 1168
414141 1184
414247 1199
414354 1212
414460 1225
414566 1239
414673 1257
414779 1270
414885 1287
414993 1301
415099 1312
415206 1324
415312 1342
415418 1356
415525 1371
415631 1386
415737 1401
415844 1414
415950 1431
416058 1419
416164 1459
416270 1474
416377 1487
416483 1523
416589 1514
416696 1530
416802 1544
416908 1558
417016 1576
417122 1589
417229 1605
417335 1617
417442 1631
417548 1645
417654 1663
417760 1674
417867 1691
417973 1706
418081 1718
418187 1732
418294 1748
418400 1762
418506 1778
418613 1792
418719 1807
418825 1820
418932 1835
419039 1846
419146 1868
419252 1879
419358 1906
419465 1905
419571 1927
419677 1935
419784 1943
419890 1964
419997 1980
420104 1996
420210 2010
420317 2024
420423 2038
420529 2052
420636 2071
420742 2082
420848 2100
420955 2112
421062 2124
421168 2141
421275 2157
421381 2168
421488 2187
421594 2198
421700 2215
421807 2258
421913 2242
422021 2255
422127 2273
422233 2286
422340 2301
422446 2314
422552 2331
422659 2340
422765 2357
422871 2374
422978 2388
423085 2403
423192 2417
423298 2432
423405 2445
423511 2458
423617 2475
423724 2484
423830 2503
423936 2511
424044 2533
424150 2545
424257 2566
424363 2576
424470 2590
424576 2600
424682 2590
424788 2634
424895 2647
425002 2662
425109 2678
425215 2689
425322 2708
425428 2723
425534 2734
425641 2746
425747 2764
425853 2778
425960 2788
426067 2806
426174 2820
426280 2836
426386 2850
426493 2865
426599 2877
426705 2893
426812 2906
426918 2920
427025 2937
427132 2937
427238 2958
427345 2976
427451 2992
427557 3001
427664 3023
427770 3034
427876 3046
427984 3065
428090 3080
428197 3092
428303 3107
428410 3122
428516 3134
428622 3147
428729 3162
428835 3177
428941 3188
429049 3205
429155 3217
429262 3233
429368 3245
429474 3260
429581 3272
429687 3288
429793 3299
429900 3318
430007 3333
430114 3342
430220 3355
430327 3370
430433 3384
430539 3399
430645 3407
430752 3427
430858 3453
430964 3454
431072 3467
431179 3478
431285 3492
431391 3509
431498 3521
431604 3529
431710 3507
431817 3455
431923 3398
432030 3346
432137 3292
432243 3240
432350 3185
432456 3131
432562 3071
432669 3024
432775 2968
432881 2908
432989 2858
433095 2804
433202 2745
433308 2707
433414 2635
433521 2582
433627 2525
433733 2473
433840 2415
433946 2360
434053 2304
434160 2249
434266 2187
434373 2135
434479 2081
434585 2023
434692 1969
434798 1911
434904 1856
435012 1801
435118 1742
435225 1689
435331 1609
435437 1579
435544 1520
435650 1465
435756 1408
435863 1356
435969 1298
436077 1245
