2 3630
144 3654
251 3630
357 3631
464 3631
570 3630
676 3627
783 3633
889 3632
997 3632
1103 3632
1209 3633
1316 3628
1422 3629
1529 3630
1635 3632
1741 3624
1848 3631
1954 3629
2062 3628
2168 3628
2274 3628
2381 3629
2487 3628
2594 3652
2700 3630
2806 3628
2913 3626
3020 3632
3127 3629
3233 3630
3340 3628
3446 3624
3552 3626
3659 3625
3765 3633
3871 3629
3978 3632
4085 3632
4192 3634
4298 3630
4404 3632
4511 3631
4617 3631
4723 3626
4830 3631
4936 3629
5044 3623
5150 3631
5257 3629
5363 3630
5469 3643
5576 3628
5682 3631
5788 3629
5895 3630
6002 3632
6109 3632
6215 3630
6322 3628
6428 3630
6534 3632
6641 3629
6747 3629
6853 3630
6960 3634
7067 3630
7174 3630
7280 3628
7387 3631
7493 3640
7599 3631
7706 3630
7812 3634
7918 3639
8026 3629
8132 3634
8239 3633
8345 3629
8452 3632
8558 3628
8664 3626
8771 3627
8877 3629
8985 3630
9091 3629
9198 3629
9304 3630
9411 3630
9517 3631
9623 3628
9729 3633
9836 3630
9942 3563
10050 3628
10156 3633
10263 3631
10369 3588
10476 3626
10582 3629
10688 3627
10794 3631
10901 3628
11008 3625
11115 3625
11221 3624
11328 3626
11434 3628
11541 3626
11647 3628
11753 3625
11859 3626
11966 3631
12073 3622
12180 3635
12286 3625
12393 3604
12499 3628
12606 3624
12712 3626
12818 3630
12924 3625
13032 3628
13139 135
13245 136
13352 138
13458 137
13564 139
13671 136
13777 140
13883 139
13991 141
14097 144
14204 142
14310 140
14417 140
14523 142
14629 142
14736 142
14842 141
14948 139
15056 139
15162 141
15269 156
15375 140
15482 142
15588 140
15694 142
15801 141
15907 139
16014 139
16121 142
16227 138
16334 141
16440 138
16547 142
16653 139
16759 137
16866 140
16972 140
17079 134
17186 138
17292 137
17399 139
17505 139
17612 142
17718 152
17824 135
17931 134
18038 137
18144 137
18251 139
18357 139
18464 140
18570 139
18677 141
18783 137
18889 135
18997 144
19103 137
19210 139
19316 137
19423 3630
19529 3630
19635 3626
19742 3633
19848 3624
19954 3631
20062 3633
20168 3615
20275 3630
20381 3629
20488 3628
20594 3631
20700 3627
20807 3632
20913 3631
21020 3628
21127 3631
21233 3632
21340 3632
21446 3632
21553 3631
21659 3629
21765 3629
21872 3629
21978 3628
22085 3629
22192 3612
22298 3629
22405 3629
22511 3632
22617 3607
22724 3630
22830 3627
22936 3630
23044 3628
23150 3629
23257 3626
23363 3631
23470 3628
23576 3629
23682 3628
23789 3631
23895 3631
24003 3628
24109 3632
24215 3629
24322 3630
24428 3633
24535 3630
24641 3634
24747 3627
24854 3629
24960 3627
25068 3644
25174 3629
25280 3629
25387 3628
25493 3646
25600 3624
25706 3632
25812 3629
25919 3625
26026 3628
26133 3630
26239 3633
26346 3632
26452 3629
26558 3631
26665 3628
26771 3631
26877 3627
26985 3629
27091 3633
27198 3631
27304 3631
27411 3632
27517 3647
27623 3632
27730 3629
27836 3629
27942 3639
28050 3630
28156 3630
28263 3633
28369 3630
28476 3630
28582 3631
28688 3629
28795 3628
28901 3629
29009 3626
29115 3631
29222 3627
29328 3624
29434 3625
29541 3626
29647 3627
29753 3628
29860 3629
29966 3629
30074 3629
30180 3626
30287 3628
30393 3582
30499 3628
30606 3630
30712 3625
30818 3632
30925 3625
31032 3627
31139 3623
31245 3628
31352 3626
31458 3629
31564 3629
31671 3631
31777 3627
31883 3630
31991 3629
32098 3628
32204 3627
32310 3630
32417 3613
32523 3632
32629 3629
32736 3632
32842 3615
32948 3630
33056 3628
33163 3629
33269 3627
33375 3628
33482 3628
33588 3664
33694 3630
33801 3629
33907 3624
34015 3626
34121 3628
34228 3631
34334 3630
34440 3630
34547 3631
34653 3631
34759 3628
34866 3631
34972 3628
35080 3627
35186 3632
35293 3626
35399 3630
35505 3635
35612 3636
35718 3622
35824 3629
35931 3631
36038 3628
36145 3631
36251 3632
36358 3628
36464 3627
36570 3632
36677 3627
36783 3631
36889 3632
36997 3626
37103 3632
37210 3629
37316 3623
37423 3632
37529 3629
37635 3630
37742 3654
37848 3630
37954 3628
38062 3628
38168 3631
38275 3629
38381 3626
38488 3633
38594 3628
38700 3630
38807 3628
38913 3629
39021 3630
39127 3628
39234 3626
39340 3632
39447 3628
39553 3631
39659 3628
39765 3627
39872 3630
39978 3631
40085 3630
40192 3600
40298 3632
40404 3629
40511 3631
40617 3626
40723 3629
40830 3631
40936 3632
41043 3632
41150 3634
41256 3629
41363 3632
41469 3629
41576 3632
41682 3629
41788 3629
41895 3625
42002 3629
42108 3629
42215 3630
42321 3630
42428 3630
42534 3629
42641 3631
42747 3631
42853 3630
42960 3629
43067 3615
43173 3631
43280 3628
43386 3630
43493 3627
43599 3628
43706 141
43812 140
43918 142
44026 140
44132 140
44239 144
44345 139
44452 139
44558 139
44664 134
44771 141
44877 137
44984 138
45091 108
45197 138
45304 140
45410 141
45517 121
45623 141
45729 139
45836 142
45942 165
46049 140
46156 142
46262 139
46369 142
46475 142
46582 137
46688 139
46794 141
46901 141
47008 144
47115 142
47221 140
47328 138
47434 141
47540 140
47647 139
47753 138
47859 141
47966 103
48073 141
48180 138
48286 143
48393 141
48499 140
48605 141
48712 144
48818 138
48924 134
49032 136
49138 136
49245 143
49351 139
49458 140
49564 137
49670 139
49777 135
49883 137
49991 3704
50097 3629
50203 3627
50310 3628
50416 3653
50523 3628
50629 3625
50735 3629
50842 3636
50948 3628
51056 3629
51162 3627
51268 3627
51375 3630
51481 3628
51588 3627
51694 3627
51800 3630
51907 3628
52014 3629
52121 3627
52227 3630
52333 3630
52440 3632
52546 3628
52653 3628
52759 3625
52865 3650
52972 3631
53079 3629
53186 3632
53292 3633
53398 3629
53505 3630
53611 3627
53718 3629
53824 3629
53930 3630
54038 3633
54144 3630
54251 3633
54357 3633
54464 3632
54570 3631
54676 3629
54783 3632
54889 3629
54997 3630
55103 3631
55209 3627
55316 3646
55422 3631
55529 3629
55635 3633
55741 3608
55848 3630
55954 3631
56062 3627
56168 3633
56274 3629
56381 3633
56487 3625
56594 3629
56700 3630
56806 3628
56913 3633
57020 3628
57127 3628
57233 3631
57340 3631
57446 3628
57552 3630
57659 3630
57765 3574
57871 3628
57978 3629
58085 3629
58192 3608
58298 3628
58404 3631
58511 3630
58617 3635
58723 3631
58830 3630
58936 3629
59044 3628
59150 3630
59257 3632
59363 3632
59469 3628
59576 3629
59682 3629
59788 3628
59895 3630
60002 3630
60109 3632
60215 3625
60322 3631
60428 3632
60534 3631
60641 3624
60747 3634
60853 3629
60960 3635
61067 3632
61174 3630
61280 3632
61387 3630
61493 3629
61599 3634
61706 3630
61812 3628
61918 3629
62026 3630
62132 3632
62239 3627
62345 3629
62452 3629
62558 3629
62664 3632
62771 3630
62877 3628
62985 3630
63091 3619
63198 3629
63304 3630
63411 3627
63517 3646
63623 3629
63729 3630
63836 3628
63942 3630
64050 3628
64156 3634
64263 3631
64369 3632
64476 3631
64582 3630
64688 3633
64794 3629
64901 3630
65008 3630
65115 3630
65221 3634
65328 3630
65434 3631
65541 3629
65647 3631
65753 3630
65859 3630
65966 3629
66073 3628
66180 3631
66286 3632
66393 3633
66499 3633
66606 3630
66712 3629
66818 3631
66924 3630
67032 3631
67139 3627
67245 3629
67352 3631
67458 3634
67564 3632
67671 3628
67777 3629
67883 3629
67991 3625
68097 3633
68204 3630
68310 3631
68417 3604
68523 3630
68629 3632
68736 3627
68842 3630
68948 3630
69056 3628
69162 3635
69269 3627
69375 3629
69482 3630
69588 3625
69694 3631
69801 3627
69907 3631
70014 3629
70121 3629
70227 3629
70334 3630
70440 3607
70547 3628
70653 3628
70759 3629
70866 3647
70972 3627
71079 3627
71186 3630
71292 3627
71399 3629
71505 3627
71612 3629
71718 3630
71824 3631
71931 3631
72038 3631
72144 3626
72251 3626
72357 3628
72464 3633
72570 3627
72677 3631
72783 3629
72889 3628
72997 3630
73103 3629
73210 3629
73316 3631
73423 3628
73529 3630
73635 3629
73742 3636
73848 3629
73954 3632
74062 3628
74168 136
74275 141
74381 142
74488 137
74594 142
74700 140
74807 140
74913 137
75020 137
75127 140
75233 140
75340 145
75446 140
75553 142
75659 143
75765 113
75872 142
75978 138
76085 138
76192 139
76298 141
76405 143
76511 143
76617 140
76724 137
76830 137
76936 139
77044 140
77150 138
77257 138
77363 138
77470 138
77576 138
77682 138
77789 138
77895 138
78003 137
78109 142
78215 140
78322 138
78428 137
78535 137
78641 114
78747 134
78854 141
78960 140
79068 139
79174 140
79280 138
79387 139
79493 138
79600 139
79706 138
79812 141
79919 138
80026 140
80133 139
80239 123
80346 140
80452 3633
80558 3628
80665 3614
80771 3632
80877 3630
80985 3630
81091 3630
81198 3630
81304 3629
81411 3631
81517 3629
81623 3629
81730 3626
81836 3631
81942 3627
82050 3628
82156 3629
82263 3628
82369 3624
82476 3628
82582 3630
82688 3634
82795 3628
82901 3630
83009 3629
83115 3644
83222 3629
83328 3629
83434 3630
83541 3628
83647 3629
83753 3632
83860 3632
83966 3633
84074 3632
84180 3632
84287 3628
84393 3631
84499 3627
84606 3631
84712 3629
84818 3630
84925 3628
85032 3628
85139 3630
85245 3630
85352 3630
85458 3632
85564 3626
85671 3634
85777 3628
85883 3631
85991 3625
86098 3629
86204 3631
86310 3632
86417 3627
86523 3634
86629 3629
86736 3632
86842 3629
86948 3630
87056 3632
87163 3634
87269 3629
87375 3633
87482 3632
87588 3636
87694 3630
87801 3633
87907 3627
88015 3617
88121 3628
88228 3629
88334 3631
88440 3637
88547 3633
88653 3629
88759 3631
88866 3626
88972 3628
89080 3626
89186 3630
89293 3629
89399 3629
89505 3628
89612 3631
89718 3632
89824 3629
89931 3630
90038 3632
90145 3627
90251 3628
90358 3630
90464 3625
90570 3627
90677 3627
90783 3629
90889 3640
90997 3625
91103 3628
91210 3625
91316 3629
91423 3631
91529 3631
91635 3630
91742 3629
91848 3631
91954 3625
92062 3630
92168 3630
92275 3629
92381 3630
92488 3631
92594 3628
92700 3629
92807 3629
92913 3627
93021 3629
93127 3629
93234 3627
93340 3609
93447 3626
93553 3629
93659 3627
93765 3648
93872 3628
93978 3633
94085 3633
94192 3628
94298 3630
94404 3629
94511 3632
94617 3628
94723 3631
94830 3630
94936 3633
95043 3633
95150 3629
95256 3629
95363 3632
95469 3627
95576 3632
95682 3629
95788 3636
95895 3632
96002 3629
96108 3630
96215 3654
96321 3631
96428 3629
96534 3629
96641 3631
96747 3628
96853 3632
96960 3626
97067 3629
97173 3630
97280 3632
97386 3631
97493 3629
97599 3630
97706 3629
97812 3629
97918 3629
98026 3628
98132 3630
98239 3631
98345 3629
98452 3630
98558 3630
98664 3625
98771 3629
98877 3628
98984 3633
99091 3629
99197 3628
99304 3630
99410 3631
99517 3627
99623 3628
99729 3629
99836 3630
99942 3629
100049 3628
100156 3632
100262 3630
100369 3631
100475 3629
100582 3629
100688 3632
100794 3629
100901 3631
101008 3632
101115 3634
101221 3631
101328 3627
101434 3628
101540 3631
101647 3629
101753 3629
101859 3627
101966 3631
102073 3630
102180 3626
102286 3629
102393 3632
102499 3627
102605 3629
102712 3630
102818 3629
102924 3629
103032 3628
103138 3613
103245 3629
103351 3629
103458 3630
103564 3627
103670 3627
103777 3630
103883 3631
103991 3630
104097 3628
104203 3632
104310 3631
104416 3631
104523 3631
104629 3629
104735 149
104842 140
104948 138
105056 142
105162 143
105268 138
105375 138
105481 141
105588 138
105694 137
105800 139
105907 139
106014 127
106121 141
106227 142
106333 145
106440 151
106546 141
106653 141
106759 139
106865 144
106972 139
107079 139
107186 137
107292 138
107398 140
107505 143
107611 139
107718 141
107824 136
107930 141
108038 157
108144 139
108251 141
108357 146
108464 114
108570 141
108676 139
108783 141
108889 130
108997 138
109103 139
109209 140
109316 138
109422 139
109529 138
109635 140
109741 137
109848 140
109954 139
110062 142
110168 139
110274 133
110381 140
110487 138
110594 135
110700 141
110806 137
110913 138
111020 3626
111127 3627
111233 3623
111340 3629
111446 3628
111552 3629
111659 3628
111765 3627
111871 3630
111978 3631
112085 3634
112192 3632
112298 3630
112404 3629
112511 3632
112617 3632
112723 3626
112830 3631
112936 3630
113044 3629
113150 3627
113257 3627
113363 3620
113469 3633
113576 3629
113682 3629
113788 3620
113895 3631
114002 3631
114109 3630
114215 3630
114322 3631
114428 3630
114534 3630
114641 3628
114747 3632
114853 3631
114960 3629
115067 3633
115174 3629
115280 3628
115387 3633
115493 3629
115599 3633
115706 3630
115812 3626
115918 3630
116026 3632
116132 3631
116239 3643
116345 3629
116452 3633
116558 3628
116664 3632
116771 3630
116877 3629
116985 3631
117091 3631
117198 3629
117304 3632
117411 3624
117517 3629
117623 3628
117729 3632
117836 3631
117942 3630
118050 3630
118156 3631
118263 3636
118369 3628
118476 3628
118582 3631
118688 3648
118794 3629
118901 3627
119008 3626
119115 3626
119221 3627
119328 3629
119434 3628
119541 3627
119647 3630
119753 3629
119859 3628
119966 3628
120073 3625
120180 3630
120286 3625
120393 3632
120499 3631
120606 3629
120712 3629
120818 3628
120924 3629
121032 3633
121139 3634
121245 3632
121352 3631
121458 3629
121564 3632
121671 3627
121777 3631
121883 3629
121991 3626
122097 3630
122204 3629
122310 3632
122417 3630
122523 3626
122629 3629
122736 3633
122842 3630
122948 3628
123056 3627
123162 3627
123269 3629
123375 3630
123482 3631
123588 3633
123694 3629
123801 3629
123907 3630
124014 3634
124121 3631
124227 3628
124334 3631
124440 3630
124547 3632
124653 3629
124759 3631
124866 3627
124972 3633
125079 3627
125186 3630
125292 3633
125399 3630
125505 3629
125612 3633
125718 3629
125824 3631
125931 3628
126038 3601
126144 3628
126251 3632
126357 3632
126464 3615
126570 3628
126677 3633
126783 3631
126889 3621
126997 3631
127103 3631
127210 3630
127316 3633
127423 3631
127529 3633
127635 3628
127742 3632
127848 3630
127954 3630
128062 3630
128168 3630
128275 3630
128381 3634
128488 3602
128594 3635
128700 3629
128807 3630
128913 3603
129020 3628
129127 3631
129233 3629
129340 3628
129446 3631
129553 3629
129659 3628
129765 3630
129872 3630
129978 3629
130085 3630
130192 3629
130298 3628
130405 3629
130511 3628
130617 3625
130724 3628
130830 3628
130936 3626
131044 3626
131150 3629
131257 3630
131363 3629
131470 3630
131576 3630
131682 3629
131789 3605
131895 3628
132003 3629
132109 3630
132215 3629
132322 3631
132428 3627
132535 3627
132641 3629
132747 3628
132854 3631
132960 3628
133068 3627
133174 3630
133280 3629
133387 3635
133493 3633
133600 3628
133706 3629
133812 3612
133919 3631
134026 3634
134133 3630
134239 3628
134346 3632
134452 3628
134558 3631
134665 3630
134771 3629
134877 3628
134985 3628
135091 3634
135198 133
135304 141
135411 138
135517 141
135623 142
135730 142
135836 136
135942 140
136050 140
136156 139
136263 130
136369 140
136476 142
136582 143
136688 140
136795 141
136901 140
137009 140
137115 141
137222 137
137328 137
137434 142
137541 140
137647 140
137753 139
137860 142
137966 136
138074 139
138180 137
138287 61
138393 138
138499 140
138606 139
138712 165
138818 139
138925 139
139032 136
139139 142
139245 137
139352 138
139458 139
139564 136
139671 141
139777 139
139883 139
139991 139
140098 139
140204 135
140310 142
140417 139
140523 140
140629 139
140736 139
140842 142
140948 139
141056 141
141163 137
141269 142
141375 142
141482 140
141588 3631
141694 3628
141801 3631
141907 3628
142015 3627
142121 3628
142228 3629
142334 3630
142440 3628
142547 3630
142653 3627
142759 3628
142866 3629
142972 3627
143080 3628
143186 3631
143293 3628
143399 3631
143505 3631
143612 3627
143718 3631
143824 3630
143931 3633
144038 3598
144145 3629
144251 3630
144358 3630
144464 3628
144570 3630
144677 3627
144783 3632
144889 3628
144997 3628
145103 3631
145210 3632
145316 3630
145423 3633
145529 3630
145635 3630
145742 3626
145848 3631
145954 3630
146062 3642
146168 3631
146275 3629
146381 3631
146488 3631
146594 3629
146700 3634
146807 3629
146913 3606
147021 3633
147127 3631
147234 3627
147340 3632
147447 3631
147553 3630
147659 3629
147765 3630
147872 3632
147978 3633
148085 3631
148192 3630
148298 3630
148404 3628
148511 3630
148617 3629
148723 3631
148830 3628
148936 3631
149043 3631
149150 3628
149256 3631
149363 3597
149469 3630
149576 3627
149682 3631
149788 3627
149895 3627
150002 3627
150108 3631
150215 3628
150321 3628
150428 3628
150534 3627
150641 3629
150747 3626
150853 3626
150960 3626
151067 3625
151173 3630
151280 3625
151386 3633
151493 3632
151599 3626
151706 3630
151812 3645
151918 3629
152026 3630
152132 3628
152239 3629
152345 3628
152452 3627
152558 3632
152664 3626
152771 3627
152877 3627
152984 3627
153091 3631
153197 3630
153304 3628
153410 3629
153517 3625
153623 3632
153729 3630
153836 3629
153942 3628
154049 3630
154156 3632
154262 3633
154369 3632
154475 3631
154582 3628
154688 3636
154794 3630
154901 3630
155008 3630
155115 3630
155221 3630
155328 3631
155434 3631
155540 3633
155647 3633
155753 3631
155859 3630
155966 3632
156073 3632
156180 3629
156286 3632
156393 3630
156499 3629
156605 3630
156712 3609
156818 3629
156924 3628
157032 3630
157138 3636
157245 3629
157351 3628
157458 3629
157564 3629
157670 3627
157777 3629
157883 3633
157991 3627
158097 3634
158203 3631
158310 3631
158416 3629
158523 3631
158629 3629
158735 3635
158842 3629
158948 3630
159056 3627
159162 3635
159268 3631
159375 3631
159481 3628
159588 3609
159694 3633
159800 3633
159907 3627
160014 3626
160121 3631
160227 3630
160333 3631
160440 3630
160546 3626
160653 3631
160759 3630
160865 3633
160972 3631
161079 3631
161186 3641
161292 3633
161398 3629
161505 3629
161611 3651
161718 3628
161824 3631
161930 3630
162038 3629
162144 3629
162251 3632
162357 3629
162464 3628
162570 3630
162676 3629
162783 3629
162889 3627
162997 3628
163103 3627
163209 3630
163316 3629
163422 3629
163529 3625
163635 3625
163741 3627
163848 3631
163954 3627
164062 3618
164168 3628
164274 3628
164381 3629
164487 3662
164594 3628
164700 3630
164806 3626
164913 3631
165020 3627
165127 3634
165233 3633
165340 3631
165446 3629
165552 3635
165659 3627
165765 140
165871 141
165978 143
166085 143
166192 143
166298 141
166404 141
166511 134
166617 146
166723 139
166830 140
166936 109
167044 137
167150 135
167257 140
167363 138
167469 141
167576 139
167682 144
167788 140
167895 141
168002 139
168109 142
168215 139
168322 138
168428 139
168534 144
168641 138
168747 142
168853 138
168960 139
169067 140
169174 137
169280 140
169387 140
169493 140
169599 137
169706 139
169812 178
169918 139
170026 136
170132 140
170239 138
170345 140
170452 137
170558 136
170664 135
170771 137
170877 139
170985 138
171091 136
171198 133
171304 140
171411 138
171517 141
171623 139
171729 143
171836 161
171942 138
172050 3632
172156 3633
172263 3629
172369 3629
172476 3628
172582 3631
172688 3626
172794 3630
172901 3628
173008 3629
173115 3629
173221 3633
173328 3629
173434 3633
173541 3627
173647 3627
173753 3630
173859 3631
173966 3629
174073 3631
174180 3633
174286 3615
174393 3628
174499 3631
174606 3630
174712 3617
174818 3626
174924 3633
175032 3629
175139 3632
175245 3629
175352 3630
175458 3629
175564 3634
175671 3629
175777 3629
175883 3629
175991 3630
176097 3631
176204 3632
176310 3647
176417 3629
176523 3630
176629 3629
176736 3628
176842 3609
176948 3630
177056 3629
177162 3632
177269 3628
177375 3629
177482 3631
177588 3629
177694 3630
177801 3629
177907 3629
178014 3629
178121 3628
178227 3629
178334 3627
178440 3628
178547 3629
178653 3628
178759 3629
178866 3627
178972 3627
179079 3628
179186 3619
179292 3629
179399 3628
179505 3625
179612 3656
179718 3629
179824 3630
179931 3625
180038 3627
180144 3631
180251 3630
180357 3631
180464 3630
180570 3629
180677 3630
180783 3633
180889 3632
180997 3633
181103 3632
181210 3559
181316 3631
181423 3628
181529 3629
181635 3626
181742 3633
181848 3626
181954 3631
182062 3652
182168 3630
182275 3630
182381 3630
182488 3629
182594 3630
182700 3627
182807 3629
182913 3630
183020 3626
183127 3632
183233 3629
183340 3628
183446 3627
183553 3626
183659 3630
183765 3629
183872 3631
183978 3629
184085 3616
184192 3628
184298 3631
184405 3629
184511 3627
184617 3630
184724 3631
184830 3628
184936 3621
185044 3628
185150 3630
185257 3632
185363 3630
185470 3629
185576 3628
185682 3630
185789 3632
185895 3629
186003 3629
186109 3626
186215 3632
186322 3633
186428 3631
186535 3631
186641 3629
186747 3630
186854 3630
186960 3607
187068 3631
187174 3633
187280 3628
187387 3634
187493 3631
187600 3630
187706 3630
187812 3631
187919 3629
188026 3633
188133 3634
188239 3631
188346 3630
188452 3628
188558 3631
188665 3626
188771 3631
188877 3630
188985 3631
189091 3629
189198 3631
189304 3628
189411 3640
189517 3629
189623 3629
189730 3630
189836 3646
189942 3629
190050 3629
190156 3629
190263 3628
190369 3627
190476 3630
190582 3628
190688 3631
190795 3628
190901 3626
191009 3629
191115 3628
191222 3624
191328 3627
191434 3657
191541 3630
191647 3631
191753 3630
191860 3628
191966 3632
192074 3630
192180 3630
192287 3626
192393 3628
192499 3628
192606 3632
192712 3627
192818 3626
192925 3630
193032 3630
193139 3630
193245 3633
193352 3629
193458 3626
193564 3629
193671 3630
193777 3628
193883 3632
193991 3631
194098 3631
194204 3627
194310 3621
194417 3627
194523 3629
194629 3627
194736 3628
194842 3628
194948 3626
195056 3631
195163 3631
195269 3635
195375 3629
195482 3624
195588 3629
195694 3630
195801 3630
195907 3632
196015 3626
196121 3631
196228 3629
196334 138
196440 139
196547 140
196653 140
196759 138
196866 141
196972 136
197080 140
197186 148
197293 141
197399 140
197505 137
197612 140
197718 140
197824 137
197931 140
198038 139
198145 140
198251 139
198358 137
198464 139
198570 142
198677 139
198783 141
198889 136
198997 139
199103 137
199210 116
199316 138
199423 138
199529 135
199635 142
199742 140
199848 138
199954 136
200062 136
200168 140
200275 141
200381 141
200488 139
200594 137
200700 140
200807 141
200913 143
201021 143
201127 138
201234 141
201340 142
201447 137
201553 141
201659 134
201765 139
201872 138
201978 137
202085 147
202192 140
202298 140
202404 138
202511 133
202617 3628
202723 3627
202830 3627
202936 3622
203043 3630
203150 3627
203256 3635
203363 3630
203469 3628
203576 3630
203682 3629
203788 3629
203895 3630
204002 3631
204108 3631
204215 3629
204321 3631
204428 3632
204534 3629
204641 3632
204747 3630
204853 3631
204960 3653
205067 3629
205173 3630
205280 3628
205386 3627
205493 3632
205599 3629
205706 3630
205812 3628
205918 3631
206026 3629
206132 3631
206239 3630
206345 3629
206452 3630
206558 3632
206664 3630
206771 3627
206877 3630
206984 3646
207091 3633
207197 3631
207304 3632
207410 3629
207517 3629
207623 3631
207729 3630
207836 3604
207942 3628
208049 3628
208156 3629
208262 3631
208369 3630
208475 3630
208582 3629
208688 3631
208794 3628
208901 3632
209008 3627
209115 3630
209221 3630
209328 3630
209434 3631
209540 3631
209647 3629
209753 3631
209859 3619
209966 3631
210073 3630
210180 3628
210286 3630
210393 3629
210499 3625
210605 3629
210712 3626
210818 3628
210924 3628
211032 3629
211138 3628
211245 3627
211351 3627
211458 3632
211564 3626
211670 3628
211777 3625
211883 3625
211991 3628
212097 3623
212203 3626
212310 3626
212416 3624
212523 3626
212629 3624
212735 3635
212842 3624
212948 3628
213056 3624
213162 3626
213268 3623
213375 3629
213481 3628
213588 3628
213694 3624
213800 3629
213907 3630
214014 3626
214121 3630
214227 3627
214333 3660
214440 3633
214546 3628
214653 3632
214759 3629
214865 3630
214972 3630
215079 3630
215186 3635
215292 3630
215398 3633
215505 3633
215611 3632
215718 3631
215824 3629
215930 3631
216038 3631
216144 3630
216251 3630
216357 3631
216464 3628
216570 3630
216676 3627
216783 3633
216889 3629
216997 3630
217103 3629
217209 3629
217316 3632
217422 3629
217529 3627
217635 3590
217741 3628
217848 3626
217954 3626
218062 3627
218168 3630
218274 3627
218381 3626
218487 3631
218594 3631
218700 3630
218806 3626
218913 3627
219020 3629
219127 3629
219233 3578
219340 3631
219446 3626
219552 3631
219659 3634
219765 3630
219871 3624
219978 3631
220085 3631
220192 3634
220298 3630
220404 3629
220511 3628
220617 3633
220723 3628
220830 3628
220936 3627
221044 3628
221150 3634
221257 3631
221363 3632
221469 3630
221576 3627
221682 3634
221788 3628
221895 3628
222002 3630
222109 3655
222215 3631
222322 3630
222428 3627
222534 3632
222641 3630
222747 3629
222853 3627
222960 3591
223067 3627
223174 3629
223280 3628
223387 3632
223493 3629
223599 3631
223706 3626
223812 3628
223918 3629
224026 3633
224132 3634
224239 3630
224345 3629
224452 3634
224558 3629
224664 3631
224771 3630
224877 3630
224985 3649
225091 3633
225198 3628
225304 3630
225411 3629
225517 3635
225623 3629
225729 3631
225836 3624
225942 3632
226050 3631
226156 3632
226263 3630
226369 3631
226476 3628
226582 3629
226688 3630
226794 136
226901 140
227008 139
227115 142
227221 140
227328 141
227434 142
227541 139
227647 143
227753 138
227859 139
227966 139
228073 140
228180 141
228286 139
228393 136
228499 141
228606 138
228712 137
228818 138
228924 137
229032 132
229139 139
229245 140
229352 138
229458 125
229564 138
229671 137
229777 140
229883 135
229991 139
230097 142
230204 137
230310 137
230417 142
230523 138
230629 138
230736 133
230842 133
230948 136
231056 138
231162 137
231269 137
231375 140
231482 135
231588 139
231694 139
231801 136
231907 139
232014 137
232121 137
232227 137
232334 113
232440 137
232547 141
232653 137
232759 146
232866 136
232972 142
233079 3636
233186 3627
233292 3629
233399 3631
233505 3631
233612 3630
233718 3632
233824 3632
233931 3628
234038 3626
234144 3626
234251 3631
234357 3630
234464 3632
234570 3630
234677 3631
234783 3644
234889 3632
234997 3637
235103 3630
235210 3629
235316 3630
235423 3629
235529 3634
235635 3629
235742 3631
235848 3630
235954 3630
236062 3631
236168 3632
236275 3631
236381 3627
236488 3629
236594 3630
236700 3630
236807 3631
236913 3629
237020 3628
237127 3631
237233 3639
237340 3631
237446 3630
237553 3627
237659 3617
237765 3630
237872 3626
237978 3627
238085 3628
238192 3631
238298 3630
238405 3627
238511 3628
238617 3629
238724 3630
238830 3627
238936 3631
239044 3628
239150 3630
239257 3628
239363 3629
239470 3625
239576 3629
239682 3621
239789 3631
239895 3628
240003 3629
240109 3630
240215 3632
240322 3630
240428 3635
240535 3631
240641 3632
240747 3629
240854 3635
240960 3630
241068 3632
241174 3637
241280 3635
241387 3628
241493 3630
241600 3629
241706 3627
241812 3628
241919 3630
242026 3632
242133 3616
242239 3629
242346 3630
242452 3626
242558 3631
242665 3627
242771 3633
242877 3627
242985 3630
243091 3629
243198 3629
243304 3628
243411 3630
243517 3627
243623 3632
243730 3630
243836 3628
243942 3626
244050 3629
244156 3633
244263 3629
244369 3631
244476 3630
244582 3625
244688 3630
244795 3629
244901 3633
245009 3624
245115 3628
245222 3631
245328 3631
245434 3628
245541 3633
245647 3632
245753 3632
245860 3628
245966 3634
246074 3631
246180 3633
246287 3630
246393 3629
246499 3631
246606 3637
246712 3630
246818 3632
246925 3627
247032 3630
247139 3634
247245 3629
247352 3634
247458 3633
247564 3630
247671 3632
247777 3630
247883 3621
247991 3630
248098 3631
248204 3632
248310 3629
248417 3631
248523 3633
248629 3626
248736 3630
248842 3626
248948 3625
249056 3633
249163 3628
249269 3630
249375 3633
249482 3637
249588 3632
249694 3626
249801 3632
249907 3635
250015 3630
250121 3631
250228 3631
250334 3618
250440 3630
250547 3625
250653 3630
250759 3626
250866 3631
250972 3628
251080 3626
251186 3628
251293 3627
251399 3627
251505 3636
251612 3629
251718 3631
251824 3627
251931 3635
252038 3630
252145 3630
252251 3629
252358 3624
252464 3627
252570 3632
252677 3627
252783 3630
252889 3630
252997 3628
253103 3632
253210 3630
253316 3629
253423 3627
253529 3630
253635 3627
253742 3627
253848 3631
253954 3631
254062 3628
254168 3631
254275 3633
254381 3629
254488 3632
254594 3623
254700 3631
254807 3623
254913 3631
255021 3631
255127 3630
255234 3636
255340 3632
255447 3627
255553 3633
255659 3629
255765 3630
255872 3628
255978 3631
256085 3632
256192 3630
256298 3631
256404 3628
256511 3633
256617 3630
256723 3630
256830 3630
256936 3631
257043 3633
257150 3630
257256 3644
257363 140
257469 135
257576 149
257682 140
257788 139
257895 136
258002 141
258108 127
258215 139
258321 140
258428 140
258534 137
258641 143
258747 140
258853 139
258960 138
259067 135
259173 140
259280 146
259386 139
259493 139
259599 136
259706 141
259812 138
259918 140
260026 138
260132 115
260239 142
260345 141
260452 136
260558 139
260664 139
260771 140
260877 138
260984 141
261091 142
261197 143
261304 139
261410 137
261517 141
261623 138
261729 142
261836 140
261942 140
262049 137
262156 135
262262 137
262369 138
262475 143
262582 141
262688 140
262794 138
262901 139
263008 140
263115 140
263221 137
263328 139
263434 139
263540 138
263647 3628
263753 3630
263859 3628
263966 3628
264073 3630
264180 3628
264286 3628
264393 3629
264499 3630
264605 3630
264712 3628
264818 3629
264924 3630
265032 3609
265138 3631
265245 3633
265351 3631
265458 3648
265564 3628
265670 3630
265777 3633
265883 3611
265991 3630
266097 3631
266203 3635
266310 3629
266416 3630
266523 3631
266629 3627
266735 3628
266842 3631
266948 3631
267056 3634
267162 3629
267268 3632
267375 3630
267481 3627
267588 3631
267694 3630
267800 3631
267907 3648
268014 3631
268121 3629
268227 3632
268333 3629
268440 3631
268546 3630
268653 3630
268759 3626
268865 3630
268972 3628
269079 3626
269186 3630
269292 3630
269398 3628
269505 3629
269611 3627
269718 3629
269824 3628
269930 3629
270038 3628
270144 3631
270251 3629
270357 3631
270464 3626
270570 3631
270676 3629
270783 3649
270889 3626
270997 3628
271103 3629
271209 3630
271316 3628
271422 3630
271529 3630
271635 3629
271741 3626
271848 3628
271954 3624
272062 3630
272168 3631
272274 3627
272381 3638
272487 3630
272594 3627
272700 3630
272806 3603
272913 3625
273020 3630
273127 3631
273233 3631
273340 3628
273446 3629
273552 3631
273659 3624
273765 3632
273871 3631
273978 3629
274085 3630
274192 3632
274298 3629
274404 3634
274511 3631
274617 3630
274723 3629
274830 3630
274936 3631
275044 3631
275150 3629
275257 3617
275363 3631
275469 3633
275576 3629
275682 3636
275788 3627
275895 3627
276002 3628
276109 3630
276215 3630
276322 3629
276428 3628
276534 3632
276641 3628
276747 3632
276853 3628
276960 3629
277067 3629
277174 3631
277280 3628
277387 3633
277493 3628
277599 3632
277706 3623
277812 3633
277918 3625
278026 3627
278132 3653
278239 3632
278345 3628
278452 3629
278558 3631
278664 3630
278771 3630
278877 3633
278985 3632
279091 3630
279198 3630
279304 3625
279411 3627
279517 3630
279623 3625
279729 3630
279836 3628
279942 3628
280050 3633
280156 3642
280263 3631
280369 3630
280476 3631
280582 3610
280688 3631
280794 3631
280901 3633
281008 3629
281115 3632
281221 3630
281328 3629
281434 3632
281541 3628
281647 3636
281753 3629
281859 3629
281966 3627
282073 3627
282180 3628
282286 3630
282393 3632
282499 3630
282606 3634
282712 3631
282818 3629
282924 3630
283032 3634
283139 3630
283245 3630
283352 3629
283458 3628
283564 3628
283671 3627
283777 3629
283883 3630
283991 3630
284097 3629
284204 3632
284310 3632
284417 3631
284523 3630
284629 3626
284736 3630
284842 3632
284948 3627
285056 3625
285162 3632
285269 3629
285375 3630
285482 3644
285588 3630
285694 3629
285801 3629
285907 3626
286014 3632
286121 3631
286227 3632
286334 3631
286440 3629
286547 3635
286653 3629
286759 3632
286866 3632
286972 3632
287079 3633
287186 3634
287292 3631
287399 3632
287505 3592
287612 3630
287718 3629
287824 134
287931 143
288038 140
288144 143
288251 144
288357 141
288464 138
288570 139
288677 143
288783 139
288889 141
288997 141
289103 146
289210 139
289316 140
289423 138
289529 138
289635 139
289742 141
289848 137
289954 139
290062 137
290168 142
290275 139
290381 134
290488 140
290594 137
290700 138
290807 135
290913 135
291020 135
291127 138
291233 139
291340 139
291446 139
291553 137
291659 143
291765 139
291872 141
291978 136
292085 140
292192 138
292298 138
292405 138
292511 141
292617 140
292724 140
292830 148
292936 140
293044 142
293150 138
293257 126
293363 139
293470 137
293576 139
293682 140
293789 138
293895 140
294003 138
294109 141
294215 3630
294322 3627
294428 3632
294535 3630
294641 3631
294747 3628
294854 3623
294960 3627
295068 3628
295174 3630
295280 3629
295387 3631
295493 3630
295600 3633
295706 3642
295812 3630
295919 3635
296026 3631
296133 3629
296239 3630
296346 3628
296452 3626
296558 3630
296665 3630
296771 3631
296877 3628
296985 3628
297091 3631
297198 3631
297304 3631
297411 3628
297517 3629
297623 3632
297730 3619
297836 3630
297942 3629
298050 3628
298156 3616
298263 3631
298369 3631
298476 3629
298582 3628
298688 3630
298795 3629
298901 3628
299009 3633
299115 3629
299222 3625
299328 3631
299434 3628
299541 3629
299647 3628
299753 3628
299860 3629
299966 3629
300074 3629
300180 3650
300287 3628
300393 3631
300499 3631
300606 3641
300712 3629
300818 3630
300925 3631
301032 3630
301139 3630
301245 3634
301352 3631
301458 3630
301564 3627
301671 3629
301777 3629
301883 3629
301991 3628
302098 3630
302204 3628
302310 3628
302417 3630
302523 3629
302629 3629
302736 3628
302842 3629
302948 3632
303056 3632
303163 3631
303269 3629
303375 3630
303482 3627
303588 3629
303694 3627
303801 3630
303907 3624
304015 3630
304121 3633
304228 3632
304334 3632
304440 3632
304547 3628
304653 3630
304759 3589
304866 3630
304972 3630
305080 3628
305186 3637
305293 3631
305399 3632
305505 3628
305612 3630
305718 3631
305824 3630
305931 3636
306038 3630
306145 3629
306251 3631
306358 3631
306464 3629
306570 3633
306677 3632
306783 3630
306889 3630
306997 3632
307103 3631
307210 3631
307316 3631
307423 3630
307529 3630
307635 3631
307742 3631
307848 3631
307954 3646
308062 3629
308168 3631
308275 3633
308381 3592
308488 3629
308594 3629
308700 3633
308807 3629
308913 3632
309021 3630
309127 3629
309234 3628
309340 3631
309447 3630
309553 3630
309659 3629
309765 3631
309872 3628
309978 3628
310085 3631
310192 3627
310298 3628
310404 3604
310511 3631
310617 3625
310723 3630
310830 3602
310936 3627
311043 3628
311150 3628
311256 3626
311363 3624
311469 3626
311576 3630
311682 3628
311788 3629
311895 3630
312002 3625
312108 3629
312215 3630
312321 3631
312428 3632
312534 3627
312641 3629
312747 3628
312853 3629
312960 3627
313067 3626
313173 3626
313280 3637
313386 3630
313493 3631
313599 3627
313706 3642
313812 3631
313918 3629
314026 3632
314132 3631
314239 3632
314345 3631
314452 3631
314558 3630
314664 3627
314771 3629
314877 3629
314984 3632
315091 3630
315197 3628
315304 3632
315410 3634
315517 3629
315623 3630
315729 3628
315836 3632
315942 3630
316049 3630
316156 3651
316262 3630
316369 3630
316475 3629
316582 3631
316688 3632
316794 3628
316901 3631
317008 3629
317115 3629
317221 3631
317328 3634
317434 3629
317540 3630
317647 3629
317753 3629
317859 3630
317966 3633
318073 3628
318180 3614
318286 3631
318393 143
318499 139
318605 143
318712 139
318818 138
318924 138
319032 137
319138 139
319245 141
319351 136
319458 137
319564 140
319670 141
319777 140
319883 139
319991 140
320097 136
320203 139
320310 142
320416 137
320523 140
320629 142
320735 139
320842 142
320948 142
321056 108
321162 138
321268 142
321375 141
321481 139
321588 142
321694 138
321800 141
321907 139
322014 140
322121 143
322227 137
322333 139
322440 139
322546 139
322653 143
322759 137
322865 140
322972 135
323079 139
323186 136
323292 138
323398 138
323505 130
323611 137
323718 140
323824 135
323930 131
324038 138
324144 136
324251 135
324357 140
324464 140
324570 143
324676 3627
324783 3628
324889 3629
324997 3627
325103 3629
325209 3628
325316 3631
325422 3630
325529 3627
325635 3628
325741 3630
325848 3630
325954 3626
326062 3627
326168 3631
326274 3629
326381 3633
326487 3631
326594 3630
326700 3630
326806 3625
326913 3632
327020 3634
327127 3632
327233 3633
327340 3632
327446 3631
327552 3630
327659 3633
327765 3632
327871 3632
327978 3631
328085 3631
328192 3630
328298 3630
328404 3614
328511 3629
328617 3630
328723 3630
328830 3625
328936 3628
329044 3628
329150 3632
329257 3627
329363 3628
329469 3631
329576 3629
329682 3630
329788 3627
329895 3632
330002 3623
330109 3628
330215 3630
330322 3629
330428 3629
330534 3629
330641 3630
330747 3631
330853 3621
330960 3628
331067 3629
331174 3629
331280 3626
331387 3630
331493 3628
331599 3630
331706 3627
331812 3629
331918 3629
332026 3628
332132 3628
332239 3630
332345 3627
332452 3630
332558 3628
332664 3631
332771 3628
332877 3632
332985 3629
333091 3631
333198 3634
333304 3654
333411 3629
333517 3627
333623 3630
333729 3640
333836 3630
333942 3631
334050 3634
334156 3633
334263 3629
334369 3632
334476 3634
334582 3630
334688 3628
334794 3631
334901 3630
335008 3630
335115 3630
335221 3627
335328 3638
335434 3630
335541 3628
335647 3633
335753 3634
335859 3634
335966 3628
336073 3631
336180 3620
336286 3629
336393 3629
336499 3632
336606 3629
336712 3630
336818 3629
336924 3635
337032 3632
337139 3629
337245 3628
337352 3632
337458 3628
337564 3631
337671 3628
337777 3623
337883 3626
337991 3623
338097 3627
338204 3637
338310 3624
338417 3627
338523 3626
338629 3633
338736 3625
338842 3626
338948 3623
339056 3624
339162 3627
339269 3628
339375 3626
339482 3629
339588 3624
339694 3627
339801 3630
339907 3627
340014 3628
340121 3626
340227 3629
340334 3628
340440 3629
340547 3626
340653 3637
340759 3630
340866 3630
340972 3630
341079 3633
341186 3627
341292 3633
341399 3632
341505 3628
341612 3627
341718 3626
341824 3630
341931 3628
342038 3626
342144 3628
342251 3628
342357 3628
342464 3628
342570 3626
342677 3626
342783 3624
342889 3628
342997 3630
343103 3612
343210 3628
343316 3628
343423 3626
343529 3630
343635 3624
343742 3631
343848 3628
343954 3624
344062 3628
344168 3630
344275 3630
344381 3633
344488 3627
344594 3628
344700 3631
344807 3630
344913 3627
345020 3626
345127 3629
345233 3629
345340 3628
345446 3627
345553 3628
345659 3629
345765 3628
345872 3630
345978 3628
346085 3630
346192 3629
346298 3634
346405 3631
346511 3630
346617 3631
346724 3635
346830 3627
346936 3633
347044 3633
347150 3634
347257 3631
347363 3634
347470 3630
347576 3634
347682 3632
347789 3626
347895 3628
348003 3624
348109 3634
348215 3632
348322 3630
348428 3615
348535 3630
348641 3630
348747 3629
348854 3606
348960 139
349068 138
349174 139
349280 140
349387 139
349493 145
349600 141
349706 141
349812 135
349919 139
350026 139
350133 137
350239 136
350346 137
350452 136
350558 140
350665 137
350771 139
350877 153
350985 135
351091 140
351198 140
351304 133
351411 143
351517 140
351623 139
351730 141
351836 137
351942 140
352050 138
352156 139
352263 140
352369 139
352476 140
352582 139
352688 142
352795 139
352901 141
353009 139
353115 141
353222 138
353328 132
353434 136
353541 140
353647 137
353753 126
353860 136
353966 139
354074 132
354180 140
354287 140
354393 138
354499 136
354606 141
354712 136
354818 138
354925 140
355032 136
355139 141
355245 3629
355352 3633
355458 3631
355564 3631
355671 3629
355777 3553
355883 3631
355991 3629
356098 3630
356204 3608
356310 3631
356417 3628
356523 3630
356629 3628
356736 3629
356842 3628
356948 3630
357056 3630
357163 3628
357269 3633
357375 3630
357482 3629
357588 3631
357694 3628
357801 3624
357907 3627
358015 3631
358121 3629
358228 3655
358334 3631
358440 3630
358547 3630
358653 3619
358759 3631
358866 3629
358972 3626
359080 3629
359186 3630
359293 3630
359399 3629
359505 3634
359612 3627
359718 3629
359824 3629
359931 3629
360038 3633
360145 3631
360251 3629
360358 3631
360464 3630
360570 3632
360677 3631
360783 3630
360889 3631
360997 3630
361103 3606
361210 3631
361316 3631
361423 3628
361529 3629
361635 3634
361742 3628
361848 3629
361954 3628
362062 3629
362168 3630
362275 3629
362381 3628
362488 3633
362594 3626
362700 3632
362807 3628
362913 3635
363021 3629
363127 3629
363234 3630
363340 3632
363447 3628
363553 3631
363659 3627
363765 3629
363872 3628
363978 3635
364085 3631
364192 3631
364298 3629
364404 3630
364511 3632
364617 3628
364723 3627
364830 3627
364936 3632
365043 3628
365150 3630
365256 3630
365363 3630
365469 3629
365576 3631
365682 3628
365788 3631
365895 3629
366002 3632
366108 3633
366215 3631
366321 3629
366428 3632
366534 3631
366641 3633
366747 3630
366853 3630
366960 3629
367067 3630
367173 3630
367280 3628
367386 3629
367493 3631
367599 3627
367706 3630
367812 3631
367918 3633
368026 3630
368132 3632
368239 3634
368345 3634
368452 3614
368558 3632
368664 3628
368771 3631
368877 3629
368984 3631
369091 3630
369197 3629
369304 3630
369410 3628
369517 3629
369623 3627
369729 3631
369836 3629
369942 3627
370049 3627
370156 3629
370262 3629
370369 3629
370475 3628
370582 3625
370688 3626
370794 3625
370901 3624
371008 3629
371115 3629
371221 3627
371328 3639
371434 3625
371540 3634
371647 3631
371753 3630
371859 3627
371966 3630
372073 3630
372180 3630
372286 3627
372393 3629
372499 3624
372605 3632
372712 3629
372818 3633
372924 3629
373032 3626
373138 3625
373245 3629
373351 3626
373458 3628
373564 3630
373670 3629
373777 3636
373883 3632
373991 3629
374097 3633
374203 3620
374310 3632
374416 3632
374523 3631
374629 3629
374735 3629
374842 3628
374948 3629
375056 3632
375162 3629
375268 3631
375375 3634
375481 3630
375588 3628
375694 3629
375800 3633
375907 3628
376014 3629
376121 3629
376227 3606
376333 3631
376440 3630
376546 3629
376653 3627
376759 3631
376865 3630
376972 3628
377079 3627
377186 3634
377292 3628
377398 3630
377505 3630
377611 3627
377718 3634
377824 3632
377930 3628
378038 3629
378144 3630
378251 3630
378357 3631
378464 3628
378570 3632
378676 3628
378783 3632
378889 3627
378997 3627
379103 3621
379209 3628
379316 3629
379422 134
379529 140
379635 140
379741 142
379848 143
379954 137
380062 138
380168 138
380274 145
380381 141
380487 143
380594 139
380700 140
380806 140
380913 144
381020 142
381127 131
381233 142
381340 143
381446 138
381552 141
381659 137
381765 138
381871 136
381978 148
382085 140
382192 138
382298 135
382404 137
382511 138
382617 137
382723 137
382830 140
382936 136
383044 142
383150 141
383257 139
383363 140
383469 137
383576 137
383682 140
383788 138
383895 141
384002 139
384109 139
384215 142
384322 142
384428 141
384534 140
384641 140
384747 139
384853 138
384960 144
385067 140
385174 137
385280 139
385387 140
385493 138
385599 140
385706 3634
385812 3629
385918 3628
386026 3701
386132 3632
386239 3630
386345 3630
386452 3646
386558 3631
386664 3632
386771 3627
386877 3632
386985 3633
387091 3631
387198 3629
387304 3633
387411 3628
387517 3633
387623 3629
387729 3631
387836 3626
387942 3634
388050 3632
388156 3632
388263 3630
388369 3632
388476 3626
388582 3631
388688 3629
388794 3631
388901 3574
389008 3628
389115 3631
389221 3631
389328 3666
389434 3628
389541 3629
389647 3630
389753 3628
389859 3627
389966 3626
390073 3628
390180 3630
390286 3627
390393 3629
390499 3628
390606 3626
390712 3630
390818 3628
390924 3624
391032 3629
391139 3628
391245 3626
391352 3610
391458 3631
391564 3628
391671 3629
391777 3620
391883 3626
391991 3626
392097 3629
392204 3627
392310 3630
392417 3629
392523 3626
392629 3630
392736 3628
392842 3630
392948 3626
393056 3629
393162 3630
393269 3631
393375 3624
393482 3630
393588 3627
393694 3631
393801 3648
393907 3632
394014 3629
394121 3631
394227 3682
394334 3632
394440 3630
394547 3630
394653 3628
394759 3631
394866 3629
394972 3631
395079 3630
395186 3631
395292 3629
395399 3630
395505 3630
395612 3631
395718 3631
395824 3633
395931 3631
396038 3628
396144 3631
396251 3618
396357 3631
396464 3631
396570 3634
396677 3651
396783 3625
396889 3629
396997 3628
397103 3631
397210 3631
397316 3629
397423 3625
397529 3631
397635 3630
397742 3631
397848 3632
397954 3628
398062 3632
398168 3631
398275 3633
398381 3630
398488 3630
398594 3629
398700 3559
398807 3630
398913 3628
399020 3626
399127 3635
399233 3629
399340 3631
399446 3630
399553 3625
399659 3630
399765 3628
399872 3630
399978 3627
400085 3629
400192 3631
400298 3628
400405 3627
400511 3630
400617 3631
400724 3633
400830 3629
400936 3629
401044 3635
401150 3630
401257 3632
401363 3632
401470 3632
401576 3645
401682 3628
401789 3630
401895 3629
402003 3629
402109 3628
402215 3627
402322 3628
402428 3630
402535 3629
402641 3630
402747 3636
402854 3629
402960 3628
403068 3629
403174 3634
403280 3630
403387 3629
403493 3629
403600 3628
403706 3630
403812 3629
403919 3630
404026 3625
404133 3631
404239 3631
404346 3631
404452 3659
404558 3629
404665 3630
404771 3631
404877 3626
404985 3629
405091 3631
405198 3632
405304 3629
405411 3631
405517 3629
405623 3634
405730 3631
405836 3631
405942 3629
406050 3629
406156 3630
406263 3629
406369 3632
406476 3644
406582 3628
406688 3630
406795 3629
406901 3621
407009 3632
407115 3631
407222 3631
407328 3631
407434 3625
407541 3631
407647 3632
407753 3633
407860 3629
407966 3632
408074 3630
408180 3631
408287 3631
408393 3633
408499 3632
408606 3630
408712 3630
408818 3632
408925 3630
409032 3627
409139 3631
409245 3630
409352 3618
409458 3630
409564 3629
409671 3632
409777 3627
409883 3628
409991 138
410098 139
410204 138
410310 140
410417 139
410523 135
410629 137
410736 138
410842 138
410948 141
411056 138
411163 139
411269 139
411375 145
411482 139
411588 141
411694 139
411801 169
411907 137
412015 136
412121 138
412228 134
412334 134
412440 135
412547 138
412653 132
412759 131
412866 137
412972 131
413080 132
413186 136
413293 136
413399 135
413505 136
413612 132
413718 138
413824 138
413931 138
414038 137
414145 137
414251 155
414358 136
414464 140
414570 139
414677 139
414783 140
414889 138
414997 130
415103 144
415210 142
415316 141
415423 140
415529 138
415635 139
415742 140
415848 141
415954 137
416062 141
416168 141
416275 3633
416381 3626
416488 3630
416594 3629
416700 3623
416807 3628
416913 3627
417021 3630
417127 3627
417234 3629
417340 3629
417447 3630
417553 3628
417659 3628
417765 3630
417872 3629
417978 3627
418085 3629
418192 3628
418298 3627
418404 3627
418511 3632
418617 3629
418723 3630
418830 3626
418936 3631
419043 3631
419150 3652
419256 3630
419363 3630
419469 3629
419576 3605
419682 3627
419788 3631
419895 3629
420002 3627
420108 3631
420215 3631
420321 3631
420428 3633
420534 3626
420641 3632
420747 3630
420853 3631
420960 3630
421067 3631
421173 3632
421280 3632
421386 3631
421493 3630
421599 3619
421706 3630
421812 3628
421918 3630
422026 3628
422132 3631
422239 3632
422345 3630
422452 3627
422558 3629
422664 3628
422771 3631
422877 3628
422984 3628
423091 3629
423197 3627
423304 3631
423410 3629
423517 3628
423623 3629
423729 3629
423836 3629
423942 3630
424049 3630
424156 3635
424262 3629
424369 3633
424475 3626
424582 3629
424688 3630
424794 3626
424901 3639
425008 3630
425115 3629
425221 3631
425328 3630
425434 3627
425540 3632
425647 3624
425753 3630
425859 3628
425966 3630
426073 3632
426180 3629
426286 3630
426393 3633
426499 3592
426605 3631
426712 3633
426818 3632
426924 3627
427032 3628
427138 3634
427245 3631
427351 3634
427458 3632
427564 3632
427670 3632
427777 3629
427883 3630
427991 3630
428097 3633
428203 3628
428310 3631
428416 3631
428523 3631
428629 3627
428735 3626
428842 3627
428948 3631
429056 3625
429162 3628
429268 3628
429375 3633
429481 3626
429588 3629
429694 3629
429800 3620
429907 3626
430014 3629
430121 3628
430227 3628
430333 3631
430440 3630
430546 3629
430653 3628
430759 3625
430865 3628
430972 3633
431079 3626
431186 3623
431292 3627
431398 3632
431505 3628
431611 3629
431718 3631
431824 3662
431930 3628
432038 3630
432144 3630
432251 3587
432357 3629
432464 3628
432570 3630
432676 3629
432783 3628
432889 3626
432997 3631
433103 3632
433209 3629
433316 3628
433422 3629
433529 3627
433635 3630
433741 3631
433848 3627
433954 3628
434062 3629
434168 3629
434274 3646
434381 3627
434487 3632
434594 3627
434700 3632
434806 3629
434913 3632
435020 3631
435127 3630
435233 3629
435340 3632
435446 3627
435552 3632
435659 3629
435765 3630
435871 3627
435978 3631
436085 3631
436192 3632
