2 139
145 143
251 140
358 141
464 138
570 137
677 138
783 139
889 136
997 141
1103 141
1210 137
1316 141
1423 141
1529 138
1635 141
1742 138
1848 140
1954 138
2062 139
2168 139
2275 141
2381 138
2488 140
2594 129
2700 138
2807 143
2913 141
3020 158
3127 142
3233 140
3340 144
3446 140
3553 142
3659 140
3765 141
3872 140
3978 141
4086 141
4192 143
4298 140
4405 139
4511 142
4618 138
4724 139
4830 140
4937 138
5044 138
5151 136
5257 139
5364 136
5470 108
5576 139
5683 137
5789 138
5895 116
6003 136
6109 140
6216 133
6322 137
6429 141
6535 140
6641 3631
6748 3632
6854 3633
6960 3630
7068 3634
7174 3631
7281 3633
7387 3632
7494 3616
7600 3629
7706 3632
7813 3633
7919 3633
8027 3633
8133 3629
8239 3634
8346 3634
8452 3632
8559 3634
8665 3633
8771 3635
8878 3631
8985 3633
9092 3633
9198 3634
9304 3636
9411 3635
9517 3632
9624 3634
9730 3637
9836 3635
9943 3635
10050 3633
10157 3634
10263 3636
10369 3627
10476 3634
10582 3635
10689 3636
10795 3632
10901 3635
11009 3635
11116 3633
11222 3633
11328 3634
11435 3629
11541 3635
11647 3631
11754 3634
11860 3631
11966 3637
12074 3634
12181 3633
12287 3636
12393 3651
12500 3634
12606 3635
12712 3633
12819 3640
12925 3634
13033 3635
13139 3636
13246 3619
13352 3635
13458 3632
13565 3631
13671 3630
13777 3631
13884 3633
13991 3633
14098 3633
14204 3634
14311 3633
14417 3632
14523 3635
14630 3631
14736 3633
14842 3631
14949 3633
15056 3633
15163 3633
15269 3659
15376 3636
15482 3632
15588 3632
15695 3622
15801 3634
15907 3632
16015 3635
16121 3633
16228 3636
16334 3634
16441 3637
16547 3633
16653 3633
16760 3634
16866 3632
16972 3630
17080 3633
17186 3633
17293 3633
17399 3634
17506 3634
17612 3633
17718 3626
17825 3632
17931 3634
18039 3633
18145 3643
18252 3634
18358 3637
18464 3633
18571 3632
18677 3630
18783 3634
18890 3633
18997 3631
19104 3632
19210 3634
19317 3629
19423 3633
19529 3629
19636 3631
19742 3634
19848 3630
19955 3631
20062 3633
20169 3649
20275 3633
20382 3635
20488 3635
20594 3651
20701 3635
20807 3633
20913 3634
21021 3636
21128 3635
21234 3635
21341 3635
21447 3632
21553 3636
21659 146
21766 141
21872 137
21978 141
22085 139
22192 139
22298 142
22405 138
22511 138
22617 137
22724 143
22830 138
22936 136
23044 110
23150 142
23257 142
23363 142
23470 144
23576 140
23682 138
23789 142
23895 157
24002 141
24109 141
24215 137
24322 137
24428 142
24535 137
24641 142
24747 136
24854 140
24960 139
25067 133
25174 139
25280 136
25387 138
25493 142
25600 137
25706 139
25812 137
25919 122
26026 138
26133 138
26239 141
26346 138
26452 138
26558 139
26665 135
26771 137
26877 138
26985 136
27091 139
27198 139
27304 138
27411 138
27517 135
27623 138
27730 139
27836 138
27942 140
28050 139
28156 137
28263 139
28369 155
28476 137
28582 136
28688 137
28795 116
28901 139
29008 139
29115 141
29221 139
29328 140
29434 135
29541 140
29647 136
29753 142
29860 139
29966 139
30073 140
30180 143
30286 139
30393 135
30499 142
30606 138
30712 137
30818 122
30925 138
31032 137
31138 140
31245 139
31351 140
31458 143
31564 139
31671 136
31777 139
31883 138
31991 144
32097 139
32204 140
32310 140
32417 139
32523 140
32629 138
32736 140
32842 143
32948 140
33056 140
33162 141
33269 137
33375 139
33482 137
33588 139
33694 134
33801 138
33907 140
34015 138
34121 137
34227 135
34334 143
34440 137
34547 139
34653 141
34759 135
34866 137
34972 137
35080 135
35186 143
35292 126
35399 140
35505 141
35612 138
35718 161
35824 141
35931 138
36038 137
36145 138
36251 137
36358 138
36464 141
36570 140
36677 140
36783 3633
36889 3630
36997 3630
37103 3635
37210 3634
37316 3634
37423 3631
37529 3632
37635 3634
37742 3625
37848 3633
37954 3630
38062 3632
38168 3614
38275 3632
38381 3634
38488 3634
38594 3630
38700 3631
38807 3630
38913 3634
39021 3632
39127 3631
39233 3632
39340 3629
39446 3632
39553 3632
39659 3632
39765 3630
39872 3634
39978 3634
40086 3632
40192 3633
40298 3633
40405 3633
40511 3633
40618 3636
40724 3630
40830 3633
40937 3633
41044 3622
41151 3633
41257 3632
41363 3633
41470 3635
41576 3634
41683 3634
41789 3635
41895 3631
42003 3635
42110 3634
42216 3630
42322 3635
42429 3631
42535 3635
42641 3633
42748 3623
42854 3635
42960 3635
43068 3636
43175 3636
43281 3634
43387 3636
43494 3634
43600 3638
43706 3636
43813 3636
43919 3663
44027 3635
44133 3636
44240 3638
44346 3637
44452 3633
44559 3631
44665 3637
44771 3631
44878 3635
44985 3635
45092 3633
45198 3634
45305 3632
45411 3634
45517 3633
45624 3631
45730 3633
45836 3633
45943 3639
46050 3633
46157 3632
46263 3631
46370 3634
46476 3635
46582 3632
46689 3633
46795 3633
46901 3632
47009 3630
47115 3630
47222 3633
47328 3630
47435 3636
47541 3631
47647 3633
47754 3631
47860 3634
47966 3633
48074 3634
48180 3633
48287 3633
48393 3624
48500 3633
48606 3634
48712 3635
48819 3628
48925 3633
49033 3634
49139 3632
49246 3634
49352 3635
49458 3632
49565 3636
49671 3632
49777 3634
49884 3635
49991 3633
50098 3635
50204 3637
50311 3635
50417 3632
50523 3636
50630 3637
50736 3631
50842 3652
50949 3634
51056 3632
51163 3637
51269 3634
51376 3633
51482 3634
51588 3631
51695 3633
51801 138
51907 141
52015 143
52122 140
52228 140
52335 141
52441 142
52547 138
52653 137
52760 140
52866 138
52972 137
53080 137
53187 137
53293 131
53400 138
53506 139
53612 136
53718 143
53825 137
53931 137
54039 135
54145 140
54252 136
54358 141
54465 141
54571 139
54677 137
54783 135
54890 141
54997 137
55104 142
55210 139
55317 129
55423 140
55530 139
55636 138
55742 112
55848 137
55955 138
56062 139
56169 139
56275 137
56382 135
56488 136
56595 140
56701 136
56807 140
56913 137
57021 138
57127 137
57234 139
57340 137
57447 139
57553 136
57660 136
57766 137
57872 140
57978 137
58085 137
58192 138
58298 138
58405 137
58511 135
58617 117
58724 136
58830 139
58936 136
59044 136
59150 137
59257 137
59363 138
59470 139
59576 138
59682 139
59789 137
59895 141
60003 138
60109 137
60215 138
60322 140
60428 137
60535 140
60641 136
60747 140
60854 137
60960 138
61068 143
61174 139
61280 139
61387 141
61493 155
61600 140
61706 136
61812 141
61919 137
62026 138
62133 138
62239 136
62345 138
62452 139
62558 137
62665 143
62771 136
62877 142
62985 139
63092 137
63198 139
63304 141
63411 141
63517 142
63623 138
63730 143
63836 141
63942 161
64050 141
64157 140
64263 142
64369 138
64476 139
64582 140
64688 127
64795 139
64901 138
65009 136
65115 136
65222 139
65328 138
65434 137
65541 137
65647 138
65753 136
65860 138
65966 76
66074 138
66180 139
66287 138
66393 130
66499 139
66606 138
66712 137
66818 3636
66925 3633
67032 3632
67139 3632
67245 3630
67352 3634
67458 3630
67564 3635
67671 3631
67777 3634
67883 3632
67991 3630
68097 3632
68204 3631
68310 3632
68417 3632
68523 3633
68629 3636
68736 3629
68842 3645
68948 3631
69056 3631
69162 3634
69269 3631
69375 3631
69482 3633
69588 3636
69694 3633
69801 3631
69907 3640
70015 3634
70121 3634
70228 3634
70334 3637
70440 3630
70547 3634
70653 3634
70759 3635
70866 3633
70972 3631
71080 3635
71186 3634
71293 3646
71399 3633
71505 3637
71612 3634
71718 3636
71824 3633
71931 3635
72038 3631
72145 3634
72251 3635
72358 3635
72464 3636
72570 3631
72677 3634
72783 3633
72889 3633
72997 3634
73104 3636
73210 3633
73317 3633
73423 3634
73529 3630
73635 3631
73742 3604
73848 3630
73954 3634
74062 3633
74169 3632
74275 3630
74382 3634
74488 3633
74594 3634
74700 3630
74807 3633
74913 3628
75021 3629
75127 3635
75234 3633
75340 3635
75447 3631
75553 3634
75659 3635
75765 3632
75872 3633
75978 3633
76085 3634
76192 3623
76298 3634
76404 3630
76511 3632
76617 3643
76723 3631
76830 3629
76936 3634
77043 3631
77150 3632
77256 3634
77363 3633
77469 3633
77576 3632
77682 3633
77788 3634
77895 3633
78002 3634
78109 3632
78215 3637
78322 3633
78428 3635
78534 3635
78641 3627
78747 3633
78853 3632
78960 3634
79067 3634
79174 3630
79280 3633
79387 3634
79493 3632
79599 3634
79706 3632
79812 3632
79918 3632
80026 3630
80132 3632
80239 3633
80345 3632
80452 3636
80558 3631
80664 3631
80771 3632
80877 3633
80984 3635
81091 3611
81197 3632
81304 3633
81410 3631
81517 3622
81623 3632
81729 3635
81836 3629
81942 142
82049 139
82156 136
82262 138
82369 137
82475 138
82582 138
82688 135
82794 140
82901 139
83008 137
83114 141
83221 137
83327 141
83434 139
83540 140
83647 141
83753 140
83859 139
83966 146
84073 139
84179 141
84286 141
84392 140
84499 139
84605 138
84712 139
84818 138
84924 139
85032 139
85138 140
85245 133
85351 141
85458 140
85564 145
85670 138
85777 140
85883 140
85991 126
86097 138
86203 138
86310 138
86416 143
86523 138
86629 140
86735 139
86842 132
86948 137
87056 139
87162 137
87268 139
87375 138
87481 138
87588 134
87694 137
87800 138
87907 138
88014 138
88121 141
88227 137
88334 138
88440 177
88546 137
88653 137
88759 138
88865 153
88972 137
89079 138
89186 139
89292 113
89399 138
89505 143
89611 135
89718 134
89824 140
89930 139
90038 146
90144 141
90251 141
90357 138
90464 143
90570 141
90676 139
90783 137
90889 141
90997 141
91103 139
91209 140
91316 142
91422 139
91529 138
91635 137
91741 161
91848 140
91954 137
92062 142
92168 139
92274 140
92381 140
92487 138
92594 139
92700 141
92806 140
92913 138
93020 139
93127 143
93233 138
93339 137
93446 138
93552 139
93659 138
93765 119
93871 140
93978 143
94085 136
94192 123
94298 135
94404 137
94511 138
94617 137
94723 137
94830 139
94936 139
95044 137
95150 137
95257 138
95363 135
95469 138
95576 139
95682 138
95788 140
95895 136
96002 136
96109 140
96215 135
96322 140
96428 139
96534 140
96641 159
96747 138
96853 139
96960 3633
97067 3630
97174 3635
97280 3633
97387 3632
97493 3633
97599 3635
97706 3634
97812 3629
97918 3635
98026 3635
98133 3633
98239 3632
98346 3634
98452 3631
98558 3633
98664 3624
98771 3635
98877 3631
98985 3633
99091 3628
99198 3632
99304 3635
99411 3634
99517 3634
99623 3632
99729 3633
99836 3633
99942 3626
100050 3634
100156 3632
100263 3633
100369 3630
100476 3635
100582 3631
100688 3637
100794 3631
100901 3635
101008 3634
101115 3636
101221 3634
101328 3634
101434 3635
101541 3635
101647 3633
101753 3635
101859 3633
101966 3613
102073 3633
102180 3632
102286 3636
102393 3634
102499 3630
102606 3637
102712 3636
102818 3635
102924 3634
103032 3635
103138 3637
103245 3634
103351 3633
103458 3637
103564 3635
103671 3635
103777 3633
103883 3638
103991 3653
104097 3636
104204 3635
104310 3636
104417 3636
104523 3632
104629 3633
104736 3633
104842 3631
104948 3631
105056 3634
105162 3631
105269 3631
105375 3635
105482 3631
105588 3635
105694 3631
105801 3634
105907 3632
106014 3662
106121 3631
106227 3632
106334 3635
106440 3631
106547 3633
106653 3634
106759 3633
106866 3636
106972 3632
107079 3631
107186 3633
107292 3634
107399 3636
107505 3635
107612 3629
107718 3634
107824 3633
107931 3633
108038 3634
108145 3632
108251 3634
108358 3635
108464 3633
108570 3633
108677 3629
108783 3633
108889 3576
108997 3635
109103 3636
109210 3634
109316 3617
109423 3636
109529 3632
109635 3634
109742 3632
109848 3634
109954 3632
110062 3632
110168 3636
110275 3634
110381 3635
110488 3634
110594 3634
110700 3633
110807 3633
110913 3642
111020 3634
111127 3634
111233 3634
111340 3657
111446 3634
111553 3636
111659 3631
111765 3643
111872 3633
111978 3636
112085 140
112192 141
112298 138
112405 141
112511 139
112617 138
112724 137
112830 138
112936 146
113044 140
113150 139
113257 138
113363 137
113470 137
113576 136
113682 139
113789 137
113895 138
114003 135
114109 135
114215 146
114322 134
114428 138
114535 138
114641 141
114747 138
114854 139
114960 139
115068 137
115174 140
115280 139
115387 141
115493 137
115600 140
115706 137
115812 143
115919 137
116026 137
116133 138
116239 139
116345 140
116452 139
116558 137
116665 165
116771 138
116877 147
116985 139
117092 137
117198 137
117304 138
117411 138
117517 138
117623 140
117730 138
117836 137
117942 140
118050 138
118157 138
118263 135
118369 142
118476 139
118582 138
118688 139
118795 140
118901 137
119009 139
119115 135
119222 134
119328 136
119434 136
119541 135
119647 135
119753 133
119860 134
119966 131
120074 138
120180 135
120287 136
120393 138
120499 133
120606 132
120712 133
120818 137
120925 137
121032 136
121139 110
121245 137
121352 138
121458 137
121564 140
121671 138
121777 136
121883 137
121991 138
122097 142
122204 139
122310 132
122417 140
122523 137
122629 141
122736 137
122842 138
122948 141
123056 139
123162 140
123269 139
123375 142
123482 142
123588 142
123694 141
123801 139
123907 141
124015 136
124121 141
124228 139
124334 139
124440 155
124547 142
124653 136
124759 139
124866 136
124972 142
125080 140
125186 137
125293 137
125399 140
125505 138
125612 137
125718 140
125824 138
125931 137
126038 140
126145 140
126251 139
126358 142
126464 131
126570 138
126677 140
126783 135
126889 113
126997 139
127104 3634
127210 3630
127317 3628
127423 3632
127529 3634
127635 3631
127742 3634
127848 3630
127954 3635
128062 3633
128169 3633
128275 3634
128382 3635
128488 3634
128594 3634
128700 3632
128807 3635
128913 3633
129021 3632
129127 3636
129234 3636
129340 3633
129447 3634
129553 3631
129659 3637
129765 3638
129872 3634
129978 3633
130085 3637
130192 3636
130298 3631
130404 3635
130511 3635
130617 3634
130723 3631
130830 3636
130936 3634
131043 3634
131150 3633
131256 3632
131363 3634
131469 3632
131576 3633
131682 3632
131788 3621
131895 3634
132002 3636
132109 3633
132215 3689
132322 3632
132428 3633
132534 3636
132641 3635
132747 3632
132853 3631
132960 3634
133067 3637
133174 3629
133280 3633
133387 3634
133493 3633
133599 3633
133706 3626
133812 3631
133918 3626
134026 3628
134132 3630
134239 3642
134345 3637
134452 3633
134558 3632
134664 3631
134771 3635
134877 3632
134984 3631
135091 3633
135197 3634
135304 3634
135410 3633
135517 3633
135623 3632
135729 3632
135836 3630
135942 3636
136049 3633
136156 3633
136262 3640
136369 3634
136475 3632
136582 3634
136688 3594
136794 3632
136901 3632
137008 3632
137114 3633
137221 3633
137327 3633
137434 3634
137540 3632
137647 3633
137753 3631
137859 3636
137966 3631
138073 3633
138179 3634
138286 3634
138392 3633
138499 3634
138605 3632
138712 3632
138818 3629
138924 3637
139032 3631
139138 3624
139245 3633
139351 3633
139458 3631
139564 3635
139670 3631
139777 3635
139883 3633
139991 3633
140097 3634
140203 3631
140310 3635
140416 3634
140523 3633
140629 3634
140735 3634
140842 3636
140948 3631
141056 3633
141162 3636
141268 3633
141375 3636
141481 3632
141588 3629
141694 3636
141800 3630
141907 3631
142014 3637
142121 3631
142227 136
142334 138
142440 139
142546 135
142653 136
142759 136
142865 137
142972 143
143079 142
143186 136
143292 142
143399 143
143505 140
143611 142
143718 140
143824 142
143930 142
144038 209
144144 145
144251 138
144357 144
144464 159
144570 134
144676 137
144783 136
144889 138
144997 138
145103 137
145209 135
145316 132
145422 137
145529 140
145635 137
145741 141
145848 136
145954 133
146062 143
146168 140
146274 137
146381 140
146487 137
146594 140
146700 139
146806 137
146913 90
147020 138
147127 139
147233 139
147339 183
147446 138
147552 136
147659 138
147765 139
147871 140
147978 137
148085 137
148192 141
148298 138
148404 141
148511 141
148617 137
148723 139
148830 138
148936 142
149044 140
149150 140
149257 139
149363 122
149469 139
149576 141
149682 138
149788 162
149895 141
150002 139
150109 135
150215 133
150322 140
150428 140
150534 140
150641 139
150747 139
150853 138
150960 138
151067 143
151174 141
151280 139
151387 141
151493 138
151599 138
151706 140
151812 136
151918 140
152026 141
152133 140
152239 145
152346 141
152452 139
152558 140
152664 136
152771 140
152877 139
152985 134
153091 140
153198 141
153304 139
153411 139
153517 137
153623 142
153729 135
153836 137
153942 136
154050 136
154156 137
154263 130
154369 136
154476 140
154582 134
154688 116
154794 140
154901 135
155008 139
155115 139
155221 139
155328 140
155434 138
155541 139
155647 136
155753 141
155859 145
155966 139
156073 137
156180 139
156286 139
156393 136
156499 136
156606 138
156712 136
156818 141
156924 140
157032 137
157138 130
157245 3632
157351 3633
157458 3635
157564 3632
157671 3634
157777 3631
157883 3632
157991 3610
158097 3632
158204 3633
158310 3635
158417 3633
158523 3634
158629 3630
158736 3631
158842 3629
158948 3634
159056 3634
159162 3633
159269 3634
159375 3635
159482 3631
159588 3609
159694 3632
159801 3635
159907 3632
160014 3630
160121 3634
160227 3635
160334 3633
160440 3634
160547 3634
160653 3635
160759 3631
160866 3632
160972 3632
161079 3634
161186 3633
161292 3634
161399 3635
161505 3634
161612 3636
161718 3632
161824 3632
161931 3634
162038 3615
162145 3634
162251 3633
162358 3634
162464 3623
162570 3633
162677 3635
162783 3634
162889 3631
162997 3628
163103 3634
163210 3632
163316 3632
163423 3632
163529 3631
163635 3631
163742 3631
163848 3636
163954 3634
164062 3636
164168 3638
164275 3636
164381 3634
164488 3620
164594 3636
164700 3633
164807 3631
164913 3652
165020 3635
165127 3632
165233 3635
165340 3634
165446 3634
165553 3633
165659 3632
165765 3632
165872 3632
165978 3635
166085 3630
166192 3632
166298 3634
166405 3635
166511 3632
166617 3636
166724 3632
166830 3635
166936 3634
167044 3632
167150 3632
167257 3632
167363 3650
167470 3634
167576 3631
167682 3631
167789 3657
167895 3635
168003 3632
168109 3636
168215 3634
168322 3633
168428 3633
168535 3633
168641 3633
168747 3632
168854 3631
168960 3636
169068 3635
169174 3633
169280 3635
169387 3633
169493 3631
169600 3636
169706 3631
169812 3630
169919 3633
170026 3632
170133 3636
170239 3634
170345 3634
170452 3636
170558 3633
170665 3632
170771 3630
170877 3635
170985 3637
171092 3690
171198 3633
171304 3637
171411 3634
171517 3638
171623 3633
171730 3633
171836 3632
171942 3631
172050 3635
172157 3635
172263 125
172369 141
172476 137
172582 141
172688 130
172795 139
172901 139
173009 139
173115 138
173222 141
173328 137
173434 140
173541 137
173647 138
173753 139
173860 143
173966 137
174074 137
174180 137
174287 120
174393 139
174499 140
174606 136
174712 167
174818 137
174925 138
175032 140
175139 139
175245 134
175352 142
175458 137
175564 140
175671 137
175777 138
175883 139
175991 139
176097 138
176204 138
176310 132
176417 140
176523 139
176629 138
176736 134
176842 140
176948 136
177056 135
177162 118
177269 136
177375 139
177482 139
177588 141
177694 140
177801 138
177907 138
178015 138
178121 139
178228 138
178334 149
178440 139
178547 139
178653 138
178759 137
178866 137
178972 141
179080 139
179186 152
179293 137
179399 141
179505 139
179612 112
179718 140
179824 138
179931 137
180038 134
180145 140
180251 137
180358 138
180464 140
180570 136
180677 138
180783 140
180889 141
180997 140
181104 137
181210 138
181317 139
181423 139
181529 140
181635 142
181742 139
181848 138
181954 140
182062 168
182169 137
182275 138
182382 141
182488 120
182594 139
182700 137
182807 141
182913 140
183021 139
183127 141
183234 140
183340 141
183447 141
183553 140
183659 143
183765 139
183872 141
183978 140
184085 145
184192 142
184298 141
184404 144
184511 134
184617 136
184723 136
184830 141
184936 144
185043 136
185150 140
185256 140
185363 151
185469 140
185576 139
185682 139
185788 137
185895 138
186002 139
186109 136
186215 138
186322 139
186428 137
186534 140
186641 135
186747 137
186853 136
186960 142
187067 139
187174 136
187280 3636
187387 3618
187493 3630
187599 3630
187706 3628
187812 3617
187918 3632
188026 3631
188132 3635
188239 3633
188345 3633
188452 3631
188558 3632
188664 3632
188771 3631
188877 3635
188984 3629
189091 3630
189197 3634
189304 3632
189410 3633
189517 3632
189623 3634
189729 3637
189836 3630
189942 3636
190049 3634
190156 3636
190262 3641
190369 3635
190475 3635
190582 3633
190688 3636
190794 3634
190901 3632
191008 3629
191114 3634
191221 3634
191327 3636
191434 3638
191540 3632
191647 3633
191753 3634
191859 3634
191966 3632
192073 3633
192179 3635
192286 3637
192392 3634
192499 3634
192605 3631
192712 3646
192818 3630
192924 3635
193032 3635
193138 3634
193245 3629
193351 3635
193458 3630
193564 3632
193670 3631
193777 3632
193883 3632
193991 3628
194097 3635
194203 3634
194310 3632
194416 3633
194523 3632
194629 3634
194735 3629
194842 3632
194948 3628
195056 3631
195162 3610
195268 3634
195375 3633
195481 3635
195588 3629
195694 3633
195800 3627
195907 3635
196014 3631
196121 3633
196227 3633
196334 3639
196440 3631
196546 3633
196653 3633
196759 3634
196865 3631
196972 3632
197079 3635
197186 3630
197292 3635
197399 3637
197505 3631
197611 3615
197718 3632
197824 3634
197930 3635
198038 3632
198144 3636
198251 3633
198357 3636
198464 3634
198570 3633
198676 3632
198783 3631
198889 3635
198997 3632
199103 3632
199209 3634
199316 3635
199422 3635
199529 3632
199635 3633
199741 3634
199848 3634
199954 3634
200062 3634
200168 3637
200274 3633
200381 3633
200487 3636
200594 3635
200700 3631
200806 3633
200913 3631
201020 3633
201127 3633
201233 3635
201339 3633
201446 3635
201552 3634
201659 3634
201765 3636
201871 3635
201978 3632
202085 3636
202192 3633
202298 3634
202404 136
202511 171
202617 139
202723 141
202830 139
202936 156
203044 140
203150 140
203257 138
203363 140
203469 139
203576 142
203682 139
203788 142
203895 141
204002 140
204109 142
204215 140
204322 140
204428 139
204534 139
204641 136
204747 138
204853 137
204960 137
205067 137
205174 139
205280 136
205387 136
205493 139
205599 137
205706 138
205812 134
205918 139
206026 137
206133 146
206239 137
206346 137
206452 136
206558 140
206664 136
206771 137
206877 137
206985 136
207091 139
207198 140
207304 137
207411 111
207517 132
207623 139
207729 137
207836 110
207942 137
208050 131
208156 139
208263 139
208369 137
208476 139
208582 221
208688 140
208794 140
208901 140
209008 137
209115 137
209221 140
209328 139
209434 139
209541 140
209647 140
209753 141
209859 142
209966 141
210073 137
210180 141
210286 152
210393 142
210499 137
210606 140
210712 126
210818 140
210924 139
211032 140
211138 141
211245 143
211351 141
211458 136
211564 141
211671 140
211777 140
211883 140
211991 138
212097 140
212204 137
212310 139
212417 138
212523 139
212629 139
212736 145
212842 136
212948 139
213056 139
213162 139
213269 136
213375 138
213482 137
213588 138
213694 137
213801 139
213907 138
214014 133
214121 139
214227 136
214334 139
214440 139
214547 136
214653 138
214759 134
214866 139
214972 135
215079 134
215186 147
215292 138
215399 136
215505 141
215612 165
215718 142
215824 137
215931 137
216038 139
216145 138
216251 140
216358 138
216464 138
216570 139
216677 138
216783 142
216889 140
216997 138
217103 138
217210 127
217316 138
217423 3634
217529 3632
217635 3648
217742 3633
217848 3633
217954 3632
218062 3633
218168 3631
218275 3632
218381 3634
218488 3630
218594 3633
218700 3631
218807 3631
218913 3633
219020 3633
219127 3632
219233 3628
219340 3634
219446 3627
219553 3631
219659 3631
219765 3632
219872 3630
219978 3635
220085 3643
220192 3633
220298 3633
220405 3633
220511 3616
220617 3635
220724 3630
220830 3635
220936 3627
221044 3632
221150 3635
221257 3637
221363 3635
221470 3636
221576 3632
221682 3633
221789 3634
221895 3633
222003 3634
222109 3633
222215 3635
222322 3632
222428 3633
222535 3634
222641 3632
222747 3636
222854 3635
222960 3623
223068 3635
223174 3635
223280 3632
223387 3632
223493 3635
223600 3636
223706 3628
223812 3636
223919 3635
224026 3635
224133 3635
224239 3633
224345 3636
224452 3633
224558 3633
224665 3630
224771 3630
224877 3634
224985 3642
225092 3634
225198 3631
225304 3636
225411 3635
225517 3632
225623 3636
225730 3634
225836 3645
225942 3636
226050 3631
226157 3633
226263 3633
226369 3632
226476 3630
226582 3632
226688 3635
226795 3638
226901 3633
227009 3635
227115 3634
227222 3633
227328 3633
227434 3641
227541 3630
227647 3634
227753 3631
227860 3658
227966 3632
228074 3631
228180 3633
228287 3631
228393 3633
228499 3634
228606 3631
228712 3634
228818 3632
228925 3634
229032 3633
229139 3630
229245 3634
229352 3632
229458 3627
229564 3633
229671 3635
229777 3633
229883 3632
229991 3633
230097 3639
230204 3635
230310 3642
230417 3634
230523 3634
230629 3635
230736 3605
230842 3634
230948 3631
231056 3631
231162 3632
231269 3637
231375 3634
231482 3635
231588 3633
231694 3636
231801 3633
231907 3635
232015 3634
232121 3636
232228 3632
232334 3630
232440 3633
232547 142
232653 140
232759 126
232866 138
232972 139
233080 139
233186 139
233293 139
233399 139
233505 141
233612 139
233718 139
233824 141
233931 140
234038 136
234145 139
234251 137
234358 139
234464 137
234570 137
234677 139
234783 137
234889 140
234997 139
235104 136
235210 135
235317 138
235423 138
235529 138
235635 158
235742 138
235848 139
235954 140
236062 140
236169 136
236275 138
236382 141
236488 137
236594 141
236700 137
236807 137
236913 135
237021 138
237127 140
237234 141
237340 138
237447 140
237553 136
237659 140
237765 139
237872 139
237978 138
238085 144
238192 138
238298 135
238404 138
238511 156
238617 139
238723 138
238830 136
238936 133
239043 137
239150 140
239256 135
239363 139
239469 138
239576 137
239682 141
239788 142
239895 140
240002 141
240109 90
240215 140
240322 137
240428 137
240534 139
240641 136
240747 139
240853 136
240960 156
241067 140
241174 137
241280 140
241387 139
241493 138
241599 137
241706 133
241812 138
241918 136
242026 137
242132 138
242239 140
242345 135
242452 141
242558 137
242664 143
242771 138
242877 139
242984 136
243091 140
243197 139
243304 143
243410 110
243517 143
243623 138
243729 137
243836 138
243942 144
244049 138
244156 141
244262 142
244369 139
244475 137
244582 137
244688 138
244794 138
244901 138
245008 135
245114 138
245221 142
245327 140
245434 128
245540 140
245647 139
245753 138
245859 115
245966 140
246073 138
246179 140
246286 138
246392 139
246499 138
246605 141
246712 140
246818 137
246924 136
247032 138
247138 137
247245 139
247351 142
247458 143
247564 3635
247670 3630
247777 3634
247883 3630
247991 3633
248097 3632
248203 3634
248310 3633
248416 3636
248523 3631
248629 3635
248735 3638
248842 3635
248948 3633
249056 3629
249162 3631
249268 3635
249375 3633
249481 3636
249588 3633
249694 3637
249800 3635
249907 3634
250014 3635
250121 3633
250227 3628
250334 3654
250440 3635
250546 3633
250653 3634
250759 3651
250865 3635
250972 3636
251079 3632
251186 3634
251292 3637
251399 3637
251505 3635
251611 3633
251718 3632
251824 3636
251930 3629
252038 3632
252144 3636
252251 3633
252357 3634
252464 3630
252570 3633
252676 3634
252783 3629
252889 3636
252997 3632
253103 3632
253209 3638
253316 3633
253422 3633
253529 3633
253635 3624
253741 3635
253848 3630
253954 3633
254062 3631
254168 3631
254274 3631
254381 3635
254487 3632
254594 3634
254700 3632
254806 3632
254913 3631
255020 3630
255127 3633
255233 3623
255339 3636
255446 3632
255552 3633
255659 3623
255765 3633
255871 3635
255978 3627
256085 3632
256192 3632
256298 3634
256404 3632
256511 3637
256617 3633
256723 3633
256830 3629
256936 3637
257044 3634
257150 3634
257257 3634
257363 3633
257469 3630
257576 3642
257682 3633
257788 3633
257895 3632
258002 3632
258109 3620
258215 3632
258322 3635
258428 3634
258534 3631
258641 3635
258747 3630
258853 3633
258960 3648
259067 3629
259174 3636
259280 3633
259387 3632
259493 3630
259599 3630
259706 3638
259812 3631
259918 3634
260026 3637
260133 3632
260239 3636
260346 3631
260452 3631
260558 3631
260664 3631
260771 3636
260877 3633
260985 3641
261091 3637
261198 3636
261304 3632
261411 3637
261517 3634
261623 3632
261729 3634
261836 3631
261942 3632
262050 3632
262156 3633
262263 3631
262369 3634
262476 3632
262582 3634
262688 139
262794 140
262901 142
263008 152
263115 140
263221 139
263328 140
263434 126
263541 143
263647 140
263753 138
263859 117
263966 141
264073 141
264180 147
264286 141
264393 139
264499 137
264606 142
264712 136
264818 139
264924 136
265032 137
265138 138
265245 139
265351 139
265458 140
265564 139
265671 136
265777 139
265883 158
265991 139
266097 138
266204 135
266310 137
266417 136
266523 139
266629 140
266736 135
266842 137
266948 140
267056 136
267162 139
267269 137
267375 139
267482 140
267588 138
267694 137
267801 142
267907 141
268014 137
268121 142
268227 138
268334 129
268440 138
268547 137
268653 140
268759 103
268866 140
268972 139
269079 138
269186 140
269292 136
269399 139
269505 142
269612 136
269718 140
269824 140
269931 142
270038 139
270145 138
270251 140
270358 146
270464 141
270570 142
270677 139
270783 118
270889 138
270997 137
271103 140
271210 141
271316 140
271423 141
271529 140
271635 141
271742 140
271848 138
271954 139
272062 137
272168 141
272275 138
272381 141
272488 140
272594 140
272700 138
272807 133
272913 139
273020 139
273127 138
273233 155
273340 139
273446 136
273553 141
273659 142
273765 136
273872 136
273978 139
274085 137
274192 138
274298 137
274405 142
274511 137
274617 140
274724 139
274830 137
274936 141
275044 136
275150 138
275257 139
275363 136
275470 139
275576 137
275682 141
275789 136
275895 138
276003 136
276109 156
276215 138
276322 138
276428 138
276535 137
276641 136
276747 140
276854 137
276960 139
277068 140
277174 138
277280 140
277387 139
277493 138
277600 139
277706 3636
277812 3632
277919 3635
278026 3630
278133 3618
278239 3636
278345 3632
278452 3632
278558 3630
278665 3635
278771 3631
278877 3634
278985 3635
279092 3630
279198 3632
279304 3630
279411 3631
279517 3632
279623 3633
279730 3634
279836 3632
279942 3633
280050 3633
280157 3632
280263 3633
280369 3633
280476 3632
280582 3669
280688 3632
280795 3635
280901 3630
281009 3626
281115 3632
281222 3637
281328 3634
281434 3633
281541 3634
281647 3633
281753 3632
281860 3635
281966 3631
282074 3633
282180 3634
282287 3636
282393 3633
282499 3632
282606 3626
282712 3634
282818 3632
282925 3633
283032 3615
283139 3634
283245 3631
283352 3637
283458 3641
283564 3637
283671 3635
283777 3637
283883 3644
283991 3633
284097 3638
284204 3637
284310 3635
284417 3635
284523 3635
284629 3634
284736 3634
284842 3633
284948 3631
285056 3632
285162 3634
285269 3632
285375 3635
285482 3649
285588 3632
285694 3634
285801 3632
285907 3636
286015 3634
286121 3632
286228 3631
286334 3636
286440 3632
286547 3633
286653 3630
286759 3636
286866 3632
286972 3632
287080 3630
287186 3632
287293 3632
287399 3633
287505 3631
287612 3633
287718 3633
287824 3633
287931 3633
288038 3632
288145 3636
288251 3632
288358 3646
288464 3633
288570 3632
288677 3632
288783 3620
288889 3634
288997 3633
289104 3634
289210 3634
289317 3631
289423 3634
289529 3634
289635 3633
289742 3633
289848 3632
289954 3635
290062 3636
290169 3636
290275 3636
290382 3579
290488 3632
290594 3636
290700 3632
290807 3632
290913 3634
291021 3633
291127 3639
291234 3637
291340 3633
291447 3636
291553 3634
291659 3637
291765 3632
291872 3636
291978 3635
292085 3633
292192 3632
292298 3633
292404 3637
292511 3635
292617 3634
292723 135
292830 145
292936 138
293043 139
293150 139
293256 145
293363 137
293469 140
293576 135
293682 119
293788 137
293895 139
294002 140
294109 138
294215 136
294322 138
294428 138
294534 139
294641 137
294747 139
294853 137
294960 141
295067 138
295174 138
295280 131
295387 138
295493 137
295599 141
295706 134
295812 138
295918 140
296026 137
296132 169
296239 138
296345 138
296452 139
296558 138
296664 139
296771 136
296877 141
296984 136
297091 140
297197 140
297304 140
297410 134
297517 139
297623 140
297729 140
297836 137
297942 139
298049 140
298156 120
298262 139
298369 137
298475 140
298582 159
298688 130
298794 137
298901 139
299008 137
299114 140
299221 140
299327 139
299434 137
299540 138
299647 138
299753 137
299859 138
299966 136
300073 136
300179 139
300286 138
300392 138
300499 140
300605 140
300712 136
300818 135
300924 142
301032 127
301138 137
301245 137
301351 142
301458 152
301564 141
301670 135
301777 138
301883 133
301991 138
302097 138
302203 136
302310 141
302416 141
302523 138
302629 139
302735 137
302842 140
302948 139
303056 138
303162 139
303268 142
303375 143
303481 127
303588 140
303694 141
303800 139
303907 149
304014 140
304121 143
304227 144
304334 143
304440 136
304546 139
304653 139
304759 140
304865 136
304972 140
305079 140
305186 141
305292 139
305399 137
305505 138
305611 138
305718 137
305824 139
305930 139
306038 134
306144 138
306251 137
306357 154
306464 138
306570 134
306676 139
306783 158
306889 135
306997 139
307103 135
307209 138
307316 138
307422 138
307529 135
307635 136
307741 3637
307848 3631
307954 3630
308062 3634
308168 3632
308274 3633
308381 3635
308487 3634
308594 3634
308700 3632
308806 3608
308913 3629
309020 3630
309127 3633
309233 3633
309339 3633
309446 3636
309552 3633
309659 3639
309765 3631
309871 3636
309978 3635
310085 3635
310192 3635
310298 3636
310404 3632
310511 3636
310617 3631
310723 3633
310830 3635
310936 3635
311044 3636
311150 3633
311257 3622
311363 3635
311469 3635
311576 3634
311682 3652
311788 3637
311895 3631
312002 3635
312109 3635
312215 3634
312322 3633
312428 3637
312534 3633
312641 3633
312747 3633
312853 3636
312960 3631
313067 3631
313174 3631
313280 3632
313387 3627
313493 3633
313599 3630
313706 3633
313812 3630
313918 3634
314026 3631
314133 3629
314239 3632
314346 3631
314452 3631
314558 3633
314664 3631
314771 3634
314877 3628
314985 3631
315091 3632
315198 3634
315304 3633
315411 3632
315517 3631
315623 3634
315729 3630
315836 3635
315942 3633
316050 3633
316156 3628
316263 3633
316369 3633
316476 3634
316582 3638
316688 3635
316794 3632
316901 3634
317008 3634
317115 3631
317221 3632
317328 3637
317434 3632
317541 3635
317647 3633
317753 3632
317859 3631
317966 3634
318073 3631
318180 3632
318286 3632
318393 3636
318499 3631
318606 3633
318712 3633
318818 3634
318924 3633
319032 3604
319138 3635
319245 3631
319351 3630
319458 3632
319564 3630
319671 3629
319777 3627
319883 3630
319991 3629
320097 3632
320204 3632
320310 3629
320417 3628
320523 3632
320629 3629
320736 3631
320842 3630
320948 3631
321056 3641
321162 3630
321269 3636
321375 3630
321482 3624
321588 3632
321694 3628
321801 3633
321907 3680
322014 3631
322121 3634
322227 3632
322334 3635
322440 3635
322547 3634
322653 3633
322759 3633
322866 142
322972 140
323079 137
323186 139
323292 142
323399 143
323505 146
323612 140
323718 139
323824 137
323931 158
324038 138
324145 140
324251 141
324358 143
324464 135
324570 139
324677 141
324783 138
324889 135
324997 138
325103 133
325210 140
325316 139
325423 141
325529 137
325635 138
325742 140
325848 137
325954 139
326062 139
326168 139
326275 138
326381 148
326488 137
326594 138
326700 136
326807 135
326913 138
327020 139
327127 137
327233 137
327340 141
327446 136
327553 136
327659 136
327765 139
327872 138
327978 138
328085 138
328192 140
328298 140
328405 102
328511 137
328617 138
328724 137
328830 139
328936 140
329044 138
329150 137
329257 137
329363 137
329470 141
329576 144
329682 141
329789 139
329895 142
330003 135
330109 141
330215 140
330322 141
330428 143
330535 142
330641 142
330747 145
330854 144
330960 141
331068 136
331174 137
331280 139
331387 138
331493 138
331600 138
331706 134
331812 138
331919 143
332026 137
332133 141
332239 136
332345 139
332452 137
332558 138
332665 139
332771 138
332877 137
332985 140
333092 139
333198 138
333304 139
333411 138
333517 139
333623 132
333730 126
333836 139
333942 138
334050 141
334157 158
334263 139
334369 138
334476 140
334582 140
334688 141
334795 140
334901 137
335009 138
335115 139
335222 138
335328 152
335434 138
335541 139
335647 139
335753 138
335860 140
335966 138
336074 137
336180 136
336287 139
336393 138
336499 136
336606 146
336712 137
336818 137
336925 140
337032 138
337139 137
337245 141
337352 139
337458 137
337564 138
337671 138
337777 138
337883 3631
337991 3632
338097 3634
338204 3634
338310 3629
338417 3632
338523 3630
338629 3706
338736 3632
338842 3632
338948 3632
339056 3614
339162 3635
339269 3632
339375 3633
339482 3631
339588 3632
339694 3635
339801 3633
339907 3631
340015 3636
340121 3632
340228 3629
340334 3634
340440 3632
340547 3635
340653 3632
340759 3632
340866 3633
340972 3635
341080 3633
341186 3632
341293 3633
341399 3637
341505 3638
341612 3635
341718 3630
341824 3632
341931 3643
342038 3629
342145 3632
342251 3635
342358 3631
342464 3630
342570 3630
342677 3634
342783 3633
342889 3635
342997 3637
343104 3641
343210 3636
343317 3636
343423 3635
343529 3638
343635 3635
343742 3635
343848 3637
343954 3633
344062 3636
344169 3634
344275 3637
344382 3636
344488 3631
344594 3630
344700 3626
344807 3628
344913 3630
345021 3629
345127 3632
345234 3634
345340 3633
345447 3635
345553 3630
345659 3633
345765 3634
345872 3635
345978 3631
346085 3632
346192 3634
346298 3633
346404 3638
346511 3634
346617 3630
346723 3630
346830 3657
346936 3632
347043 3631
347150 3634
347256 3630
347363 3634
347469 3634
347576 3633
347682 3633
347788 3632
347895 3632
348002 3634
348109 3633
348215 3635
348322 3634
348428 3632
348534 3632
348641 3634
348747 3633
348853 3630
348960 3636
349067 3632
349174 3634
349280 3640
349387 3633
349493 3633
349599 3636
349706 3605
349812 3634
349918 3636
350026 3635
350132 3635
350239 3635
350345 3635
350452 3634
350558 3634
350664 3638
350771 3633
350877 3634
350984 3635
351091 3634
351197 3632
351304 3654
351410 3633
351517 3632
351623 3635
351729 3622
351836 3635
351942 3636
352049 3634
352156 3632
352262 3634
352369 3635
352475 3635
352582 3632
352688 3634
352794 3635
352901 3636
353008 139
353114 139
353221 136
353327 142
353434 141
353540 143
353647 141
353753 134
353859 138
353966 135
354073 138
354179 146
354286 138
354392 143
354499 140
354605 152
354712 139
354818 137
354924 139
355032 141
355138 136
355245 138
355351 135
355458 139
355564 140
355670 136
355777 138
355883 138
355991 136
356097 138
356203 137
356310 139
356416 139
356523 135
356629 137
356735 141
356842 138
356948 136
357056 125
357162 140
357268 139
357375 136
357481 140
357588 138
357694 135
357800 135
357907 138
358014 140
358121 142
358227 136
358334 138
358440 136
358546 142
358653 138
358759 139
358865 136
358972 140
359079 129
359186 137
359292 140
359399 139
359505 147
359611 143
359718 138
359824 141
359930 159
360038 137
360144 141
360251 135
360357 138
360464 138
360570 139
360676 139
360783 137
360889 138
360997 141
361103 142
361209 136
361316 139
361422 139
361529 139
361635 134
361741 135
361848 138
361954 119
362062 139
362168 141
362274 140
362381 139
362487 139
362594 141
362700 138
362806 138
362913 138
363020 134
363127 159
363233 140
363339 140
363446 139
363552 139
363659 143
363765 140
363871 143
363978 137
364085 141
364192 141
364298 143
364404 137
364511 136
364617 137
364723 139
364830 126
364936 140
365044 138
365150 136
365257 140
365363 140
365469 139
365576 138
365682 135
365788 142
365895 136
366002 136
366109 137
366215 142
366322 137
366428 152
366534 134
366641 139
366747 137
366853 137
366960 136
367067 136
367174 139
367280 137
367387 137
367493 136
367599 137
367706 135
367812 139
367918 137
368026 3632
368133 3632
368239 3631
368346 3630
368452 3631
368558 3633
368664 3633
368771 3633
368877 3631
368985 3633
369091 3630
369198 3631
369304 3655
369411 3632
369517 3632
369623 3634
369729 3629
369836 3636
369942 3633
370050 3636
370156 3635
370263 3632
370369 3634
370476 3638
370582 3632
370688 3636
370794 3631
370901 3635
371008 3636
371115 3631
371221 3635
371328 3601
371434 3630
371541 3635
371647 3631
371753 3634
371859 3631
371966 3635
372073 3635
372180 3641
372286 3634
372393 3634
372499 3634
372606 3632
372712 3634
372818 3635
372924 3632
373032 3633
373138 3636
373245 3631
373351 3633
373458 3633
373564 3631
373671 3633
373777 3635
373883 3632
373991 3632
374097 3634
374204 3612
374310 3633
374417 3633
374523 3630
374629 3641
374736 3632
374842 3631
374948 3635
375056 3638
375162 3634
375269 3633
375375 3631
375482 3632
375588 3632
375694 3632
375801 3631
375907 3632
376014 3629
376121 3634
376227 3631
376334 3632
376440 3633
376547 3632
376653 3621
376759 3633
376866 3630
376972 3632
377079 3626
377186 3635
377292 3631
377399 3632
377505 3631
377612 3630
377718 3634
377824 3633
377931 3634
378038 3636
378145 3632
378251 3633
378358 3633
378464 3633
378570 3633
378677 3632
378783 3632
378889 3630
378997 3633
379103 3621
379210 3633
379316 3631
379423 3634
379529 3632
379635 3634
379742 3633
379848 3634
379954 3639
380062 3633
380168 3634
380275 3634
380381 3633
380488 3627
380594 3632
380700 3632
380807 3631
380913 3635
381020 3634
381127 3633
381233 3635
381340 3634
381446 3632
381553 3633
381659 3634
381765 3632
381872 3627
381978 3637
382085 3634
382192 3633
382298 3634
382405 3634
382511 3633
382617 3635
382724 3633
382830 3636
382936 3632
383044 3633
383150 138
383257 142
383363 139
383470 138
383576 144
383682 141
383789 141
383895 142
384003 129
384109 144
384215 141
384322 144
384428 131
384535 140
384641 139
384747 133
384854 125
384960 141
385068 139
385174 137
385280 139
385387 140
385493 138
385600 138
385706 137
385812 137
385919 136
386026 142
386133 140
386239 137
386345 139
386452 143
386558 138
386665 138
386771 138
386877 95
386985 140
387092 135
387198 139
387304 143
387411 137
387517 137
387623 138
387730 141
387836 137
387942 137
388050 141
388157 138
388263 138
388369 138
388476 132
388582 141
388688 135
388795 141
388901 136
389009 137
389115 138
389222 139
389328 139
389434 137
389541 139
389647 140
389753 146
389860 143
389966 141
390074 139
390180 142
390287 140
390393 137
390499 141
390606 142
390712 142
390818 137
390925 142
391032 139
391139 139
391245 141
391352 142
391458 137
391564 138
391671 139
391777 146
391883 142
391991 140
392097 141
392204 169
392310 139
392417 145
392523 137
392629 141
392736 138
392842 141
392948 136
393056 136
393162 141
393269 140
393375 143
393482 139
393588 136
393694 137
393801 140
393907 137
394015 137
394121 138
394228 159
394334 137
394440 136
394547 139
394653 127
394759 136
394866 137
394972 140
395080 134
395186 140
395293 137
395399 137
395505 138
395612 143
395718 137
395824 144
395931 136
396038 137
396145 141
396251 143
396358 140
396464 139
396570 140
396677 128
396783 139
396889 140
396997 141
397104 117
397210 139
397317 139
397423 136
397529 140
397635 140
397742 139
397848 138
397954 141
398062 139
398169 3634
398275 3633
398382 3632
398488 3631
398594 3635
398700 3635
398807 3631
398913 3633
399021 3633
399127 3642
399234 3631
399340 3631
399447 3633
399553 3631
399659 3636
399765 3632
399872 3634
399978 3628
400085 3632
400192 3636
400298 3632
400404 3634
400511 3633
400617 3634
400723 3632
400830 3634
400936 3634
401043 3632
401150 3635
401256 3635
401363 3632
401469 3634
401576 3637
401682 3632
401788 3629
401895 3633
402002 3657
402109 3636
402215 3636
402322 3635
402428 3619
402534 3635
402641 3631
402747 3635
402853 3610
402960 3633
403067 3634
403174 3635
403280 3631
403387 3636
403493 3633
403599 3640
403706 3634
403812 3632
403918 3633
404026 3635
404132 3638
404239 3634
404345 3637
404452 3671
404558 3633
404664 3635
404771 3633
404877 3656
404984 3635
405091 3634
405197 3632
405304 3634
405410 3631
405517 3634
405623 3632
405729 3633
405836 3633
405942 3633
406049 3627
406156 3634
406262 3631
406369 3632
406475 3632
406582 3633
406688 3630
406794 3632
406901 3629
407008 3630
407114 3634
407221 3631
407327 3611
407434 3635
407540 3630
407647 3632
407753 3630
407859 3635
407966 3631
408073 3633
408179 3634
408286 3631
408392 3633
408499 3629
408605 3633
408712 3632
408818 3631
408924 3632
409032 3636
409138 3632
409245 3635
409351 3609
409458 3632
409564 3634
409670 3630
409777 3625
409883 3634
409991 3631
410097 3635
410203 3632
410310 3636
410416 3635
410523 3635
410629 3639
410735 3631
410842 3637
410948 3633
411056 3632
411162 3636
411268 3636
411375 3633
411481 3636
411588 3631
411694 3636
411800 3634
411907 3635
412014 3635
412121 3633
412227 3646
412334 3634
412440 3634
412546 3632
412653 3649
412759 3633
412865 3632
412972 3633
413079 3633
413186 134
413292 140
413399 140
413505 138
413611 138
413718 137
413824 141
413930 136
414038 139
414144 137
414251 134
414357 136
414464 138
414570 140
414676 137
414783 139
414889 140
414997 140
415103 143
415209 140
415316 136
415422 136
415529 141
415635 138
415741 137
415848 136
415954 139
416062 137
416168 137
416274 139
416381 139
416487 133
416594 140
416700 139
416806 140
416913 139
417020 136
417127 167
417233 141
417339 138
417446 138
417552 139
417659 141
417765 138
417871 138
417978 143
418085 137
418192 137
418298 147
418404 138
418511 140
418617 138
418723 137
418830 136
418936 139
419044 137
419150 136
419257 137
419363 140
419469 138
419576 140
419682 138
419788 139
419895 139
420002 137
420109 140
420215 139
420322 137
420428 135
420534 142
420641 142
420747 140
420853 137
420960 137
421067 135
421174 139
421280 137
421387 142
421493 140
421599 140
421706 139
421812 138
421918 140
422026 145
422133 138
422239 140
422346 143
422452 119
422558 139
422664 140
422771 141
422877 145
422985 139
423091 140
423198 139
423304 138
423411 142
423517 141
423623 139
423729 140
423836 142
423942 137
424050 144
424156 143
424263 139
424369 139
424476 142
424582 136
424688 137
424794 139
424901 148
425008 135
425115 135
425221 139
425328 139
425434 138
425541 138
425647 138
425753 142
425859 137
425966 140
426073 138
426180 138
426286 140
426393 139
426499 135
426606 160
426712 135
426818 140
426924 139
427032 137
427138 139
427245 139
427351 139
427458 136
427564 138
427671 139
427777 123
427883 138
427991 139
428097 140
428204 3638
428310 3632
428417 3632
428523 3634
428629 3630
428736 3633
428842 3632
428948 3632
429056 3632
429162 3633
429269 3633
429375 3631
429482 3634
429588 3635
429694 3634
429801 3598
429907 3632
430014 3634
430121 3636
430227 3661
430334 3636
430440 3634
430547 3634
430653 3633
430759 3633
430866 3635
430972 3634
431079 3633
431186 3632
431292 3636
431399 3636
431505 3633
431612 3636
431718 3635
431824 3627
431931 3635
432038 3634
432145 3632
432251 3639
432358 3634
432464 3634
432570 3635
432677 3644
432783 3638
432889 3633
432997 3633
433103 3637
433210 3631
433316 3632
433423 3637
433529 3631
433635 3633
433742 3630
433848 3631
433954 3631
434062 3630
434168 3633
434275 3631
434381 3631
434488 3636
434594 3631
434700 3636
434807 3631
434913 3635
435020 3633
435127 3604
435233 3632
435340 3633
435446 3630
435553 3634
435659 3632
435765 3633
435872 3632
435978 3633
436085 3633
436192 3636
