-1.109312000000000027e-05 2.853280000000000201e-10 -1.561600000000000000e+04 2.183660134277138590e-04 2
-1.077295991995997971e-05 2.773239979989995503e-10 -1.561600000000000000e+04 2.183660134277138590e-04 3
-1.109312000000000027e-05 2.853280000000000201e-10 -1.561600000000000000e+04 2.183660134277138590e-04 2
-1.077295991995997971e-05 2.773239979989995503e-10 -1.561600000000000000e+04 2.183660134277138590e-04 3
-1.109312000000000027e-05 2.853280000000000201e-10 -1.561600000000000000e+04 2.183660134277138590e-04 2
-1.077295991995997971e-05 2.773239979989995503e-10 -1.561600000000000000e+04 2.183660134277138590e-04 3
-1.109312000000000027e-05 2.853280000000000201e-10 -1.561600000000000000e+04 2.183660134277138590e-04 2
-1.077295991995997971e-05 2.773239979989995503e-10 -1.561600000000000000e+04 2.183660134277138590e-04 3
-1.109312000000000027e-05 2.853280000000000201e-10 -1.561600000000000000e+04 2.183660134277138590e-04 2
-1.077295991995997971e-05 2.773239979989995503e-10 -1.561600000000000000e+04 2.183660134277138590e-04 3
-1.109312000000000027e-05 2.853280000000000201e-10 -1.561600000000000000e+04 2.183660134277138590e-04 2
-1.077295991995997971e-05 2.773239979989995503e-10 -1.561600000000000000e+04 2.183660134277138590e-04 3
-1.109312000000000027e-05 2.853280000000000201e-10 -1.561600000000000000e+04 2.183660134277138590e-04 2
-1.077295991995997971e-05 2.773239979989995503e-10 -1.561600000000000000e+04 2.183660134277138590e-04 3
-1.109312000000000027e-05 2.853280000000000201e-10 -1.561600000000000000e+04 2.183660134277138590e-04 2
-1.077295991995997971e-05 2.773239979989995503e-10 -1.561600000000000000e+04 2.183660134277138590e-04 3
-1.109312000000000027e-05 2.853280000000000201e-10 -1.561600000000000000e+04 2.183660134277138590e-04 2
-1.077295991995997971e-05 2.773239979989995503e-10 -1.561600000000000000e+04 2.183660134277138590e-04 3
-1.109312000000000027e-05 2.853280000000000201e-10 -1.561600000000000000e+04 2.183660134277138590e-04 2
-1.077295991995997971e-05 2.773239979989995503e-10 -1.561600000000000000e+04 2.183660134277138590e-04 3

