2.01 0.12 672.60 8.02
49.20 4.54 620.98 6.46
95.62 4.60 581.98 6.73
142.07 4.69 556.03 3.85
188.59 4.63 541.71 6.87
234.92 4.72 538.01 3.18
281.28 4.68 543.14 5.01
327.75 4.64 555.18 4.13
374.14 4.72 574.29 7.13
420.48 4.67 598.45 7.48
466.84 4.62 631.51 12.35
513.29 4.58 665.85 6.13
559.71 4.64 705.00 7.20
606.06 4.59 745.81 11.82
652.48 4.55 794.39 6.62
698.81 4.63 843.75 7.73
745.28 4.57 892.62 27.27
791.65 4.52 951.28 7.14
838.03 4.59 1006.17 11.83
884.46 4.52 1065.17 7.57
930.82 4.47 1124.12 6.36
977.23 4.54 1185.56 7.76
1023.64 4.49 1247.09 6.29
1070.01 4.70 1309.35 11.15
1116.40 4.64 1375.09 9.33
1162.71 4.62 1440.31 9.75
1209.18 4.69 1504.87 7.58
1255.60 4.64 1569.73 9.78
1301.92 4.62 1636.07 9.09
1348.39 4.69 1704.64 12.79
1394.71 4.64 1770.07 7.87
1441.12 4.59 1836.23 8.35
1487.51 4.67 1905.21 10.62
1533.87 4.61 1971.82 8.64
1580.29 4.57 2038.68 8.22
1626.64 4.65 2107.37 17.52
1673.07 4.59 2160.82 5.20
1719.46 4.54 2201.68 6.11
1765.87 4.62 2226.76 8.99
1812.23 4.57 2244.01 4.19
1858.68 4.51 2248.40 4.92
1905.06 4.57 2245.67 4.01
1951.45 4.52 2234.70 7.55
1997.79 4.47 2214.96 5.03
2044.25 4.54 2188.57 4.95
2090.53 4.64 2159.81 6.57
2136.92 4.60 2122.92 6.62
2183.42 4.65 2085.32 8.99
2229.75 4.63 2040.31 5.61
2276.12 4.72 1995.06 12.11
2322.50 4.67 1944.56 7.16
2368.87 4.62 1890.93 6.78
2415.39 4.68 1836.89 11.54
2461.60 4.64 1781.31 6.98
2508.12 4.59 1721.57 8.63
2554.48 4.67 1663.48 9.76
2600.87 4.62 1600.64 12.83
2647.31 4.57 1540.39 10.25
2693.68 4.66 1475.26 6.83
2740.04 4.60 1411.31 6.99
2786.40 4.56 1345.75 7.56
2832.89 4.61 1279.43 9.30
2879.20 4.55 1214.90 8.29
2925.56 4.51 1149.35 10.53
2972.04 4.56 1081.46 9.04
3018.35 4.52 1015.57 8.89
3064.73 4.61 947.60 8.47
3111.20 4.67 880.59 7.69
3157.51 4.64 814.26 7.47
3203.96 4.73 748.68 8.78
3250.31 4.68 683.31 18.25
3296.73 4.64 625.54 9.23
3343.10 4.72 585.84 4.30
3389.43 4.67 559.56 4.46
3435.85 4.62 542.71 13.43
3482.29 4.69 537.31 5.53
3528.65 4.65 540.53 4.96
3575.06 4.59 551.29 4.51
3621.45 4.67 571.06 8.30
3667.90 4.61 593.78 4.76
3714.21 4.57 624.45 7.47
3760.67 4.53 658.04 8.12
3807.12 4.59 696.62 6.62
3853.37 4.55 741.95 11.00
3899.84 4.47 788.56 10.90
3946.25 4.55 835.43 6.65
3992.56 4.50 886.96 8.30
4039.04 4.45 941.18 7.12
4085.35 4.66 996.65 9.24
4131.76 4.74 1054.95 9.54
4178.21 4.69 1114.60 9.98
4224.56 4.65 1175.10 7.56
4270.98 4.73 1238.00 6.98
4317.31 4.69 1300.50 7.30
4363.73 4.64 1364.25 7.96
4410.15 4.59 1428.78 9.18
4456.54 4.66 1495.10 12.35
4502.95 4.62 1559.31 7.81
4549.28 4.57 1626.98 9.03
4595.73 4.63 1693.14 9.78
4642.14 4.59 1759.53 7.58
4688.46 4.55 1826.81 9.75
4734.89 4.62 1893.62 7.99
4781.21 4.58 1961.26 9.71
4827.68 4.51 2026.98 8.56
4874.09 4.58 2094.32 7.42
4920.42 4.53 2153.26 9.29
4966.89 4.46 2195.73 4.30
5013.21 4.56 2225.84 5.89
5059.57 4.51 2243.18 4.26
5106.04 4.58 2249.15 3.68
5152.35 4.55 2247.17 3.38
5198.78 4.62 2236.65 5.42
5245.09 4.59 2218.31 5.75
5291.56 4.54 2194.39 3.98
5337.96 4.61 2163.96 6.37
5384.25 4.59 2130.18 5.23
5430.73 4.51 2090.43 6.27
5477.14 4.59 2047.95 5.73
5523.42 4.56 2000.45 12.74
5569.92 4.49 1951.82 8.57
5616.29 4.57 1898.64 9.86
5662.68 4.53 1845.84 6.30
5709.03 4.48 1788.93 9.11
5755.43 4.43 1732.35 8.70
5801.90 4.49 1671.15 6.94
5848.17 4.46 1610.78 11.86
5894.64 4.38 1547.79 8.22
5941.09 4.46 1486.70 7.15
5987.35 4.41 1423.17 8.25
6033.73 4.36 1355.81 8.35
6080.21 4.56 1292.73 9.23
6126.56 4.63 1224.25 8.06
6172.87 4.60 1159.84 9.67
6219.31 4.55 1094.25 9.61
6265.78 4.63 1025.82 8.21
6312.01 4.60 958.48 8.16
6358.48 4.54 892.96 11.34
6404.95 4.49 825.45 8.32
6451.26 4.58 758.76 7.39
6497.65 4.52 689.42 13.71
6544.07 4.47 634.31 8.12
6590.45 4.56 591.46 4.92
6636.87 4.50 562.71 4.42
6683.23 4.47 543.93 5.87
6729.70 4.53 537.48 9.42
6775.96 4.49 539.20 9.31
6822.39 4.44 548.59 2.85
6868.84 4.50 565.15 6.14
6915.14 4.46 589.53 4.69
6961.59 4.39 618.01 6.33
7007.93 4.46 652.81 5.36
7054.34 4.41 690.76 7.80
7100.78 4.62 732.14 6.44
7147.07 4.58 778.68 6.97
7193.57 4.52 827.60 11.11
7239.85 4.62 877.81 7.71
7286.29 4.57 932.40 6.40
7332.76 4.52 987.92 6.70
7379.04 4.63 1046.56 9.52
7425.48 4.55 1105.42 6.96
7471.85 4.50 1166.53 12.79
7518.29 4.58 1226.79 7.04
7564.68 4.53 1289.10 8.06
7611.03 4.48 1353.40 6.90
7657.46 4.57 1416.75 7.21
7703.78 4.52 1482.37 10.24
7750.25 4.47 1548.31 7.40
7796.67 4.54 1613.53 9.93
7842.96 4.49 1681.21 9.21
7889.37 4.42 1749.56 7.96
7935.82 4.50 1814.39 7.88
7982.15 4.45 1881.98 7.63
8028.53 4.40 1949.10 8.27
8075.03 4.59 2015.98 7.38
8121.35 4.55 2083.17 9.61
8167.71 4.64 2144.48 5.89
8214.15 4.59 2189.14 7.39
8260.56 4.54 2221.06 4.74
8306.82 4.64 2240.04 3.31
8353.32 4.58 2247.40 4.45
8399.67 4.53 2246.81 4.56
8446.03 4.62 2238.92 9.62
8492.51 4.55 2220.46 7.31
8538.79 4.51 2199.35 9.02
8585.26 4.59 2169.65 7.16
8631.59 4.55 2137.09 5.70
8677.96 4.50 2097.00 11.03
8724.48 4.57 2055.54 5.79
8770.78 4.54 2009.59 6.51
8817.15 4.47 1961.04 7.99
8863.67 4.53 1908.71 7.23
8909.96 4.49 1854.76 6.97
8956.37 4.42 1800.10 7.90
9002.81 4.38 1741.56 6.30
9049.17 4.46 1682.60 9.61
9095.53 4.53 1620.60 9.81
9141.93 4.61 1559.89 8.34
9188.39 4.56 1496.50 8.69
9234.68 4.64 1431.62 7.80
9281.07 4.61 1367.71 9.60
9327.50 4.56 1300.98 13.50
9373.87 4.64 1236.51 7.76
9420.31 4.58 1171.59 11.31
9466.59 4.54 1102.71 8.74
9513.12 4.60 1037.12 10.00
9559.46 4.57 970.62 8.77
9605.82 4.52 902.56 7.48
9652.31 4.47 835.79 7.98
9698.62 4.56 769.68 8.03
9745.04 4.51 703.51 8.38
9791.46 4.44 641.85 6.29
9837.84 4.53 599.04 7.02
9884.23 4.45 566.54 5.06
9930.56 4.41 545.39 13.21
9977.06 4.47 538.51 4.83
10023.39 4.42 538.06 5.52
10069.75 4.63 546.75 4.35
10116.15 4.58 562.96 4.29
10162.53 4.67 584.81 4.23
10208.92 4.61 612.92 5.03
10255.35 4.57 647.03 6.11
10301.75 4.53 684.21 6.47
10348.15 4.60 725.34 4.98
10394.46 4.56 769.96 6.41
10440.89 4.50 818.82 6.17
10487.34 4.57 870.09 6.89
10533.65 4.53 922.70 6.01
10580.07 4.48 978.87 7.72
10626.48 4.55 1036.56 6.39
10672.84 4.52 1095.15 7.30
10719.31 4.46 1154.65 9.51
10765.67 4.54 1217.56 7.70
10812.04 4.50 1279.59 6.34
10858.39 4.44 1343.51 8.43
10904.82 4.50 1407.95 6.85
10951.21 4.45 1472.43 7.85
10997.62 4.39 1537.81 7.14
11043.96 4.47 1604.54 7.56
11090.35 4.55 1670.32 7.68
11136.78 4.62 1737.34 7.05
11183.18 4.57 1804.26 8.18
11229.56 4.55 1871.00 9.36
11275.98 4.61 1938.12 7.51
11322.32 4.57 2005.29 8.17
11368.78 4.53 2073.25 11.05
11415.20 4.59 2135.71 8.12
11461.45 4.56 2183.48 6.38
11507.98 4.49 2216.25 6.34
11554.31 4.58 2237.95 6.90
11600.65 4.53 2247.54 2.76
11647.17 4.48 2248.73 5.14
11693.45 4.57 2238.92 3.90
11739.82 4.52 2223.76 5.85
11786.31 4.46 2202.09 4.33
11832.70 4.54 2173.84 5.60
