2.06 0.24 1617.75 12.20
29.21 4.53 1681.98 9.59
55.50 4.48 1732.53 11.19
81.96 4.56 1773.39 6.76
108.39 4.51 1800.51 4.74
134.68 4.48 1818.82 3.14
161.10 4.56 1826.50 5.52
187.43 4.52 1825.01 5.95
213.73 4.48 1815.82 4.38
240.23 4.57 1799.56 8.12
266.54 4.52 1773.06 7.44
292.92 4.49 1740.78 8.86
319.17 4.58 1703.79 8.79
345.53 4.53 1659.39 8.85
371.95 4.49 1610.53 10.88
398.25 4.58 1555.73 10.67
424.59 4.52 1498.54 11.82
450.90 4.49 1432.89 13.12
477.32 4.44 1368.53 12.99
503.71 4.52 1297.78 13.78
530.04 4.47 1225.12 13.28
556.40 4.43 1150.31 13.50
582.68 4.53 1090.04 12.07
609.10 4.47 1042.06 7.95
635.51 4.41 1005.56 8.73
661.89 4.50 981.32 9.94
688.15 4.46 964.98 9.46
714.48 4.43 958.46 3.46
741.00 4.48 961.00 3.83
767.29 4.56 971.95 10.59
793.60 4.66 989.75 8.68
819.93 4.61 1017.29 7.16
846.32 4.55 1050.79 8.70
872.76 4.62 1089.75 10.18
899.09 4.57 1134.75 11.09
925.40 4.53 1183.42 11.39
951.75 4.50 1238.79 12.60
978.10 4.56 1298.51 12.85
1004.50 4.50 1362.46 12.93
1030.85 4.46 1429.67 13.17
1057.12 4.55 1498.53 16.04
1083.45 4.51 1574.48 12.18
1109.84 4.46 1644.45 17.58
1136.18 4.55 1707.18 14.72
1162.51 4.50 1750.89 8.55
1188.79 4.48 1785.84 5.05
1215.25 4.55 1809.09 5.59
1241.67 4.50 1823.60 4.68
1268.01 4.49 1826.01 7.53
1294.31 4.56 1821.50 4.52
1320.67 4.50 1809.75 10.12
1347.01 4.49 1789.20 7.29
1373.45 4.56 1759.87 8.28
1399.79 4.50 1724.79 9.81
1426.07 4.49 1685.25 11.15
1452.43 4.56 1638.54 8.94
1478.78 4.51 1588.60 12.06
1505.18 4.47 1531.23 10.93
1531.53 4.55 1471.00 13.19
1557.81 4.51 1405.92 12.80
1584.09 4.47 1338.26 13.69
1610.60 4.55 1266.32 13.95
1636.93 4.49 1190.70 15.64
1663.23 4.46 1124.76 10.71
1689.64 4.42 1069.43 8.09
1715.93 4.49 1025.70 6.54
1742.35 4.44 993.06 4.83
1768.76 4.65 969.53 6.04
1795.03 4.61 959.65 6.82
1821.32 4.57 957.81 3.92
1847.84 4.64 964.25 6.30
1874.18 4.57 979.57 6.12
1900.48 4.52 1002.32 6.75
1926.90 4.61 1029.65 9.95
1953.15 4.57 1066.37 8.10
1979.53 4.51 1109.34 10.61
2006.03 4.57 1155.39 10.78
2032.32 4.53 1207.17 11.72
2058.59 4.49 1264.81 11.60
2084.96 4.58 1323.98 17.50
2111.37 4.53 1390.79 14.71
2137.67 4.51 1458.89 12.97
2164.06 4.46 1532.10 12.96
2190.42 4.55 1606.34 11.87
2216.70 4.50 1671.40 9.72
2243.15 4.47 1727.40 8.32
2269.53 4.55 1768.00 7.40
2295.78 4.51 1797.59 8.06
2322.15 4.47 1816.18 9.26
2348.54 4.55 1826.01 4.69
2374.89 4.52 1824.62 6.54
2401.21 4.48 1817.32 3.79
2427.62 4.55 1801.23 6.71
2453.92 4.51 1776.89 6.50
2480.26 4.49 1746.17 7.60
2506.73 4.54 1709.00 8.79
2533.04 4.49 1665.68 10.33
2559.32 4.47 1617.82 11.22
2585.76 4.54 1564.14 11.69
2612.17 4.50 1505.26 11.71
2638.51 4.46 1442.78 12.41
2664.85 4.54 1375.92 13.29
2691.17 4.50 1307.62 13.28
2717.48 4.46 1234.64 14.00
2743.92 4.54 1161.90 10.71
2770.28 4.61 1099.37 11.80
2796.56 4.57 1049.98 11.23
2822.87 4.66 1010.65 11.67
2849.26 4.61 982.84 6.88
2875.64 4.53 964.70 7.24
2902.04 4.62 958.45 3.73
2928.35 4.58 958.18 8.96
2954.62 4.54 971.35 10.01
2981.03 4.61 987.93 7.80
3007.56 4.52 1011.71 11.29
3033.76 4.49 1044.00 10.35
3060.17 4.58 1083.15 8.49
3086.56 4.52 1127.25 11.05
3112.85 4.51 1176.09 11.57
3139.29 4.60 1232.45 13.38
3165.62 4.54 1290.07 13.82
3191.90 4.51 1353.92 14.72
3218.28 4.60 1420.17 13.00
3244.73 4.54 1490.09 13.78
3271.03 4.51 1563.79 14.12
3297.28 4.60 1637.40 18.00
3323.67 4.55 1696.98 9.38
3350.01 4.51 1744.42 6.60
3376.37 4.48 1781.12 6.40
3402.75 4.55 1806.20 4.65
3429.07 4.51 1820.29 5.29
3455.39 4.48 1826.25 6.73
3481.84 4.55 1823.31 6.62
3508.26 4.51 1812.37 9.64
3534.56 4.46 1792.75 7.41
3560.92 4.54 1766.68 11.62
3587.28 4.51 1730.85 8.93
3613.67 4.49 1691.01 10.65
3640.10 4.53 1644.42 11.92
3666.42 4.49 1595.39 11.93
3692.68 4.49 1541.01 13.29
3719.07 4.54 1479.31 12.70
3745.51 4.47 1416.20 15.69
3771.82 4.70 1346.92 15.11
3798.14 4.66 1276.93 17.87
3824.45 4.58 1202.98 13.07
3850.84 4.57 1132.85 10.76
3877.31 4.61 1074.89 10.32
3903.56 4.55 1031.31 6.60
3929.92 4.54 998.06 13.35
3956.25 4.62 973.65 5.50
3982.56 4.55 961.64 4.22
4009.01 4.50 956.82 7.32
4035.35 4.58 962.39 5.43
4061.62 4.53 975.56 7.08
4087.95 4.51 997.45 10.13
4114.46 4.59 1025.03 7.42
4140.76 4.54 1059.92 8.58
4167.04 4.52 1103.18 12.09
4193.42 4.60 1146.96 10.70
4219.81 4.54 1197.17 10.14
4246.25 4.52 1256.35 11.06
4272.59 4.59 1315.65 17.78
4298.90 4.52 1380.34 12.81
4325.23 4.52 1449.92 13.51
4351.57 4.61 1521.37 13.98
4377.96 4.53 1599.21 22.21
4404.28 4.50 1664.15 11.14
4430.62 4.60 1719.10 9.25
4456.95 4.54 1762.18 6.65
4483.29 4.51 1793.12 6.21
4509.70 4.58 1815.07 7.00
4536.04 4.52 1824.64 6.94
4562.29 4.51 1825.39 10.29
4588.76 4.47 1819.00 3.80
4615.17 4.53 1803.67 5.40
4641.50 4.50 1779.34 9.57
4667.85 4.46 1750.67 7.76
4694.17 4.53 1715.34 10.45
4720.50 4.51 1673.35 8.01
4746.92 4.45 1624.29 11.53
4773.23 4.64 1572.87 16.95
4799.59 4.60 1515.34 12.87
4825.90 4.70 1452.89 12.29
4852.28 4.63 1386.95 12.92
4878.71 4.54 1317.50 14.13
4905.06 4.65 1245.87 14.19
4931.34 4.61 1172.10 12.47
4957.71 4.54 1107.26 10.33
4984.09 4.62 1055.48 7.74
5010.53 4.55 1014.67 5.48
5036.81 4.50 986.60 12.33
5063.17 4.47 967.89 5.32
5089.56 4.55 960.12 10.62
5115.85 4.53 959.92 6.30
5142.28 4.48 967.50 6.61
5168.62 4.57 984.43 6.61
5194.82 4.54 1008.12 6.65
5221.23 4.48 1039.79 6.94
5247.73 4.56 1078.28 13.22
5273.98 4.52 1120.40 9.44
5300.37 4.49 1169.82 10.34
5326.71 4.57 1222.42 11.77
5353.01 4.53 1281.70 11.15
5379.43 4.49 1342.85 11.94
5405.79 4.56 1410.12 13.69
5432.12 4.52 1478.57 13.64
5458.45 4.50 1552.60 13.32
5484.89 4.56 1625.03 11.69
5511.20 4.50 1688.35 9.44
5537.56 4.48 1739.48 8.15
5563.90 4.56 1775.29 10.08
5590.20 4.52 1804.96 9.59
5616.67 4.48 1819.65 3.67
5643.03 4.56 1826.20 5.84
5669.31 4.50 1823.20 7.03
5695.60 4.48 1814.34 4.55
5722.01 4.56 1793.78 5.80
5748.37 4.49 1767.95 7.78
5774.70 4.58 1735.71 9.14
5801.09 4.66 1696.98 11.11
5827.37 4.61 1653.37 10.77
5853.71 4.58 1601.92 13.31
5880.25 4.61 1546.96 11.65
5906.54 4.56 1489.46 12.42
5932.82 4.55 1424.29 13.18
5959.23 4.61 1358.09 13.40
5985.64 4.54 1284.76 16.88
6012.00 4.51 1212.03 14.80
6038.37 4.58 1141.73 10.40
6064.70 4.53 1082.92 9.69
6090.96 4.50 1038.51 10.79
6117.43 4.60 1001.45 6.27
6143.78 4.54 977.25 5.97
6170.06 4.51 962.18 3.98
6196.34 4.60 958.70 10.12
6222.81 4.54 960.93 8.93
6249.14 4.50 973.51 7.76
6275.45 4.47 993.21 5.72
6301.89 4.54 1020.40 7.49
6328.10 4.50 1054.10 7.75
6354.48 4.48 1093.59 10.89
6380.92 4.54 1140.26 9.78
6407.18 4.50 1192.07 10.86
6433.54 4.46 1248.10 11.10
6459.96 4.54 1307.62 13.42
6486.31 4.51 1371.01 12.67
6512.70 4.46 1438.67 13.57
6539.09 4.54 1510.00 14.40
6565.32 4.50 1582.73 17.42
6591.70 4.49 1654.70 10.67
6618.18 4.54 1711.12 10.75
6644.48 4.49 1756.15 7.07
6670.81 4.47 1788.21 7.16
6697.12 4.55 1809.84 6.53
6723.45 4.48 1822.03 7.16
