2.12 0.33 825.50 62.60
23.12 12.06 910.12 57.46
39.37 11.96 993.00 55.68
55.87 12.15 1067.50 53.88
72.12 12.06 1139.75 51.58
88.37 11.96 1209.12 49.17
104.87 12.15 1281.50 46.99
121.12 12.06 1336.87 43.93
137.37 11.96 1398.37 42.48
153.75 12.19 1450.25 43.10
170.00 12.10 1510.00 38.48
186.37 11.96 1560.62 38.37
202.62 11.86 1611.37 32.20
219.00 12.10 1651.25 10.84
235.37 11.96 1707.00 33.09
251.62 11.86 1751.12 32.08
268.00 12.10 1788.37 29.44
284.25 12.01 1829.50 28.70
300.50 11.91 1867.87 27.32
317.00 12.10 1896.50 30.05
333.25 12.01 1927.62 4.72
349.50 11.91 1947.75 40.88
366.00 12.10 1924.12 62.82
382.12 12.06 1839.75 60.41
398.50 11.91 1760.37 58.02
415.00 12.10 1683.25 54.24
431.12 12.06 1610.37 49.75
447.50 11.91 1542.37 48.93
464.00 12.10 1475.62 48.33
480.12 12.06 1413.62 46.01
496.37 11.96 1353.12 42.09
512.87 12.15 1294.37 41.93
529.12 12.06 1241.62 41.01
545.37 11.96 1183.75 35.91
562.00 12.48 1134.25 37.96
578.25 12.39 1090.00 37.18
594.50 12.29 1040.75 34.39
610.87 12.52 1001.00 33.45
627.12 12.43 957.37 31.76
643.50 12.29 917.75 29.83
660.00 12.48 873.75 30.22
676.25 12.39 842.25 27.94
692.75 12.19 819.25 5.19
709.25 12.40 798.75 43.58
725.50 12.30 828.00 63.77
742.00 12.12 911.50 59.38
758.25 12.40 991.00 57.74
774.50 12.30 1068.75 55.66
791.25 12.02 1139.75 51.21
807.50 12.30 1207.87 49.22
823.75 12.20 1276.00 45.53
840.25 12.02 1337.25 45.79
856.62 12.25 1397.87 42.09
873.00 12.10 1457.62 42.95
889.37 11.97 1512.62 37.82
905.62 12.25 1562.37 38.55
922.00 12.10 1614.00 34.59
938.37 11.96 1659.50 34.08
954.62 11.86 1705.50 34.23
971.00 12.10 1748.50 29.79
987.37 11.96 1787.87 30.31
1003.62 11.86 1822.75 14.80
1020.00 12.10 1868.00 26.59
1036.25 12.01 1904.50 26.07
1052.62 11.86 1924.50 12.17
1068.87 12.15 1947.25 42.88
1085.25 12.01 1921.87 61.34
1101.62 11.86 1836.25 58.83
1117.87 12.15 1757.25 57.22
1134.12 12.06 1679.62 52.59
1150.62 11.86 1607.12 51.52
1166.87 12.15 1539.12 48.98
1183.12 12.06 1474.37 47.50
1199.62 11.86 1409.12 44.95
1215.87 12.15 1348.12 42.92
1232.12 12.06 1292.62 40.34
1248.50 11.92 1237.37 39.16
1264.75 12.19 1182.75 37.38
1281.12 12.06 1134.50 35.77
1297.50 11.92 1086.50 35.58
1313.75 12.19 1040.12 32.38
1330.12 12.06 996.75 30.29
1346.50 11.92 954.12 30.42
1362.75 12.19 913.37 27.94
1379.00 12.10 876.62 26.70
1395.37 11.96 840.12 24.72
1411.62 11.86 815.00 4.58
1428.00 12.10 799.25 40.07
1444.37 11.96 829.62 61.55
1460.62 11.86 909.87 57.96
1477.00 12.10 994.12 55.08
1493.25 12.01 1065.87 53.76
1509.62 11.86 1139.75 51.63
1525.87 12.15 1208.00 50.10
1542.25 12.01 1272.50 47.46
1558.87 12.52 1337.00 45.10
1575.00 12.48 1396.75 41.46
1591.25 12.39 1452.50 42.63
1607.87 12.52 1509.37 38.83
1624.00 12.48 1562.75 38.42
1640.25 12.39 1610.75 36.18
1656.87 12.52 1658.62 34.33
1673.12 12.43 1704.87 32.61
1689.50 12.30 1748.50 32.38
1706.00 12.11 1790.87 28.94
1722.50 12.32 1830.75 28.13
1739.00 12.12 1872.00 27.19
1755.25 12.03 1903.50 22.64
1771.87 12.19 1928.50 7.68
1788.25 12.02 1943.75 43.74
1804.50 11.93 1920.25 55.10
1820.87 12.18 1833.62 60.51
1837.12 12.08 1754.62 57.48
1853.62 11.87 1689.25 34.39
1870.00 12.12 1605.37 51.76
1886.37 11.97 1535.25 50.08
1902.62 11.87 1470.12 47.45
1919.12 12.06 1403.50 43.89
1935.50 11.92 1348.00 40.59
1951.75 11.82 1288.87 39.10
1968.00 12.10 1234.87 39.44
1984.50 11.92 1181.87 36.70
2000.75 11.82 1133.75 35.96
2016.87 12.15 1084.25 33.07
2033.50 11.92 1037.75 34.07
2049.75 11.82 996.62 30.41
2065.87 12.15 951.00 30.59
2082.50 11.92 912.25 28.75
2098.75 11.82 876.37 27.78
2114.87 12.15 837.25 24.45
2131.37 11.97 816.62 5.38
2147.62 11.86 796.62 43.74
2163.75 11.82 834.62 57.85
2180.37 11.97 914.25 56.80
2196.62 11.86 996.00 56.10
2212.75 11.82 1067.87 56.00
2229.37 11.97 1144.62 51.19
2245.50 11.92 1213.37 48.67
2261.75 11.82 1277.87 44.48
2278.25 12.02 1342.25 43.96
2294.50 11.92 1401.00 40.63
2310.75 11.82 1457.12 39.04
2327.25 12.02 1512.62 36.99
2343.50 11.92 1563.87 37.19
2359.75 11.82 1612.00 34.91
2376.12 12.06 1660.12 34.12
2392.50 11.92 1706.37 32.16
2408.75 11.82 1750.50 30.94
2425.00 12.10 1790.12 29.64
2441.50 11.92 1829.12 28.47
2457.75 11.82 1869.25 26.52
2473.87 12.15 1902.62 26.30
2490.50 11.92 1932.50 12.39
2506.75 11.82 1947.75 42.62
2522.87 12.15 1918.62 61.59
2539.50 11.92 1833.62 59.42
2555.75 11.82 1756.62 58.48
2572.00 12.48 1677.50 55.52
2588.50 12.30 1605.00 52.26
2604.75 12.19 1539.00 48.10
2621.00 12.48 1472.50 47.24
2637.50 12.30 1414.12 48.96
2653.75 12.19 1353.37 36.29
2670.25 12.40 1290.37 42.72
2686.62 12.26 1236.75 40.54
2703.00 12.12 1185.12 34.73
2719.37 12.36 1129.12 36.59
2735.75 12.23 1083.37 37.10
2752.25 12.05 1035.62 33.36
2768.75 12.23 993.37 30.58
2785.00 12.13 953.62 28.64
2801.62 11.88 913.25 29.87
2817.87 12.18 873.25 26.66
2834.25 12.03 837.12 25.05
2850.62 11.88 821.00 10.63
2867.00 12.12 794.50 44.48
2883.50 11.92 836.37 58.85
2899.62 11.87 921.25 57.86
2916.12 12.07 1000.50 55.83
2932.62 11.86 1075.00 51.51
2948.75 11.82 1146.62 50.52
2965.00 11.74 1213.75 47.03
2981.62 11.86 1280.75 45.48
2997.75 11.82 1341.75 42.51
3014.00 11.74 1402.37 43.61
3030.50 11.92 1459.12 39.74
3046.75 11.82 1517.37 40.15
3062.87 11.77 1564.75 36.03
3079.50 11.92 1614.87 31.13
3095.62 11.86 1662.50 31.59
3111.87 11.77 1709.37 31.76
3128.50 11.92 1750.87 30.74
3144.62 11.86 1793.62 30.72
3160.87 11.77 1832.12 26.10
3177.50 11.92 1869.37 27.40
3193.62 11.86 1909.37 25.78
3209.87 11.77 1930.25 4.02
3226.37 11.97 1947.37 43.70
3242.62 11.86 1914.62 60.45
3258.87 11.77 1831.25 57.61
3275.37 11.97 1754.37 55.23
3291.62 11.86 1675.87 52.68
3307.87 11.77 1604.37 51.21
3324.12 12.07 1530.37 47.43
3340.62 11.86 1477.00 52.98
3356.75 11.82 1405.50 40.70
3373.12 12.07 1346.25 41.36
3389.62 11.86 1284.25 40.43
3405.75 11.82 1234.12 39.38
3422.00 11.74 1180.25 36.27
3438.62 11.86 1128.25 34.60
3454.75 11.82 1080.25 32.95
3471.00 11.74 1039.00 32.23
3487.50 11.92 995.00 30.71
3503.75 11.82 953.12 28.50
3519.87 11.77 908.62 28.84
3536.50 11.92 875.00 25.95
3552.62 11.86 838.87 24.85
3569.12 12.43 821.25 9.74
3585.62 12.24 796.50 46.70
3601.87 12.52 837.37 63.64
3618.12 12.43 917.12 58.68
3634.62 12.24 997.75 57.24
3650.75 12.19 1070.12 54.81
3667.25 12.40 1148.50 52.59
3683.62 12.26 1212.87 48.93
3700.12 12.07 1281.37 47.30
3716.37 12.36 1344.62 45.85
3732.87 12.18 1402.62 42.25
3749.25 12.03 1457.37 40.24
3765.75 12.23 1518.50 37.69
3781.75 12.23 1566.62 36.35
3798.50 11.93 1617.87 35.72
3815.00 12.13 1665.62 32.38
3831.00 12.13 1709.50 32.21
3847.50 11.93 1754.37 31.44
3864.00 12.13 1794.62 29.28
3880.12 12.08 1836.50 28.42
3896.37 11.97 1871.87 26.24
3913.12 12.08 1905.37 30.07
3929.37 11.97 1930.62 6.14
3945.62 11.86 1950.25 45.49
3962.25 12.02 1913.12 61.06
3978.37 11.97 1822.25 56.33
3994.62 11.86 1747.87 54.46
4011.37 11.97 1672.37 52.05
4027.37 11.97 1598.12 50.79
4043.62 11.86 1533.50 49.17
4060.37 11.97 1464.62 44.34
4076.37 11.97 1403.00 43.92
4092.50 11.92 1342.00 41.69
4109.12 11.69 1283.87 41.84
4125.37 11.97 1230.75 37.38
4141.50 11.92 1179.75 37.32
4158.00 11.72 1127.25 35.00
4174.37 11.97 1080.12 33.92
