2.04 0.21 1516.20 14.30
19.07 4.43 1561.07 11.86
35.45 4.49 1597.81 9.09
51.81 4.45 1630.40 11.08
68.25 4.53 1652.78 8.14
84.54 4.49 1670.76 6.69
100.81 4.45 1683.39 4.08
117.15 4.54 1690.12 6.94
133.51 4.50 1690.62 5.95
149.78 4.46 1687.54 5.02
166.15 4.54 1678.68 14.54
182.45 4.50 1663.73 13.12
198.76 4.46 1647.60 9.75
215.12 4.55 1625.31 10.09
231.43 4.50 1598.37 9.61
247.73 4.46 1567.64 10.48
264.09 4.55 1532.98 11.56
280.42 4.50 1497.50 12.39
296.70 4.47 1455.82 14.74
313.03 4.56 1413.37 15.38
329.42 4.62 1366.56 14.92
345.70 4.59 1319.10 17.77
362.00 4.69 1267.09 12.37
378.42 4.62 1224.07 10.58
394.70 4.72 1186.35 13.60
410.98 4.69 1156.17 7.46
427.37 4.76 1131.50 5.75
443.65 4.72 1112.39 13.14
459.96 4.69 1100.18 8.06
476.35 4.77 1095.57 7.76
492.64 4.73 1093.12 6.42
508.92 4.69 1097.32 6.17
525.34 4.77 1104.70 6.11
541.64 4.73 1118.14 9.60
557.89 4.70 1135.43 9.31
574.26 4.78 1159.00 8.61
590.62 4.74 1184.48 10.35
606.87 4.70 1215.09 10.87
623.28 4.66 1248.50 12.08
639.57 4.74 1285.26 12.60
655.89 4.70 1325.46 14.11
672.28 4.66 1369.56 14.37
688.59 4.74 1415.21 13.84
705.01 4.71 1465.48 15.37
721.43 4.66 1515.75 13.36
737.78 4.74 1559.60 10.45
754.07 4.71 1596.87 10.46
770.65 4.66 1627.78 7.47
787.03 4.73 1651.09 8.00
803.26 4.70 1669.20 12.48
819.75 4.65 1683.03 4.91
836.20 4.71 1689.21 6.37
852.42 4.69 1690.93 2.97
868.85 4.64 1687.00 6.66
885.39 4.68 1677.23 6.99
901.64 4.64 1664.26 8.35
918.06 4.59 1645.01 16.79
934.54 4.64 1624.79 11.52
950.81 4.60 1597.12 9.33
967.20 4.56 1567.00 11.74
983.56 4.62 1532.45 11.43
999.84 4.59 1495.45 13.14
1016.17 4.56 1452.84 18.76
1032.54 4.62 1411.31 14.46
1048.82 4.59 1365.48 17.27
1065.07 4.57 1314.98 15.90
1081.51 4.50 1265.71 13.94
1097.81 4.59 1223.39 13.46
1114.04 4.57 1184.59 6.56
1130.50 4.51 1155.01 7.05
1146.81 4.59 1131.98 6.18
1163.04 4.57 1112.28 4.65
1179.43 4.52 1101.98 4.15
1195.76 4.60 1093.48 8.27
1212.01 4.58 1092.96 3.70
1228.39 4.52 1096.10 6.01
1244.71 4.60 1103.57 10.47
1260.92 4.58 1119.70 7.29
1277.35 4.53 1137.14 7.54
1293.67 4.61 1160.15 11.99
1309.89 4.59 1185.32 10.67
1326.26 4.67 1214.96 11.12
1342.65 4.74 1250.01 13.73
1358.89 4.71 1285.87 14.72
1375.25 4.80 1327.06 13.86
1391.62 4.74 1369.45 16.77
1407.89 4.84 1416.75 15.97
1424.26 4.80 1466.42 14.37
1440.60 4.74 1516.07 13.28
1456.90 4.84 1561.84 10.32
1473.25 4.80 1597.42 8.30
1489.59 4.74 1627.20 9.13
1505.90 4.84 1652.73 7.24
1522.18 4.81 1670.89 5.85
1538.62 4.74 1683.73 6.00
1554.92 4.84 1688.78 7.47
1571.15 4.81 1690.35 8.23
1587.62 4.75 1687.28 5.81
1603.93 4.84 1676.75 5.89
1620.17 4.82 1663.85 9.75
1636.59 4.76 1644.01 12.09
1652.90 4.84 1624.50 12.00
1669.17 4.82 1599.73 14.05
1685.59 4.77 1567.64 12.95
1701.96 4.73 1533.56 12.38
1718.31 4.82 1494.01 14.03
1734.79 4.77 1454.45 14.33
1751.14 4.72 1410.93 14.74
1767.53 4.81 1365.23 15.64
1783.96 4.77 1314.92 14.26
1800.31 4.72 1264.92 12.18
1816.65 4.80 1221.28 11.03
1833.14 4.74 1184.04 9.20
1849.48 4.71 1154.32 6.46
1865.78 4.78 1128.48 14.67
1882.32 4.71 1112.31 4.26
1898.70 4.65 1099.21 5.89
1915.01 4.73 1093.98 3.59
1931.48 4.66 1094.37 10.94
1947.87 4.60 1096.89 4.71
1964.18 4.69 1106.39 7.70
1980.54 4.65 1119.62 6.76
1996.87 4.60 1138.20 8.87
2013.07 4.70 1160.67 8.75
2029.50 4.66 1186.57 10.22
2045.85 4.60 1215.73 13.88
2062.06 4.70 1250.68 12.63
2078.42 4.67 1287.18 13.17
2094.82 4.61 1329.28 15.23
2111.04 4.70 1373.50 18.53
2127.35 4.67 1419.60 14.82
2143.78 4.61 1470.03 17.46
2160.01 4.58 1517.85 12.34
2176.31 4.68 1561.85 9.90
2192.75 4.62 1599.17 9.85
2209.01 4.58 1628.96 6.52
2225.29 4.67 1653.21 5.44
2241.75 4.62 1669.31 5.68
2258.00 4.58 1682.70 4.41
2274.25 4.68 1688.56 6.76
2290.70 4.62 1690.04 9.13
2306.98 4.59 1685.42 5.23
2323.23 4.81 1677.39 6.25
2339.67 4.75 1663.45 7.09
2356.00 4.83 1643.90 9.41
2372.23 4.81 1623.90 10.40
2388.59 4.76 1596.62 8.22
2404.96 4.83 1567.50 13.81
2421.20 4.81 1532.23 12.72
2437.57 4.77 1493.96 13.67
2453.90 4.72 1455.26 16.29
2470.12 4.82 1410.60 19.08
2486.56 4.77 1364.65 16.67
2502.90 4.72 1314.76 14.59
2519.10 4.82 1264.75 14.48
2535.51 4.79 1221.98 12.53
2551.89 4.73 1185.62 8.66
2568.12 4.83 1155.26 9.14
2584.46 4.80 1130.54 5.33
2600.87 4.74 1112.98 3.94
2617.14 4.83 1100.96 6.18
2633.42 4.80 1094.92 4.84
2649.84 4.74 1093.32 4.09
2666.15 4.83 1097.03 5.99
2682.45 4.80 1105.37 7.35
2698.92 4.74 1120.68 13.56
2715.26 4.82 1137.76 8.65
2731.68 4.79 1160.10 8.93
2748.14 4.74 1186.76 12.40
2764.45 4.82 1217.00 11.19
2780.90 4.80 1250.96 12.46
2797.31 4.75 1288.65 14.97
2813.59 4.81 1329.12 14.24
2830.09 4.76 1372.17 15.08
2846.50 4.71 1419.25 16.23
2862.76 4.78 1469.32 15.21
2879.23 4.74 1520.42 12.61
2895.64 4.67 1562.43 11.29
2911.95 4.63 1599.93 8.30
2928.35 4.71 1629.89 7.11
2944.90 4.62 1655.01 16.25
2961.14 4.58 1671.81 8.89
2977.48 4.67 1684.01 7.77
2993.96 4.61 1690.00 4.59
3010.14 4.58 1690.82 4.67
3026.45 4.68 1686.18 5.98
3042.90 4.61 1676.76 6.81
3059.12 4.58 1663.07 6.84
3075.40 4.69 1644.67 7.36
3091.82 4.63 1622.07 11.80
3108.09 4.58 1595.25 10.73
3124.37 4.69 1565.06 10.99
3140.76 4.64 1530.39 11.72
3157.09 4.58 1493.42 13.23
3173.34 4.69 1452.78 14.35
3189.75 4.64 1408.01 14.69
3206.06 4.58 1362.17 14.33
3222.26 4.70 1313.10 13.37
3238.70 4.65 1263.12 12.70
3255.04 4.59 1219.50 10.27
3271.21 4.70 1184.12 9.97
3287.62 4.66 1153.35 6.56
3304.04 4.59 1129.90 5.25
3320.21 4.82 1112.35 9.82
3336.56 4.79 1099.17 6.41
3352.98 4.73 1093.45 6.91
3369.18 4.83 1093.00 6.88
3385.53 4.80 1096.03 5.46
3401.98 4.73 1105.87 5.45
3418.21 4.82 1119.85 11.37
3434.51 4.79 1139.35 10.55
3451.00 4.73 1158.40 14.27
3467.20 4.82 1185.40 13.90
3483.50 4.80 1216.90 11.39
3499.95 4.73 1250.35 12.49
3516.18 4.82 1287.39 14.14
3532.46 4.81 1330.15 14.86
3548.90 4.75 1373.01 14.90
3565.18 4.82 1421.48 17.65
3581.46 4.82 1468.17 14.73
3597.87 4.76 1517.98 14.44
3614.20 4.82 1561.71 11.07
3630.46 4.82 1599.93 8.65
3646.85 4.76 1628.71 11.02
3663.17 4.70 1653.73 7.65
3679.42 4.82 1671.26 4.60
3695.90 4.77 1683.29 6.66
3712.29 4.71 1688.17 4.67
3728.60 4.82 1689.68 4.54
3745.04 4.79 1686.46 6.30
3761.51 4.70 1677.14 7.00
3777.82 4.80 1662.73 6.62
3794.21 4.79 1643.90 10.17
3810.59 4.70 1621.79 9.43
3826.98 4.78 1595.50 9.46
3843.39 4.75 1563.57 12.50
3859.75 4.67 1530.56 11.89
3876.20 4.74 1492.48 13.61
3892.57 4.70 1452.07 14.98
3908.95 4.62 1407.68 14.91
3925.29 4.73 1361.04 16.60
3941.79 4.65 1311.65 15.83
3958.12 4.58 1260.67 12.25
3974.39 4.69 1217.70 10.23
3990.82 4.64 1182.84 13.86
4007.12 4.58 1154.96 24.19
4023.35 4.69 1129.45 8.16
4039.79 4.65 1112.56 12.68
4056.14 4.58 1099.62 4.27
4072.34 4.69 1093.59 4.81
4088.71 4.65 1091.21 12.41
4105.09 4.59 1097.37 5.09
4121.26 4.58 1106.15 10.31
4137.67 4.66 1119.78 7.06
4154.07 4.59 1139.56 13.94
4170.25 4.57 1161.57 10.56
