2.03 0.17 2116.81 9.96
49.06 4.56 2169.20 5.33
95.57 4.50 2208.60 7.30
141.98 4.59 2230.40 13.04
188.45 4.55 2245.76 5.72
234.85 4.49 2250.04 2.84
281.23 4.59 2243.82 4.88
327.65 4.55 2233.03 8.04
374.03 4.50 2211.32 6.13
420.43 4.58 2185.79 7.09
466.85 4.54 2153.87 4.43
513.20 4.49 2118.06 4.68
559.64 4.57 2077.28 6.34
606.06 4.51 2033.95 5.44
652.39 4.47 1986.03 7.09
698.90 4.51 1934.23 8.69
745.28 4.48 1883.54 7.40
791.64 4.41 1827.79 7.05
838.07 4.48 1771.57 6.32
884.46 4.41 1713.48 7.26
930.90 4.59 1650.85 9.00
977.28 4.53 1589.12 13.43
1023.70 4.48 1527.28 8.37
1070.04 4.57 1465.76 7.81
1116.46 4.54 1400.46 7.01
1162.92 4.61 1336.14 7.17
1209.28 4.57 1269.68 7.85
1255.68 4.53 1202.51 12.83
1302.04 4.62 1136.10 8.52
1348.46 4.57 1070.87 9.56
1394.87 4.52 1002.92 12.41
1441.28 4.61 935.79 7.62
1487.70 4.57 870.53 7.54
1534.06 4.52 802.73 8.01
1580.48 4.59 736.10 13.97
1626.95 4.53 670.34 9.70
1673.23 4.48 619.25 6.74
1719.71 4.56 579.67 5.44
1766.09 4.50 554.62 3.90
1812.53 4.43 541.45 3.81
1858.87 4.51 537.07 6.34
1905.31 4.56 544.32 11.18
1951.71 4.62 553.32 6.08
1998.09 4.56 573.29 5.65
2044.54 4.63 599.34 9.76
2090.93 4.59 628.93 5.75
2137.29 4.57 664.60 6.14
2183.75 4.63 703.75 7.11
2230.14 4.59 747.09 7.31
2276.46 4.57 797.17 11.90
2322.90 4.64 844.14 6.53
2369.28 4.59 895.81 6.29
2415.70 4.57 950.64 6.89
2462.04 4.52 1006.82 6.30
2508.51 4.57 1066.51 11.32
2554.92 4.54 1125.50 11.28
2601.21 4.51 1185.56 7.64
2647.76 4.55 1246.65 8.44
2694.09 4.51 1309.23 11.70
2740.48 4.46 1375.23 7.29
2786.98 4.50 1440.28 9.25
2833.32 4.45 1505.71 8.18
2879.60 4.41 1569.81 8.27
2926.07 4.58 1635.57 9.22
2972.53 4.65 1703.50 11.51
3018.89 4.60 1770.32 7.63
3065.29 4.55 1837.87 6.56
3111.75 4.64 1905.21 8.51
3158.09 4.59 1971.06 8.30
3204.51 4.57 2039.31 9.37
3250.95 4.62 2109.98 21.88
3297.28 4.59 2162.06 7.25
3343.75 4.56 2201.84 4.10
3390.15 4.61 2228.29 3.68
3436.54 4.59 2242.85 5.99
3482.95 4.55 2250.20 7.25
3529.29 4.61 2245.62 10.48
3575.79 4.56 2232.51 4.97
3622.14 4.53 2215.46 5.37
3668.60 4.58 2189.09 5.44
3714.98 4.52 2158.20 6.60
3761.32 4.48 2122.92 4.85
3807.76 4.53 2084.04 6.66
3854.15 4.47 2039.43 7.31
3900.53 4.55 1991.54 9.02
3946.95 4.60 1942.93 5.77
3993.32 4.54 1890.93 6.72
4039.78 4.62 1836.18 6.97
4086.15 4.57 1779.15 6.97
4132.56 4.67 1719.56 9.21
4179.00 4.61 1659.71 14.53
4225.37 4.58 1601.25 12.06
4271.79 4.65 1537.35 10.26
4318.21 4.60 1474.04 7.53
4364.57 4.58 1408.84 10.17
4411.00 4.65 1344.60 7.73
4457.46 4.60 1279.75 7.75
4503.82 4.57 1212.54 12.05
4550.15 4.65 1146.81 10.45
4596.67 4.57 1081.31 8.93
4642.93 4.55 1013.14 7.31
4689.34 4.51 947.53 10.08
4735.84 4.54 879.78 10.43
4782.15 4.51 812.64 6.51
4828.59 4.45 746.96 8.81
4875.03 4.47 678.82 15.53
4921.43 4.56 624.71 6.01
4967.81 4.62 584.04 8.33
5014.25 4.55 557.76 5.09
5060.65 4.64 542.84 5.33
5107.01 4.60 535.48 5.73
5153.37 4.57 538.46 12.32
5199.90 4.63 550.37 10.57
5246.20 4.60 570.70 5.49
5292.57 4.56 594.84 4.35
5339.06 4.63 624.70 4.78
5385.42 4.61 659.26 5.31
5431.82 4.55 698.39 8.11
5478.28 4.62 740.92 8.19
5524.64 4.60 788.34 7.35
5570.96 4.54 837.01 5.94
5617.48 4.61 888.39 7.01
5663.87 4.55 942.18 7.14
5710.23 4.50 997.64 7.62
5756.70 4.57 1055.62 8.16
5803.03 4.51 1115.59 8.61
5849.37 4.45 1175.31 12.38
5895.89 4.63 1238.45 8.66
5942.31 4.55 1303.15 9.56
5988.62 4.63 1366.29 7.54
6035.09 4.57 1430.53 7.65
6081.48 4.66 1494.35 8.22
6127.84 4.63 1558.62 16.29
6174.23 4.58 1627.00 9.62
6220.67 4.67 1696.25 10.70
6267.06 4.62 1759.60 11.09
6313.42 4.60 1826.04 13.19
6359.90 4.65 1894.35 7.65
6406.29 4.62 1962.04 8.30
6452.68 4.60 2029.51 7.65
6499.14 4.64 2095.89 9.34
6545.59 4.60 2152.46 13.39
6591.87 4.58 2196.89 4.10
6638.32 4.62 2225.62 4.12
6684.75 4.55 2243.01 6.20
6731.09 4.54 2249.23 3.88
6777.46 4.61 2245.70 7.37
6823.93 4.51 2233.92 10.18
6870.29 4.47 2216.92 5.87
6916.65 4.67 2193.56 3.69
6963.20 4.56 2163.53 4.05
7009.50 4.66 2128.67 6.82
7055.96 4.61 2089.03 6.55
7102.42 4.67 2047.20 9.65
7148.76 4.65 1999.68 5.83
7195.12 4.61 1950.98 7.32
7241.57 4.66 1898.04 5.88
7287.98 4.63 1844.23 7.49
7334.39 4.61 1788.23 6.22
7380.75 4.56 1728.98 8.26
7427.23 4.63 1670.20 8.98
7473.57 4.61 1610.62 13.67
7519.93 4.55 1546.12 7.28
7566.46 4.61 1484.43 11.71
7612.78 4.59 1419.70 9.62
7659.17 4.52 1354.04 7.48
7705.68 4.58 1287.87 9.43
7751.96 4.55 1222.15 13.35
7798.35 4.49 1156.29 7.33
7844.79 4.55 1089.46 7.78
7891.26 4.59 1023.10 8.30
7937.59 4.66 955.51 7.14
7983.98 4.59 889.09 7.27
8030.42 4.55 822.51 13.28
8076.75 4.63 755.57 8.06
8123.20 4.58 689.29 7.06
8169.64 4.66 632.28 7.47
8215.93 4.63 589.53 6.16
8262.40 4.57 561.18 6.30
8308.82 4.66 545.20 2.70
8355.15 4.65 536.98 4.82
8401.57 4.59 539.46 12.92
8447.96 4.66 551.79 10.67
8494.40 4.62 565.92 5.63
8540.73 4.59 591.25 4.78
8587.23 4.63 619.53 5.06
8633.62 4.59 653.59 4.73
8679.96 4.54 692.75 6.82
8726.42 4.61 733.39 11.36
8772.76 4.57 780.92 12.38
8819.12 4.50 828.01 8.13
8865.57 4.58 880.51 6.59
8912.09 4.60 934.45 7.21
8958.34 4.56 990.34 6.43
9004.79 4.62 1048.54 7.30
9051.25 4.56 1108.39 10.67
9097.62 4.66 1168.07 7.45
9144.00 4.62 1230.07 7.02
9190.50 4.68 1292.78 6.95
9236.79 4.65 1357.03 7.56
9283.18 4.62 1420.90 7.57
9329.64 4.67 1485.90 9.54
9376.01 4.65 1551.78 14.87
9422.42 4.62 1617.00 8.82
9468.79 4.69 1686.53 10.43
9515.31 4.64 1750.17 9.51
9561.59 4.60 1817.95 8.97
9607.93 4.56 1885.85 9.94
9654.48 4.60 1953.17 13.62
9700.78 4.57 2020.39 8.13
9747.20 4.51 2086.46 7.33
9793.71 4.57 2147.60 6.32
9840.03 4.51 2191.84 5.86
9886.34 4.46 2222.37 3.50
9932.95 4.62 2241.48 4.48
9979.21 4.69 2248.26 5.50
10025.65 4.65 2247.53 9.25
10072.04 4.61 2238.18 6.31
10118.42 4.68 2219.75 7.13
10164.81 4.66 2197.53 3.84
10211.25 4.60 2168.07 4.32
10257.71 4.68 2132.89 6.10
10303.95 4.67 2094.81 10.08
10350.46 4.59 2052.40 6.82
10396.90 4.68 2007.15 6.39
10443.21 4.67 1958.10 6.75
10489.64 4.59 1904.40 9.33
10536.10 4.69 1851.18 8.30
10582.48 4.65 1795.84 8.13
10628.82 4.58 1737.93 9.45
10675.29 4.66 1679.81 12.27
10721.65 4.61 1617.81 8.59
10767.98 4.55 1554.82 7.25
10814.48 4.62 1491.26 12.73
10860.90 4.55 1428.90 7.65
10907.20 4.60 1365.28 9.09
10953.67 4.66 1301.54 14.16
11000.04 4.61 1233.28 8.54
11046.39 4.68 1166.23 7.35
11092.85 4.66 1099.29 8.56
11139.29 4.72 1033.54 8.68
11185.67 4.70 965.85 8.19
11232.06 4.65 899.10 9.55
11278.54 4.71 832.14 13.47
11324.82 4.70 765.57 8.60
11371.23 4.65 698.89 7.67
11417.68 4.72 637.98 6.67
11464.04 4.70 595.75 5.92
11510.48 4.66 565.75 9.36
11556.85 4.70 545.39 3.81
11603.28 4.70 536.32 8.78
11649.70 4.61 539.06 10.33
11696.01 4.69 547.89 4.94
11742.53 4.65 563.35 4.20
11788.84 4.58 587.07 3.83
11835.23 4.53 616.14 4.89
