2.01 0.12 2632.31 31.77
409.46 4.67 877.96 13.74
816.50 4.51 318.07 4.63
1223.31 4.56 139.17 4.37
1630.35 4.54 80.62 5.72
2037.28 4.53 62.39 2.79
2444.26 4.56 56.62 3.95
2851.20 4.56 55.46 7.49
3258.06 4.45 51.79 9.05
3665.14 4.59 52.81 3.90
4072.06 4.57 53.37 3.95
4479.00 4.62 53.01 5.48
4885.87 4.59 52.96 4.70
5292.85 4.49 51.50 3.87
5699.92 4.60 50.93 8.84
6106.79 4.48 52.65 6.12
6513.76 4.64 53.57 9.15
6920.65 4.61 52.46 4.76
7327.75 4.51 54.96 9.76
7734.65 4.63 52.04 5.16
8141.59 4.50 50.54 7.33
8548.56 4.67 52.35 8.66
8955.60 4.49 52.18 3.19
9362.46 4.56 52.04 5.25
9769.46 4.53 51.62 4.66
10176.35 4.56 54.06 11.10
10583.34 4.69 53.21 6.61
10990.31 4.54 51.89 6.76
11397.20 4.70 51.85 6.07
11804.28 4.57 53.06 3.40
12211.21 4.57 52.18 5.48
12618.12 4.60 52.57 3.92
13025.03 4.57 52.31 4.77
13431.98 4.62 52.51 4.80
13839.06 4.58 52.04 7.53
14245.89 4.48 51.78 6.09
14652.95 4.61 51.09 11.05
15059.76 4.48 50.70 8.44
15466.82 4.63 49.71 7.69
15873.71 4.49 52.62 5.39
16280.67 4.52 52.28 6.52
16687.70 4.64 1592.56 17.12
17094.70 4.49 2335.67 5.54
17501.54 4.68 2574.32 7.33
17908.54 4.51 2650.96 4.03
18315.51 4.55 2674.15 4.49
18722.53 4.65 2683.79 4.48
19129.39 4.55 2686.20 2.74
19536.34 4.68 2687.34 4.78
19943.32 4.55 2687.76 2.68
20350.26 4.57 2688.59 3.50
20757.20 4.59 2689.21 5.58
21164.12 4.57 2687.92 5.41
21571.10 4.61 2686.90 5.49
21978.09 4.57 2687.48 6.54
22385.00 4.60 2687.42 7.92
22791.96 4.61 2688.51 4.91
23198.89 4.48 2687.73 4.03
23605.87 4.63 2688.92 4.76
24012.75 4.48 2686.60 5.05
24419.85 4.64 2687.78 5.42
24826.75 4.64 2688.79 7.04
25233.78 4.50 2688.64 7.62
25640.62 4.67 2686.96 6.14
26047.62 4.51 2687.34 4.57
26454.62 4.68 2687.50 2.17
26861.62 4.63 2688.54 7.31
27268.50 4.55 2687.93 2.46
27675.46 4.67 2688.56 2.40
28082.48 4.54 2687.31 6.87
28489.42 4.68 2687.92 2.31
28896.35 4.55 2687.75 3.07
29303.31 4.56 2687.71 5.18
29710.28 4.57 2687.59 4.57
30117.23 4.56 2687.68 6.94
30524.15 4.58 2688.14 4.01
30931.07 4.59 2688.84 4.82
31337.98 4.48 2687.73 4.36
31745.00 4.62 2688.73 3.26
32151.89 4.49 2688.62 7.91
32558.96 4.62 2688.34 3.42
32965.90 4.61 1800.82 22.27
33372.87 4.63 614.26 11.27
33779.75 4.65 231.50 9.05
34186.75 4.50 112.25 6.13
34593.78 4.67 71.68 3.61
35000.73 4.61 58.62 5.36
35407.68 4.67 53.73 7.70
35814.60 4.66 53.89 5.26
36221.57 4.54 52.21 5.88
36628.57 4.67 51.60 2.71
37035.48 4.54 51.57 5.22
37442.45 4.69 53.26 4.18
37849.45 4.55 53.14 7.70
38256.34 4.56 50.68 8.26
38663.31 4.56 50.81 5.77
39070.29 4.57 52.43 2.72
39477.17 4.71 52.59 7.03
39884.15 4.59 53.89 7.88
40291.07 4.47 54.23 6.78
40698.14 4.60 52.01 7.27
41105.09 4.60 52.57 11.25
41512.01 4.61 53.59 6.23
41918.90 4.62 52.85 4.44
42325.92 4.49 52.03 5.92
42732.95 4.63 52.70 4.77
43139.89 4.60 52.98 7.48
43546.82 4.65 53.10 3.74
43953.79 4.62 51.87 3.42
44360.73 4.54 52.70 5.94
44767.75 4.65 52.12 3.44
45174.64 4.52 52.90 4.97
45581.62 4.66 52.01 3.40
45988.59 4.51 52.37 6.43
46395.53 4.67 52.25 5.12
46802.43 4.55 50.87 7.08
47209.46 4.55 51.96 8.06
47616.32 4.70 51.51 7.98
48023.34 4.56 52.43 4.24
48430.23 4.71 53.50 8.59
48837.29 4.58 51.18 7.11
49244.23 4.60 365.65 30.29
49651.23 4.58 1945.42 12.93
50058.15 4.60 2448.06 3.48
50465.10 4.73 2609.48 5.70
50872.12 4.61 2662.37 4.36
51279.01 4.60 2678.70 13.02
51686.03 4.62 2684.17 6.34
52092.98 4.61 2687.46 7.39
52499.89 4.65 2687.42 4.70
52906.92 4.62 2687.98 2.56
53313.81 4.52 2687.07 3.69
53720.85 4.64 2687.85 2.89
54127.75 4.50 2688.29 4.19
54534.70 4.65 2687.18 5.23
54941.60 4.52 2687.81 4.03
55348.68 4.54 2688.76 7.95
55755.54 4.68 2687.71 5.30
56162.53 4.54 2685.89 6.88
56569.39 4.69 2687.98 3.29
56976.46 4.53 2686.34 9.04
57383.40 4.71 2687.90 5.15
57790.42 4.55 2688.48 3.34
58197.37 4.57 2687.76 5.21
58604.26 4.71 2689.46 7.28
59011.25 4.57 2688.93 6.82
59418.18 4.72 2687.68 5.12
59825.14 4.59 2689.40 5.07
60232.12 4.59 2687.96 3.89
60639.04 4.62 2687.96 4.12
61046.04 4.60 2688.23 4.10
61452.98 4.63 2688.90 4.34
61859.98 4.61 2687.73 6.00
62266.87 4.49 2688.76 2.98
62673.84 4.63 2687.64 4.86
63080.76 4.49 2689.04 8.27
63487.84 4.65 2688.29 6.11
63894.68 4.65 2686.82 7.86
64301.68 4.52 2688.04 4.40
64708.54 4.68 2688.62 4.81
65115.56 4.53 2688.26 2.87
65522.53 4.70 2688.40 11.84
65929.50 4.53 1238.89 16.64
66336.48 4.56 432.04 11.11
66743.42 4.68 175.29 3.13
67150.34 4.57 91.82 7.03
67557.29 4.69 65.56 6.81
67964.26 4.56 57.15 2.94
68371.20 4.71 53.21 8.43
68778.20 4.58 53.48 4.63
69185.17 4.57 53.25 4.53
69592.07 4.61 53.25 4.52
69999.06 4.59 51.39 7.49
70405.98 4.61 51.78 3.09
70812.98 4.62 52.48 3.39
71219.89 4.48 52.00 5.64
71627.00 4.63 52.81 2.83
72033.79 4.63 51.93 7.54
72440.89 4.63 52.92 8.28
72847.73 4.66 52.21 2.91
73254.75 4.52 52.09 5.98
73661.68 4.68 52.37 8.10
74068.64 4.51 53.25 4.46
74475.71 4.66 51.50 7.25
74882.64 4.65 51.90 5.71
75289.53 4.55 52.26 4.23
75696.51 4.67 53.32 4.28
76103.42 4.56 52.17 3.81
76510.39 4.70 55.03 13.27
76917.37 4.54 51.25 3.35
77324.34 4.56 54.50 10.17
77731.26 4.58 52.18 6.08
78138.21 4.58 51.98 3.01
78545.14 4.58 52.64 8.20
78952.09 4.59 51.59 2.43
79359.04 4.48 52.09 6.07
79766.12 4.60 53.98 9.40
80172.95 4.61 52.59 5.41
80580.01 4.60 52.96 11.05
80986.92 4.61 52.54 6.41
81393.89 4.75 52.70 5.99
81800.87 4.64 51.78 7.31
82207.75 4.50 1114.06 21.89
82614.82 4.64 2182.76 7.34
83021.78 4.63 2524.43 3.64
83428.67 4.67 2633.98 3.39
83835.67 4.66 2669.15 12.37
84242.57 4.54 2682.06 2.38
84649.57 4.68 2686.53 5.14
85056.50 4.53 2688.00 4.34
85463.45 4.69 2687.09 2.82
85870.50 4.54 2688.48 7.75
86277.37 4.57 2688.25 2.56
86684.37 4.55 2687.70 4.90
87091.31 4.57 2686.34 11.00
87498.26 4.71 2687.39 8.30
87905.32 4.56 2686.89 7.46
88312.15 4.60 2688.51 2.88
88719.21 4.57 2688.65 3.75
89126.15 4.60 2688.35 3.75
89533.14 4.72 2688.84 3.03
89940.03 4.62 2688.23 2.41
90346.92 4.49 2688.68 6.92
90754.00 4.62 2686.84 4.64
91160.93 4.63 2686.57 13.17
91567.84 4.64 2688.14 3.58
91974.85 4.63 2687.82 4.93
92381.78 4.65 2688.42 3.84
92788.73 4.65 2688.12 3.44
93195.71 4.52 2687.89 4.69
93602.64 4.67 2689.73 4.97
94009.64 4.52 2688.81 5.50
94416.56 4.69 2688.92 7.78
94823.51 4.54 2689.21 7.40
95230.51 4.56 2688.85 4.89
95637.48 4.69 2687.18 4.53
96044.46 4.56 2687.96 2.63
96451.32 4.72 2687.96 2.85
96858.35 4.56 2688.04 6.26
97265.32 4.60 2687.56 4.65
97672.29 4.70 2688.53 4.74
98079.25 4.60 2687.64 5.80
98486.10 4.74 2567.21 36.43
98893.12 4.61 856.17 12.87
99300.09 4.64 312.09 5.14
99706.96 4.63 135.64 6.41
100114.03 4.63 80.07 3.58
100520.95 4.65 61.75 5.60
100927.87 4.65 55.21 8.66
101334.81 4.52 54.70 7.00
101741.79 4.65 52.54 7.46
102148.70 4.52 53.98 5.99
102555.65 4.68 52.32 6.58
102962.60 4.52 53.06 6.04
103369.60 4.69 51.23 7.17
103776.57 4.67 52.40 4.35
