2.03 0.17 151.34 31.82
38.96 4.57 397.89 29.56
75.50 4.50 620.85 25.49
111.84 4.58 819.62 23.28
148.12 4.56 998.78 20.63
184.54 4.51 1161.18 19.21
220.95 4.59 1306.96 18.54
257.25 4.56 1439.92 15.70
293.73 4.51 1558.90 14.63
330.09 4.58 1667.03 12.74
366.45 4.56 1764.40 11.68
402.89 4.51 1852.78 13.51
439.17 4.45 1932.01 11.01
475.46 4.56 2003.62 9.57
511.90 4.52 2067.75 9.33
548.23 4.45 2124.64 10.11
584.56 4.54 2178.87 6.63
621.14 4.47 2226.56 6.90
657.40 4.43 2269.76 6.53
693.78 4.51 2308.48 6.46
730.29 4.45 2343.89 5.95
766.54 4.40 2375.06 6.80
802.85 4.63 2403.87 5.98
839.32 4.70 2428.53 9.63
875.64 4.64 2453.40 5.12
911.98 4.60 2474.46 4.88
948.54 4.51 2493.90 4.94
984.82 4.59 2510.90 4.84
1021.21 4.55 2527.59 7.01
1057.67 4.49 2540.21 3.28
1093.95 4.58 2552.90 4.84
1130.32 4.54 2564.53 5.30
1166.70 4.48 2574.65 5.04
1203.03 4.58 2584.84 5.22
1239.40 4.54 2592.04 7.00
1275.84 4.50 2599.51 2.65
1312.20 4.57 2606.82 5.32
1348.65 4.53 2613.40 4.89
1384.98 4.50 2618.78 7.63
1421.32 4.56 2623.95 9.73
1457.70 4.53 2629.03 3.83
1493.98 4.49 2632.39 5.38
1530.37 4.56 2635.95 8.44
1566.76 4.52 2639.85 3.16
1603.20 4.45 2641.90 12.66
1639.56 4.53 2548.95 29.32
1676.00 4.49 2308.50 29.09
1712.37 4.44 2088.60 24.07
1748.73 4.51 1892.15 21.70
1785.03 4.49 1715.51 20.24
1821.42 4.56 1556.89 20.32
1857.73 4.63 1413.46 17.64
1894.10 4.59 1281.96 15.41
1930.59 4.64 1164.29 13.45
1966.93 4.59 1057.07 13.44
2003.31 4.53 962.90 11.74
2039.75 4.60 876.40 11.41
2076.14 4.57 798.35 9.60
2112.42 4.53 729.10 10.79
2148.82 4.60 663.07 9.74
2185.14 4.58 606.09 8.04
2221.50 4.54 556.06 10.41
2258.00 4.59 508.01 6.50
2294.32 4.57 466.04 8.14
2330.78 4.52 426.39 5.83
2367.12 4.58 392.07 7.24
2403.51 4.56 362.76 11.78
2439.84 4.52 334.82 10.85
2476.14 4.46 307.45 5.97
2512.51 4.56 285.45 7.53
2548.90 4.52 263.87 5.34
2585.26 4.46 245.23 3.33
2621.64 4.54 227.09 10.36
2658.17 4.48 213.10 10.17
2694.43 4.44 197.75 12.38
2730.84 4.50 185.43 6.96
2767.23 4.48 176.29 9.01
2803.53 4.67 163.48 5.35
2839.85 4.63 155.09 8.12
2876.31 4.71 146.15 4.08
2912.65 4.64 139.62 3.57
2949.04 4.59 132.17 5.31
2985.51 4.53 126.45 3.54
3021.84 4.61 120.82 3.93
3058.25 4.56 115.90 5.77
3094.60 4.53 111.07 4.38
3130.93 4.62 107.96 5.80
3167.28 4.57 102.34 6.50
3203.65 4.53 99.87 7.41
3240.01 4.62 99.10 23.15
3276.48 4.56 283.81 29.55
3312.81 4.53 515.70 27.47
3349.23 4.61 726.21 24.08
3385.67 4.56 914.37 21.81
3421.92 4.53 1084.65 20.21
3458.26 4.61 1240.10 17.50
3494.67 4.56 1376.53 17.53
3530.95 4.52 1502.18 14.95
3567.39 4.59 1617.59 23.35
3603.82 4.54 1719.06 12.10
3640.17 4.50 1809.53 12.15
3676.59 4.57 1895.51 11.16
3713.04 4.51 1970.89 10.14
3749.32 4.47 2036.98 8.14
3785.71 4.55 2098.18 12.14
3822.06 4.63 2154.18 7.97
3858.39 4.58 2205.57 6.89
3894.68 4.67 2248.20 8.40
3931.18 4.59 2290.46 6.83
3967.53 4.69 2327.75 8.48
4003.90 4.62 2361.23 5.11
4040.34 4.56 2390.85 8.21
4076.73 4.66 2417.53 5.20
4113.03 4.63 2442.00 6.14
4149.39 4.56 2463.25 6.22
4185.73 4.66 2484.78 6.54
4222.14 4.63 2502.59 6.36
4258.54 4.56 2518.67 3.67
4294.95 4.65 2533.37 8.03
4331.34 4.63 2546.07 8.65
4367.73 4.56 2559.78 4.82
4404.06 4.64 2569.93 6.88
4440.39 4.62 2579.32 5.06
4476.76 4.56 2588.46 5.18
4513.07 4.51 2595.93 5.54
4549.45 4.61 2603.64 2.95
4585.89 4.55 2611.79 10.33
4622.28 4.49 2616.17 3.92
4658.62 4.58 2622.85 7.85
4695.04 4.53 2626.60 3.15
4731.39 4.49 2631.62 3.06
4767.70 4.56 2635.01 3.22
4804.07 4.67 2639.04 4.80
4840.37 4.72 2642.04 8.40
4876.79 4.67 2641.98 28.77
4913.21 4.76 2420.06 29.29
4949.53 4.69 2190.90 27.25
4985.98 4.64 1984.76 23.82
5022.42 4.58 1798.92 23.05
5058.70 4.68 1630.18 18.96
5095.14 4.63 1481.07 18.25
5131.48 4.58 1342.42 15.90
5167.73 4.68 1219.93 15.40
5204.18 4.62 1107.40 13.02
5240.54 4.58 1007.00 12.29
5276.93 4.66 916.34 17.23
5313.37 4.64 835.35 10.09
5349.75 4.58 760.45 9.66
5386.14 4.67 693.00 8.89
5422.51 4.63 633.59 10.29
5458.81 4.58 577.15 8.83
5495.10 4.66 530.07 8.31
5531.50 4.63 484.81 5.87
5567.87 4.57 444.51 7.24
5604.29 4.63 408.40 5.51
5640.67 4.63 375.65 8.62
5677.12 4.55 345.60 11.94
5713.51 4.59 319.18 8.39
5749.89 4.58 295.03 6.92
5786.18 4.54 274.48 8.27
5822.57 4.71 251.90 5.53
5858.89 4.69 235.29 4.11
5895.32 4.74 219.78 9.05
5931.60 4.68 205.18 4.55
5968.07 4.65 191.32 3.24
6004.51 4.69 179.28 5.77
6040.84 4.66 167.76 5.27
6077.18 4.64 158.39 6.31
6113.59 4.70 151.17 10.30
6149.89 4.67 142.06 2.91
6186.23 4.65 134.07 13.14
6222.67 4.70 130.06 7.90
6259.07 4.68 123.28 9.61
6295.42 4.64 116.68 7.41
6331.87 4.70 114.37 5.55
6368.20 4.68 108.92 5.71
6404.57 4.64 105.09 4.37
6440.92 4.69 100.84 4.16
6477.18 4.69 99.96 9.66
6513.59 4.63 158.75 31.94
6550.00 4.56 406.14 29.04
6586.29 4.67 627.76 26.29
6622.81 4.60 825.75 23.23
6659.20 4.53 1004.00 21.80
6695.48 4.65 1167.23 20.63
6732.00 4.58 1313.62 17.08
6768.29 4.53 1445.23 16.37
6804.54 4.76 1562.46 14.88
6841.00 4.70 1670.29 14.92
6877.31 4.76 1768.43 14.53
6913.68 4.73 1854.64 11.55
6950.25 4.76 1933.14 11.60
6986.45 4.74 2003.40 12.12
7022.87 4.70 2070.26 10.30
7059.35 4.63 2126.64 9.74
7095.57 4.74 2180.15 7.66
7131.96 4.69 2227.92 7.86
7168.34 4.64 2270.60 7.37
7204.60 4.73 2307.57 8.46
7241.07 4.69 2344.07 5.23
7277.50 4.63 2376.96 5.74
7313.78 4.74 2403.96 7.22
7350.32 4.69 2430.54 4.37
7386.64 4.64 2454.32 5.16
7422.95 4.73 2475.03 4.95
7459.35 4.69 2493.45 10.05
7495.65 4.63 2511.60 8.77
7531.96 4.72 2526.85 3.60
7568.45 4.66 2541.35 3.49
7604.87 4.60 2553.26 2.98
7641.15 4.70 2564.51 2.67
7677.62 4.65 2574.62 6.35
7714.06 4.57 2585.26 5.29
7750.32 4.67 2587.64 36.61
7786.76 4.62 2599.76 11.04
7823.06 4.70 2608.04 7.98
7859.37 4.78 2613.59 3.31
7895.76 4.73 2618.43 5.81
7932.15 4.80 2624.17 4.03
7968.53 4.76 2629.18 3.32
8004.95 4.69 2634.03 4.50
8041.29 4.78 2638.40 10.36
8077.75 4.72 2641.00 11.57
8114.06 4.69 2641.48 13.32
8150.34 4.78 2541.25 31.66
8186.76 4.73 2298.79 28.26
8223.18 4.69 2083.51 26.70
8259.46 4.78 1887.35 23.82
8296.01 4.72 1710.15 20.70
8332.34 4.69 1550.43 18.41
8368.70 4.79 1407.00 16.67
8405.09 4.74 1279.09 18.29
8441.45 4.69 1159.90 16.95
8477.73 4.76 1055.00 13.49
8514.07 4.74 960.03 11.57
8550.53 4.67 871.10 14.38
8586.84 4.64 795.67 9.48
8623.21 4.71 725.56 9.10
8659.71 4.66 661.93 9.70
8696.04 4.62 606.53 14.84
8732.32 4.72 551.90 6.77
8768.79 4.66 505.98 9.32
8805.10 4.86 463.35 7.25
8841.35 4.83 425.45 13.97
8877.92 4.87 390.73 10.07
8914.18 4.82 360.67 5.93
8950.60 4.77 331.65 6.81
8987.09 4.83 306.26 4.03
9023.39 4.79 283.00 5.13
9059.73 4.78 261.23 5.20
9096.18 4.72 245.34 5.48
9132.45 4.79 226.87 3.94
9168.78 4.78 211.75 3.96
9205.21 4.71 198.09 7.83
9241.56 4.78 185.40 4.56
9277.96 4.77 174.35 4.51
