2.12 0.33 2594.62 81.19
113.12 12.07 1950.00 57.24
219.75 11.82 1474.25 42.52
326.25 12.03 1118.12 32.34
432.87 12.54 852.37 26.47
539.25 12.42 662.25 25.66
646.00 12.50 501.75 14.37
752.37 12.36 391.25 11.65
859.00 12.11 304.62 8.48
965.50 12.29 254.50 30.35
1072.00 12.10 197.37 4.98
1178.25 12.02 162.25 4.49
1284.87 12.15 136.75 3.99
1391.50 11.93 118.12 2.37
1498.00 12.49 99.25 10.96
1604.50 12.31 87.87 11.99
1711.12 12.44 85.50 6.12
1817.62 12.24 77.50 3.32
1924.00 12.11 72.37 2.83
2030.62 12.24 69.62 3.74
2137.00 12.11 66.87 6.45
2243.50 11.93 67.25 4.12
2349.87 12.15 61.75 1.79
2456.62 12.26 63.00 3.50
2563.12 12.43 59.62 1.65
2669.75 12.21 60.25 5.54
2776.12 12.44 58.87 3.10
2882.62 12.24 61.25 3.03
2989.25 12.01 56.50 9.33
3095.75 12.19 58.00 2.65
3202.12 12.07 58.25 2.33
3308.50 11.93 59.25 3.53
3415.00 12.10 58.75 1.85
3521.75 12.21 73.50 41.52
3628.25 12.39 636.62 65.24
3734.75 12.21 1153.62 49.80
3841.12 12.05 1536.87 36.91
3947.62 12.24 1825.12 28.74
4054.25 12.02 2038.37 21.53
4160.62 11.86 2198.75 14.57
4267.25 12.02 2319.25 15.79
4373.50 11.93 2412.00 9.16
4480.12 12.07 2479.75 8.01
4586.87 12.16 2528.12 1.69
4693.12 12.05 2568.62 4.82
4799.87 12.16 2594.25 5.29
4906.25 12.01 2615.12 2.89
5012.75 12.19 2636.75 12.49
5119.37 11.97 2644.00 4.21
5225.75 11.82 2653.62 2.39
5332.37 11.98 2653.12 15.72
5438.87 12.16 2665.12 3.79
5545.12 12.07 2669.12 2.03
5652.00 12.11 2672.00 2.12
5758.12 12.05 2674.00 2.12
5864.87 12.16 2675.37 4.87
5971.37 11.96 2675.87 3.06
6078.00 12.12 2676.37 4.50
6184.37 11.97 2671.62 13.64
6290.62 11.87 2678.87 2.76
6397.37 11.99 2679.12 1.36
6503.87 12.16 2679.75 2.38
6610.12 12.07 2679.25 2.73
6716.87 12.17 2677.50 2.55
6823.25 12.01 2681.25 5.87
6929.75 12.21 2680.12 1.69
7036.50 11.92 2681.62 3.64
7143.00 12.12 2362.25 72.14
7249.62 11.87 1782.12 53.86
7355.75 11.84 1350.00 40.98
7462.50 12.32 1024.25 28.13
7569.00 12.10 780.12 21.95
7675.50 12.31 596.75 17.20
7782.00 12.11 461.12 13.73
7888.50 12.30 362.25 9.85
7995.12 12.05 284.37 8.50
8101.62 11.87 228.25 5.54
8208.12 12.08 185.00 4.80
8314.62 11.87 152.87 4.11
8421.00 12.12 128.75 1.92
8527.37 12.36 113.25 2.77
8634.12 12.05 99.12 3.76
8740.50 12.31 84.50 11.80
8847.12 12.06 82.75 3.07
8953.50 12.30 73.87 2.80
9060.25 12.02 71.50 2.87
9166.50 11.93 66.75 1.71
9273.12 12.08 66.62 2.87
9379.75 11.83 65.00 3.16
9486.00 12.12 64.87 5.06
9592.62 12.26 60.75 1.98
9699.12 12.05 66.62 10.23
9805.75 12.21 59.50 3.64
9912.12 12.06 61.12 1.45
10018.62 12.24 59.25 3.15
10125.25 12.02 56.37 6.10
10231.75 11.83 55.87 6.37
10338.12 12.08 54.62 11.62
10444.87 12.16 59.50 3.16
10551.25 12.40 59.00 3.00
10657.75 12.21 182.75 87.81
10764.37 12.35 823.00 60.26
10870.75 12.21 1290.12 44.64
10977.37 11.97 1638.87 35.19
11083.87 12.17 1901.62 24.48
11190.12 12.08 2097.75 21.76
11296.87 11.79 2243.25 13.60
11403.25 12.03 2349.37 18.32
11509.75 12.22 2435.62 8.59
11616.25 12.40 2497.87 6.47
11722.75 12.21 2542.75 4.23
11829.50 12.30 2578.75 4.63
11935.75 12.21 2604.62 11.58
12042.50 11.93 2624.25 3.70
12148.87 12.17 2638.75 6.00
12255.37 11.98 2645.62 4.21
12361.87 11.79 2656.75 2.59
12468.37 12.36 2661.37 3.16
12575.00 12.10 2665.75 2.82
12681.50 12.31 2671.12 3.02
12787.75 12.21 2672.75 2.16
12894.50 12.30 2676.00 3.12
13001.00 12.11 2674.37 1.49
13107.50 11.93 2678.62 2.55
13214.12 12.08 2678.50 6.78
13320.37 11.98 2677.75 2.99
13427.25 12.03 2678.50 2.40
13533.50 12.32 2680.12 3.18
13640.12 12.05 2681.75 6.06
13746.62 12.27 2682.12 1.45
13853.00 12.11 2679.25 1.71
13959.50 12.30 2680.12 2.47
14066.12 12.08 2680.62 2.17
14172.62 11.89 2676.37 15.32
14279.00 12.12 2156.62 66.67
14385.50 11.94 1626.37 46.58
14492.12 12.08 1227.12 37.16
14598.50 12.31 936.37 29.33
14705.12 12.05 714.75 21.68
14811.75 12.21 545.50 25.02
14917.87 12.17 426.37 12.05
15024.62 12.24 333.75 10.32
15131.12 12.08 261.87 10.55
15237.87 11.79 214.25 4.12
15344.00 12.12 174.50 4.90
15450.75 12.22 145.00 2.55
15557.25 12.02 122.00 7.38
15663.75 12.22 106.00 2.45
15770.12 12.05 94.37 2.00
15876.75 12.21 87.25 2.54
15983.12 12.06 77.87 1.69
16089.87 12.17 70.62 7.07
16196.12 12.08 70.87 2.67
16302.87 11.79 65.12 4.54
16409.25 12.04 64.87 1.45
16515.75 12.22 65.62 3.97
16622.25 12.02 61.87 2.93
16728.75 12.22 61.62 3.08
16835.37 11.97 64.87 30.24
16941.75 12.21 63.00 3.54
17048.25 12.02 57.12 4.01
17154.87 12.17 62.12 7.10
17261.25 12.03 58.25 3.42
17367.75 11.84 58.25 2.68
17474.37 12.37 54.00 12.53
17581.00 12.10 58.75 9.24
17687.37 12.35 59.12 3.14
17793.75 12.22 415.87 74.79
17900.37 12.34 986.37 55.25
18006.87 12.16 1415.00 40.70
18113.12 12.06 1732.25 31.18
18220.00 12.12 1971.37 23.91
18326.25 12.04 2149.75 16.60
18432.87 12.18 2282.00 12.81
18539.50 12.33 2381.37 10.95
18646.00 12.11 2457.12 7.37
18752.37 12.37 2512.50 7.40
18858.87 12.17 2557.37 3.57
18965.62 12.24 2586.75 3.63
19072.00 12.12 2611.37 2.34
19178.25 12.02 2627.50 2.50
19285.00 12.12 2642.37 2.29
19391.50 11.95 2650.62 2.87
19497.87 12.18 2658.50 3.00
19604.62 12.27 2663.75 3.80
19711.00 12.11 2668.75 2.22
19817.75 12.21 2672.37 2.91
19924.00 12.11 2672.25 2.68
20030.62 12.24 2674.62 3.00
20136.87 12.16 2675.00 3.04
20243.50 11.93 2676.37 2.23
20349.87 12.16 2678.75 1.30
20456.62 12.28 2681.00 3.74
20563.00 12.49 2678.87 2.67
20669.62 12.27 2679.00 1.42
20776.12 12.44 2679.75 2.22
20882.62 12.25 2679.50 2.18
20989.00 12.10 2677.87 7.70
21095.75 12.20 2679.37 2.87
21201.87 12.16 2681.25 2.64
21308.50 11.93 2617.75 83.69
21415.12 12.08 1969.37 63.88
21521.62 12.28 1486.00 47.42
21628.25 12.41 1127.00 36.18
21734.62 12.27 861.50 17.61
21841.12 12.05 655.12 18.46
21947.62 12.25 507.25 15.16
22054.12 12.05 392.62 10.75
22160.62 11.87 312.25 4.79
22267.00 12.11 244.37 6.82
22373.50 11.93 199.75 6.00
22480.12 12.08 163.12 3.72
22586.87 12.16 137.25 5.45
22693.12 12.08 117.50 2.65
22799.87 12.16 101.87 2.93
22906.12 12.05 88.87 8.36
23012.62 12.24 79.75 12.20
23119.12 12.05 77.12 3.22
23225.75 11.83 71.12 4.54
23332.00 12.11 70.00 5.17
23438.75 12.21 71.87 11.29
23545.12 12.44 64.00 2.45
23652.00 12.11 62.50 2.12
23758.25 12.41 61.25 4.02
23864.87 12.16 58.00 5.17
23971.25 12.01 60.25 1.99
24077.75 12.20 61.50 9.42
24184.00 12.11 60.87 3.33
24290.75 11.83 59.75 3.38
24397.12 12.07 57.50 2.24
24503.62 12.28 61.25 3.73
24610.25 12.39 63.87 11.12
24716.87 12.17 60.62 5.41
24823.50 12.30 68.25 35.03
24929.75 12.21 618.12 67.44
25036.50 11.92 1139.75 52.29
25142.75 12.20 1527.12 38.88
25249.37 11.99 1817.37 27.73
25355.75 11.83 2033.50 21.08
25462.50 12.32 2197.37 17.45
25568.87 12.16 2320.75 11.74
25675.50 12.31 2409.25 8.86
25782.00 12.11 2479.12 6.81
25888.50 12.30 2528.00 7.33
25995.12 12.05 2566.37 5.17
26101.62 11.87 2595.12 4.14
26207.87 12.16 2616.00 2.83
26314.37 11.99 2632.12 3.10
26421.12 12.44 2645.37 3.31
26527.62 12.28 2652.00 2.92
26634.12 12.08 2660.00 2.87
26740.62 12.27 2665.75 2.05
26847.12 12.05 2669.00 2.96
26953.50 12.30 2678.25 17.58
27060.25 12.01 2675.00 1.73
27166.62 11.87 2674.50 1.80
