2.01 0.12 2591.51 30.33
38.92 4.57 2344.18 27.82
75.46 4.48 2122.93 26.95
111.95 4.58 1922.48 22.52
148.56 4.52 1741.48 20.63
184.89 4.60 1578.82 17.62
221.28 4.58 1432.48 17.16
257.59 4.54 1300.07 15.71
293.85 4.48 1182.34 13.40
330.20 4.59 1073.76 13.03
366.56 4.54 977.60 12.07
402.87 4.73 888.93 10.56
439.35 4.69 809.42 9.41
475.90 4.74 734.73 19.29
512.28 4.68 674.10 13.18
548.59 4.66 614.85 6.86
585.03 4.72 563.51 12.74
621.29 4.68 514.98 7.09
657.59 4.66 472.15 7.13
693.98 4.73 432.12 7.46
730.26 4.68 398.81 7.73
766.71 4.62 365.26 8.66
803.28 4.53 336.31 9.19
839.65 4.59 312.03 6.21
876.01 4.56 288.48 6.62
912.40 4.50 266.42 5.75
948.59 4.60 248.68 11.79
985.00 4.56 227.70 11.66
1021.35 4.51 215.29 6.41
1057.56 4.60 200.28 3.55
1094.07 4.57 188.40 8.36
1130.62 4.51 177.00 4.07
1167.00 4.60 166.07 4.62
1203.43 4.56 156.62 3.58
1239.76 4.50 148.12 5.09
1276.03 4.60 142.31 7.99
1312.42 4.56 133.10 5.14
1348.71 4.51 128.75 7.72
1385.01 4.60 121.17 3.72
1421.39 4.69 116.79 7.02
1457.90 4.73 115.18 12.01
1494.37 4.67 107.95 8.40
1530.79 4.64 104.29 4.34
1567.06 4.71 101.51 7.71
1603.40 4.67 100.26 18.71
1639.78 4.64 245.03 30.76
1676.06 4.71 481.60 25.22
1712.35 4.67 695.29 25.12
1748.76 4.64 886.35 22.67
1785.26 4.67 1060.95 19.90
1821.68 4.60 1216.35 18.23
1858.18 4.54 1358.48 16.96
1894.46 4.62 1485.96 14.82
1930.70 4.60 1600.50 13.77
1967.17 4.55 1703.01 13.58
2003.46 4.62 1798.07 11.35
2039.70 4.60 1881.87 10.29
2076.14 4.55 1958.46 12.53
2112.62 4.51 2028.00 7.83
2149.03 4.62 2090.42 8.94
2185.59 4.54 2146.50 9.78
2221.84 4.50 2198.34 11.99
2258.15 4.63 2243.87 7.54
2294.56 4.55 2284.32 8.40
2330.79 4.50 2321.90 7.54
2367.07 4.63 2352.68 9.23
2403.53 4.69 2385.03 5.49
2439.96 4.72 2413.09 4.91
2476.43 4.70 2438.98 6.90
2512.95 4.74 2461.59 5.43
2549.20 4.70 2481.50 3.70
2585.54 4.68 2498.51 6.17
2621.95 4.62 2516.45 3.82
2658.14 4.71 2530.76 3.77
2694.53 4.69 2545.76 4.41
2730.90 4.63 2557.00 7.64
2767.29 4.67 2568.53 3.27
2803.84 4.61 2578.26 4.58
2840.34 4.52 2585.40 12.20
2876.53 4.62 2595.81 8.13
2912.98 4.59 2601.51 5.87
2949.35 4.52 2608.96 3.90
2985.48 4.63 2615.50 4.01
3021.95 4.59 2619.75 3.44
3058.31 4.53 2625.21 5.68
3094.56 4.63 2630.28 6.35
3131.29 4.59 2634.93 3.12
3167.65 4.53 2636.67 10.80
3203.93 4.64 2640.93 2.86
3240.39 4.59 2641.82 23.91
3276.68 4.53 2455.12 23.65
3312.92 4.63 2223.31 26.27
3349.34 4.61 2013.21 24.43
3385.65 4.54 1824.64 22.02
3421.93 4.75 1655.42 19.89
3458.53 4.70 1500.45 17.62
3495.00 4.73 1362.23 16.10
3531.34 4.70 1236.07 14.85
3567.75 4.79 1124.09 14.25
3604.03 4.73 1020.43 15.45
3640.35 4.71 929.67 11.96
3676.68 4.80 846.23 11.59
3713.03 4.73 771.76 11.34
3749.31 4.71 703.42 8.86
3785.89 4.76 641.68 7.50
3822.43 4.65 585.76 8.08
3858.70 4.63 536.43 7.12
3895.09 4.71 491.31 7.75
3931.42 4.65 452.26 8.88
3967.65 4.64 413.84 6.83
4004.01 4.60 380.18 5.21
4040.42 4.65 350.09 5.87
4076.64 4.64 323.62 14.37
4113.20 4.62 298.31 5.32
4149.71 4.66 275.59 5.23
4186.09 4.65 255.71 8.21
4222.46 4.60 237.46 6.93
4258.81 4.66 222.56 6.29
4295.09 4.66 206.92 6.58
4331.43 4.61 193.60 3.87
4367.75 4.65 180.57 8.23
4404.03 4.78 171.40 4.47
4440.62 4.82 161.81 6.04
4477.09 4.72 151.00 5.25
4513.43 4.72 143.14 8.99
4549.90 4.77 138.64 10.98
4586.17 4.72 129.81 4.08
4622.40 4.71 124.09 4.62
4658.89 4.77 117.73 5.11
4695.14 4.73 114.01 4.50
4731.39 4.71 110.59 10.36
4768.03 4.74 104.87 6.37
4804.43 4.66 102.21 4.51
4840.85 4.62 99.40 4.63
4877.31 4.67 124.64 31.32
4913.48 4.65 371.73 29.10
4949.90 4.62 595.68 26.23
4986.25 4.70 797.21 23.52
5022.43 4.66 977.85 22.35
5058.87 4.62 1142.60 19.19
5095.35 4.71 1291.14 17.09
5131.75 4.68 1426.67 16.49
5168.32 4.63 1546.03 14.91
5204.64 4.71 1654.92 13.30
5240.90 4.68 1754.29 12.26
5277.35 4.64 1841.35 12.71
5313.62 4.72 1923.59 12.94
5349.90 4.68 1994.34 8.80
5386.35 4.89 2059.35 9.74
5422.59 4.85 2117.64 12.48
5459.12 4.88 2171.62 14.66
5495.65 4.83 2221.00 6.53
5532.00 4.89 2263.75 8.97
5568.37 4.85 2303.45 6.33
5604.67 4.82 2338.51 9.10
5640.98 4.89 2372.07 5.52
5677.31 4.87 2400.78 7.06
5713.64 4.83 2426.70 5.91
5749.98 4.89 2450.53 5.55
5786.48 4.82 2471.71 4.80
5823.09 4.74 2492.54 9.01
5859.35 4.70 2508.14 4.03
5895.67 4.79 2524.51 4.22
5932.06 4.74 2535.10 9.23
5968.34 4.70 2550.81 5.12
6004.62 4.79 2563.37 7.00
6041.03 4.74 2573.14 2.91
6077.32 4.70 2581.96 6.38
6113.87 4.81 2592.06 5.35
6150.35 4.76 2597.37 8.09
6186.71 4.73 2606.73 5.72
6223.07 4.82 2612.50 2.63
6259.42 4.76 2618.01 2.76
6295.70 4.73 2623.31 7.06
6332.04 4.82 2628.01 5.50
6368.40 4.76 2631.26 5.14
6404.68 4.97 2635.84 3.04
6441.15 4.90 2638.59 3.11
6477.76 4.81 2641.98 9.81
6514.04 4.90 2575.51 32.55
6550.43 4.86 2332.45 31.22
6586.84 4.80 2110.81 26.32
6623.06 4.90 1913.42 23.75
6659.37 4.86 1734.54 21.66
6695.84 4.80 1573.15 19.74
6732.04 4.90 1427.10 17.96
6768.56 4.83 1296.06 17.07
6805.15 4.75 1178.09 17.68
6841.48 4.81 1069.48 13.53
6877.90 4.76 972.45 12.64
6914.21 4.73 885.04 12.15
6950.45 4.81 805.21 11.52
6986.87 4.77 735.53 8.65
7023.18 4.74 671.20 9.70
7059.40 4.81 612.23 8.10
7095.98 4.79 559.57 9.27
7132.39 4.75 512.01 8.06
7168.81 4.84 469.21 5.78
7205.21 4.82 431.59 5.80
7241.53 4.75 396.17 6.21
7277.84 4.84 364.73 4.58
7314.17 4.83 335.20 6.52
7350.51 4.76 311.15 4.00
7386.84 4.96 286.98 7.45
7423.17 4.95 267.45 8.20
7459.70 4.97 246.00 3.58
7496.18 4.91 228.46 7.77
7532.57 4.87 215.25 8.49
7568.89 4.92 200.42 14.06
7605.20 4.91 187.87 3.85
7641.59 4.83 175.73 4.26
7677.84 4.93 166.03 4.71
7714.18 4.92 156.09 7.73
7750.56 4.84 148.14 6.77
7787.04 4.90 139.87 3.69
7823.50 4.84 131.98 6.82
7860.03 4.77 127.31 4.45
7896.25 4.74 121.68 5.88
7932.56 4.83 116.29 5.41
7968.90 4.81 111.37 5.83
8005.25 4.74 109.04 5.63
8041.51 4.83 103.71 9.87
8077.89 4.81 99.84 4.16
8114.43 4.76 99.57 20.17
8150.93 4.85 257.67 34.40
8187.29 4.83 490.64 29.74
8223.65 4.75 702.62 25.74
8260.00 4.86 894.12 22.57
8296.29 4.83 1067.29 21.27
8332.62 4.76 1221.40 18.76
8368.96 4.87 1362.59 16.63
8405.29 4.95 1488.98 15.78
8441.78 4.95 1606.60 18.76
8478.23 4.93 1708.20 15.27
8514.75 4.85 1801.23 16.94
8550.96 4.94 1884.37 11.23
8587.32 4.91 1960.17 10.82
8623.75 4.85 2029.43 9.31
8659.96 4.94 2092.00 8.08
8696.29 4.91 2147.46 8.31
8732.71 4.85 2198.21 6.33
8769.15 4.91 2243.32 7.33
8805.65 4.85 2285.71 5.61
8842.12 4.78 2323.10 6.18
8878.42 4.85 2355.90 6.82
8914.75 4.84 2386.43 6.56
8951.10 4.78 2413.21 12.61
8987.35 4.86 2439.78 9.11
9023.71 4.85 2462.17 4.68
9060.09 4.78 2481.20 3.94
9096.45 4.87 2500.15 4.35
9133.01 4.87 2517.64 10.80
9169.40 4.80 2530.68 7.75
9205.76 4.88 2545.37 5.24
9242.17 4.87 2558.25 4.21
9278.43 4.80 2567.29 7.04
