2.12 0.33 1260.25 30.07
23.00 12.10 1215.75 24.78
39.37 11.96 1185.25 22.99
55.87 12.15 1152.50 14.25
72.00 12.10 1129.37 11.72
88.37 11.96 1113.50 7.91
104.87 12.15 1104.00 8.11
121.00 12.10 1095.87 6.45
137.37 11.96 1095.12 4.40
153.87 12.15 1099.12 8.05
170.00 12.10 1110.12 11.48
186.37 11.96 1122.25 15.49
202.87 12.15 1141.75 19.03
219.00 12.10 1165.12 22.70
235.37 11.96 1192.37 23.02
251.87 12.15 1221.62 27.53
268.12 12.43 1258.87 31.23
284.37 12.72 1295.37 34.05
301.00 12.48 1335.62 33.53
317.00 12.48 1380.37 35.06
333.37 12.72 1427.62 37.49
350.00 12.48 1470.87 37.93
366.25 12.40 1523.50 30.53
382.50 12.68 1566.62 26.35
399.12 12.43 1604.25 20.78
415.50 12.31 1631.37 17.99
431.87 12.55 1650.75 16.55
448.37 12.37 1671.87 7.78
464.62 12.28 1685.12 4.08
481.12 12.45 1683.00 10.23
497.37 12.38 1689.75 6.14
513.62 12.27 1684.00 9.26
530.00 12.51 1673.12 13.12
546.25 12.43 1655.87 15.20
562.62 12.27 1641.37 19.94
579.00 12.51 1618.25 21.66
595.50 12.34 1590.25 25.84
611.75 12.22 1567.62 37.22
628.25 12.43 1524.37 28.28
644.37 12.37 1485.62 31.72
660.87 12.17 1450.37 38.20
677.50 12.32 1400.62 35.18
693.62 12.26 1353.62 36.26
709.87 12.17 1304.37 34.33
726.50 11.95 1254.50 29.94
742.87 12.16 1214.50 24.14
759.00 12.12 1181.75 20.79
775.37 11.99 1149.87 15.20
791.87 12.16 1129.12 11.28
808.00 12.12 1111.37 6.25
824.37 11.99 1102.12 5.78
840.87 12.16 1094.12 2.71
857.00 12.12 1090.00 6.56
873.37 11.99 1099.75 8.74
889.87 12.16 1104.75 17.61
906.00 12.12 1122.00 14.61
922.37 11.99 1144.50 20.90
938.87 12.16 1167.25 21.32
955.00 12.12 1195.50 22.30
971.12 12.09 1223.87 27.34
987.75 12.22 1259.87 30.34
1004.00 12.12 1296.00 33.68
1020.12 12.09 1335.00 33.57
1036.75 12.22 1382.37 35.79
1053.00 12.12 1428.37 38.50
1069.12 12.09 1476.25 35.93
1085.75 12.22 1526.87 29.28
1101.87 12.16 1567.87 26.21
1118.12 12.09 1603.50 20.00
1134.75 12.22 1632.00 14.67
1150.87 12.16 1655.62 9.42
1167.00 12.12 1672.25 7.46
1183.50 11.95 1683.12 2.67
1199.87 12.16 1685.25 8.64
1216.00 12.12 1689.00 5.17
1232.37 11.99 1682.87 7.10
1248.87 12.16 1673.75 12.21
1265.12 12.45 1659.87 16.80
1281.62 12.65 1633.50 25.24
1298.00 12.49 1617.87 22.09
1314.25 12.78 1589.00 26.18
1330.62 12.65 1554.00 27.41
1347.00 12.49 1525.50 30.85
1363.37 12.74 1485.75 31.84
1379.75 12.61 1444.50 34.66
1396.12 12.44 1403.62 38.16
1412.37 12.37 1353.12 36.48
1428.75 12.63 1307.00 34.69
1445.12 12.47 1259.75 33.62
1461.50 12.34 1217.37 29.04
1478.00 12.53 1178.37 22.92
1494.25 12.43 1151.50 15.61
1510.75 12.24 1128.12 11.47
1527.00 12.53 1112.37 5.02
1543.50 12.30 1099.37 2.83
1559.87 12.18 1098.12 7.41
1576.25 12.41 1094.00 7.57
1592.62 12.26 1098.50 6.61
1609.00 12.13 1110.00 11.68
1625.37 12.37 1118.12 22.38
1641.50 12.32 1144.37 18.06
1657.87 12.17 1165.50 21.04
1674.37 12.37 1195.50 23.83
1690.75 12.20 1225.12 27.71
1706.87 12.17 1265.00 40.86
1723.50 12.32 1298.12 33.69
1739.75 12.20 1337.62 32.43
1755.75 12.20 1381.00 37.47
1772.50 12.32 1431.50 35.87
1788.75 12.20 1478.62 35.81
1804.75 12.20 1537.62 51.76
1821.50 12.32 1569.12 24.67
1837.75 12.20 1604.00 20.53
1853.75 12.20 1633.25 16.28
1870.25 12.04 1656.00 9.06
1886.75 12.20 1671.12 8.51
1902.75 12.20 1683.75 4.49
1919.25 12.04 1686.87 5.18
1935.75 12.20 1688.62 6.23
1951.75 12.20 1682.00 9.68
1968.25 12.04 1674.00 12.20
1984.75 12.20 1658.12 14.90
2000.75 12.20 1638.37 19.28
2017.12 12.08 1615.37 20.60
2033.75 12.20 1588.62 24.51
2049.75 12.20 1552.12 26.37
2066.12 12.08 1523.37 30.55
2082.75 12.20 1485.75 29.06
2098.75 12.20 1444.87 34.87
2114.87 12.17 1400.12 36.13
2131.62 12.27 1353.87 36.66
2147.75 12.20 1305.87 34.73
2163.87 12.17 1258.37 31.58
2180.50 12.32 1214.62 23.80
2196.75 12.20 1175.75 22.03
2212.75 12.20 1152.00 15.90
2229.50 12.32 1128.25 12.84
2245.75 12.20 1113.50 14.30
2261.87 12.53 1101.50 3.08
2278.62 12.65 1094.75 3.53
2294.87 12.53 1092.00 14.96
2311.00 12.86 1101.00 6.54
2327.50 12.70 1110.12 13.59
2343.87 12.53 1124.00 16.03
2360.25 12.78 1144.37 18.30
2376.62 12.66 1167.12 24.16
2393.00 12.49 1194.00 24.80
2409.25 12.78 1224.37 28.35
2425.75 12.63 1259.37 31.39
2442.12 12.45 1297.37 32.85
2458.50 12.72 1339.75 35.08
2474.75 12.63 1386.75 37.28
2491.25 12.41 1429.75 38.89
2507.75 12.63 1479.37 35.52
2523.75 12.63 1527.75 31.51
2540.37 12.35 1572.37 25.01
2556.75 12.23 1605.12 20.13
2573.00 12.51 1634.25 17.57
2589.37 12.35 1656.25 10.36
2606.00 12.15 1669.87 19.34
2622.25 12.43 1683.37 1.73
2638.37 12.37 1692.25 6.70
2655.12 12.10 1687.75 3.42
2671.50 12.32 1683.50 8.65
2687.50 12.32 1673.50 15.01
2704.12 12.10 1658.12 16.58
2720.62 12.26 1643.00 23.34
2736.75 12.20 1614.12 21.87
2753.12 12.08 1587.37 24.73
2769.75 12.20 1556.37 27.51
2785.75 12.20 1519.37 27.88
2801.87 12.17 1482.75 35.23
2818.62 12.27 1440.62 35.12
2834.75 12.20 1398.50 36.98
2850.75 12.20 1348.12 36.86
2867.50 12.32 1302.62 34.37
2883.75 12.20 1253.62 31.71
2899.75 12.20 1217.12 28.12
2916.50 12.32 1177.12 19.43
2932.75 12.20 1149.12 13.00
2948.75 12.20 1127.87 12.29
2965.50 12.32 1111.12 6.59
2981.75 12.20 1099.87 3.59
2997.75 12.20 1097.37 3.60
3014.25 12.04 1097.87 9.12
3030.75 12.20 1100.25 10.72
3046.75 12.20 1105.75 17.30
3063.25 12.04 1125.75 15.20
3079.75 12.20 1143.37 19.04
3095.75 12.20 1170.50 22.40
3112.25 12.04 1194.12 26.10
3128.75 12.20 1226.00 27.00
3144.75 12.20 1262.75 30.52
3161.25 12.04 1300.00 33.04
3177.75 12.20 1339.12 34.60
3193.75 12.20 1381.50 38.49
3210.12 12.08 1436.62 37.13
3226.75 12.20 1480.87 34.14
3242.75 12.20 1528.50 31.09
3258.87 12.17 1570.00 26.60
3275.75 12.60 1602.75 22.40
3291.87 12.53 1634.75 14.61
3308.00 12.86 1655.62 12.32
3324.62 12.65 1671.62 8.00
3341.00 12.86 1685.00 5.52
3357.25 12.78 1689.87 3.10
3373.75 12.61 1689.25 5.74
3390.25 12.78 1683.75 10.24
3406.25 12.78 1676.75 18.61
3422.87 12.57 1657.87 14.55
3439.37 12.75 1637.37 18.38
3455.50 12.72 1612.75 19.35
3471.75 12.63 1588.37 24.53
3488.50 12.71 1557.62 28.51
3504.75 12.63 1516.25 32.44
3520.87 12.58 1485.75 35.14
3537.62 12.64 1439.87 35.25
3553.87 12.56 1396.62 37.39
3570.12 12.46 1348.50 37.47
3586.62 12.64 1302.12 34.56
3603.00 12.52 1253.62 29.09
3619.25 12.43 1212.25 23.84
3635.62 12.27 1176.37 19.03
3652.25 12.42 1149.00 16.82
3668.62 12.28 1124.62 11.05
3685.00 12.13 1111.25 8.12
3701.37 12.38 1107.37 13.33
3717.75 12.21 1095.50 3.20
3734.12 12.08 1095.62 5.98
3750.50 12.32 1091.00 22.78
3766.87 12.16 1110.87 12.91
3783.12 12.08 1126.00 16.79
3799.50 12.32 1143.12 20.96
3815.87 12.16 1169.62 23.03
3832.00 12.12 1196.62 27.02
3848.50 12.32 1228.00 26.70
3864.75 12.20 1260.50 31.89
3881.00 12.12 1298.75 33.86
3897.50 12.32 1350.37 38.53
3913.75 12.20 1386.87 36.75
3930.00 12.12 1424.62 17.99
3946.37 12.37 1486.62 35.88
3962.62 12.27 1529.62 29.17
3979.00 12.12 1572.12 24.99
3995.25 12.41 1605.75 18.42
4011.50 12.32 1631.50 21.71
4028.00 12.12 1657.62 10.93
4044.25 12.41 1674.00 7.79
4060.50 12.32 1682.00 4.74
4077.00 12.12 1691.00 4.00
4093.12 12.08 1684.00 11.57
4109.50 12.32 1682.25 9.56
4126.00 12.12 1671.87 12.57
4142.12 12.08 1657.12 15.76
4158.50 12.32 1638.62 19.51
4174.87 12.16 1618.00 24.29
