2.00 0.35 1521.87 34.52
23.00 12.10 1568.25 23.42
39.50 11.91 1605.50 19.63
55.75 12.19 1638.37 17.15
72.25 12.01 1656.25 11.70
88.62 11.86 1673.12 8.30
104.87 12.15 1684.75 3.70
121.25 12.01 1689.25 2.17
137.50 11.91 1690.12 5.44
153.87 12.15 1683.50 8.76
170.25 12.01 1672.50 12.80
186.50 11.91 1660.87 15.42
202.87 12.15 1636.50 18.68
219.12 12.05 1618.37 21.43
235.50 11.91 1591.75 23.46
251.75 12.19 1561.00 26.65
268.12 12.05 1526.37 23.01
284.37 11.96 1486.25 29.71
300.75 12.19 1445.50 32.01
317.12 12.05 1401.12 31.83
333.37 11.96 1352.25 35.38
349.75 12.19 1306.75 31.76
366.12 12.05 1258.62 26.74
382.37 11.96 1212.25 23.04
398.75 12.19 1181.50 19.13
414.87 12.15 1150.62 15.01
431.37 11.96 1128.25 13.67
447.75 12.19 1110.12 5.35
463.87 12.15 1100.25 3.73
480.37 11.96 1095.12 2.20
496.62 11.86 1095.12 5.53
512.87 12.15 1100.00 8.51
529.25 12.01 1111.37 12.56
545.62 11.86 1125.12 15.62
561.87 12.15 1142.12 15.69
578.25 12.01 1165.75 21.69
594.50 11.91 1194.00 23.86
610.87 12.15 1225.12 25.01
627.25 12.01 1259.00 28.63
643.50 11.91 1296.37 31.41
659.87 12.15 1334.50 34.62
676.25 12.39 1376.75 38.98
692.75 12.57 1428.00 39.35
709.00 12.48 1466.25 50.00
725.37 12.35 1527.37 30.26
741.75 12.58 1567.62 27.44
758.12 12.44 1603.75 21.26
774.87 12.54 1633.00 16.16
791.25 12.42 1656.37 11.71
807.50 12.31 1674.75 7.72
824.37 12.36 1687.25 12.09
840.50 12.32 1689.12 3.10
857.12 12.07 1694.12 12.92
873.37 12.36 1683.50 8.26
889.75 12.21 1672.62 13.63
906.12 12.07 1658.50 14.67
922.50 12.30 1639.25 18.32
938.87 12.16 1616.37 21.45
955.37 11.96 1578.50 27.84
971.50 12.29 1557.12 25.41
988.00 12.11 1523.37 29.33
1004.37 11.96 1490.50 33.11
1020.62 12.25 1441.50 32.38
1036.75 12.20 1398.25 33.80
1053.25 12.02 1351.25 34.50
1069.62 12.25 1304.00 32.20
1085.75 12.20 1255.50 26.77
1102.25 12.02 1213.75 33.34
1118.50 11.92 1178.00 20.21
1134.75 12.20 1150.50 15.83
1151.12 12.07 1125.75 11.79
1167.50 11.92 1109.75 5.95
1183.75 12.20 1100.62 4.09
1200.12 12.07 1092.62 10.76
1216.37 11.96 1091.87 1.17
1232.75 12.20 1102.37 10.17
1249.12 12.07 1108.87 11.54
1265.37 11.96 1125.12 17.48
1281.75 12.20 1145.75 17.85
1298.00 12.11 1167.00 21.35
1314.37 11.96 1193.75 23.59
1330.75 12.20 1225.75 26.77
1347.00 12.11 1259.00 28.78
1363.37 11.96 1300.00 32.21
1379.75 12.20 1336.62 34.54
1396.00 12.11 1383.25 35.52
1412.37 11.96 1429.62 35.86
1428.62 12.25 1473.75 38.60
1445.00 12.11 1526.37 27.57
1461.37 11.96 1569.37 24.90
1477.62 12.25 1602.25 23.84
1493.75 12.20 1634.00 17.67
1510.25 12.02 1655.62 9.43
1526.62 12.25 1668.00 14.19
1542.75 12.20 1683.87 5.73
1559.25 12.02 1689.12 1.53
1575.50 11.92 1689.75 5.81
1591.75 12.20 1682.25 8.91
1608.12 12.07 1675.12 11.06
1624.50 11.92 1659.50 14.58
1640.75 12.20 1640.50 17.05
1657.12 12.07 1617.75 22.34
1673.62 12.62 1589.00 23.27
1689.87 12.53 1556.62 28.69
1706.50 12.69 1523.37 31.31
1722.75 12.58 1485.25 31.18
1739.12 12.45 1444.00 35.62
1755.37 12.74 1396.62 35.34
1772.12 12.45 1350.87 37.96
1788.50 12.33 1300.37 33.04
1804.75 12.61 1259.00 33.28
1821.50 12.32 1213.25 23.39
1838.00 12.13 1176.37 19.28
1854.12 12.46 1145.62 14.70
1870.75 12.23 1124.75 11.91
1887.12 12.07 1110.12 6.72
1903.25 12.40 1097.00 4.69
1919.75 12.21 1095.25 3.90
1936.25 12.02 1095.25 4.29
1952.50 12.29 1101.75 9.08
1969.00 12.11 1110.37 12.73
1985.37 11.96 1127.25 14.53
2001.62 12.25 1144.37 19.46
2018.00 12.11 1172.87 29.94
2034.37 11.96 1196.12 23.87
2050.62 12.25 1230.00 26.21
2067.00 12.11 1259.87 22.93
2083.37 11.96 1305.12 31.09
2099.62 12.25 1341.87 32.31
2115.75 12.20 1387.37 36.26
2132.25 12.02 1433.75 36.90
2148.62 12.25 1482.87 33.38
2164.62 12.25 1530.50 27.10
2181.25 12.02 1572.25 24.21
2197.50 11.92 1608.50 18.82
2213.62 12.25 1636.00 15.25
2230.12 12.07 1657.37 10.29
2246.50 11.92 1674.62 5.98
2262.62 12.25 1684.00 2.40
2279.12 12.07 1690.50 3.74
2295.37 11.96 1687.75 5.63
2311.62 12.25 1682.87 9.58
2328.12 12.07 1676.00 18.44
2344.37 11.96 1659.00 14.46
2360.62 12.25 1637.75 18.51
2377.00 12.11 1615.75 21.67
2393.37 11.96 1590.37 14.24
2409.62 12.25 1555.62 27.93
2426.00 12.11 1525.25 33.39
2442.37 11.96 1482.62 32.45
2458.62 12.25 1441.37 34.66
2475.00 12.11 1397.25 35.32
2491.37 11.96 1355.12 19.39
2507.62 12.25 1301.25 33.87
2524.00 12.11 1253.00 29.96
2540.37 11.96 1212.75 23.46
2556.62 12.25 1170.87 24.08
2572.75 12.20 1148.50 14.99
2589.25 12.02 1126.75 9.94
2605.62 12.25 1108.25 6.87
2621.62 12.25 1099.12 2.15
2638.25 12.02 1095.37 4.03
2654.50 11.92 1095.87 5.16
2670.62 12.25 1100.37 8.33
2687.37 12.73 1111.87 16.02
2704.00 12.50 1121.87 20.91
2720.12 12.47 1143.87 19.32
2736.75 12.64 1169.12 21.23
2753.00 12.52 1192.37 27.01
2769.50 12.34 1227.75 27.19
2786.12 12.49 1262.62 29.40
2802.37 12.39 1304.87 32.93
2818.75 12.24 1342.87 33.64
2835.25 12.07 1389.12 35.26
2851.62 12.29 1435.00 37.62
2868.00 12.14 1480.50 25.77
2884.37 12.00 1532.87 28.14
2900.87 12.18 1574.50 24.27
2917.12 12.08 1604.50 10.12
2933.50 11.92 1637.00 14.02
2950.12 12.08 1659.87 9.87
2966.37 11.97 1675.12 5.35
2982.50 11.92 1685.62 4.00
2999.00 12.12 1692.00 7.65
3015.37 11.97 1688.00 4.56
3031.62 11.87 1685.50 10.92
3048.00 12.12 1672.50 11.88
3064.37 11.97 1657.75 15.11
3080.62 11.87 1633.00 19.27
3097.00 12.12 1611.00 21.81
3113.37 11.97 1585.00 23.69
3129.62 11.87 1558.37 30.09
3146.00 12.12 1518.62 27.93
3162.37 11.97 1479.12 30.88
3178.62 11.87 1435.50 36.70
3195.00 12.12 1393.62 35.23
3211.25 12.03 1344.25 36.05
3227.62 11.87 1298.75 33.48
3243.87 12.17 1249.25 30.80
3260.25 12.03 1209.62 24.25
3276.50 11.93 1172.37 19.94
3292.75 11.84 1149.12 10.08
3309.12 12.08 1124.25 9.72
3325.50 11.93 1109.87 6.51
3341.75 11.84 1100.50 2.45
3358.12 12.08 1094.25 1.78
3374.37 11.97 1094.50 6.54
3390.62 11.87 1101.62 7.41
3407.12 12.08 1109.37 14.19
3423.37 11.97 1127.00 14.48
3439.62 11.87 1146.25 19.28
3456.00 12.12 1168.87 21.09
3472.37 11.97 1198.37 24.52
3488.62 11.87 1229.50 25.21
3505.00 12.12 1262.25 31.40
3521.37 11.97 1300.75 31.97
3537.62 11.87 1342.75 34.64
3554.00 12.12 1389.87 34.84
3570.37 11.97 1433.50 34.05
3586.62 11.87 1483.62 34.32
3603.00 12.12 1528.75 29.67
3619.37 11.97 1572.62 23.68
3635.62 11.87 1608.12 18.54
3652.00 12.12 1636.00 15.62
3668.25 12.03 1659.25 13.39
3684.75 12.20 1675.37 5.63
3701.00 12.50 1684.37 3.31
3717.50 12.33 1687.00 4.85
3734.00 12.53 1688.75 6.72
3750.12 12.47 1683.50 9.90
3766.75 12.24 1672.12 12.44
3783.37 12.40 1651.25 17.41
3799.62 12.30 1636.62 20.48
3816.00 12.16 1611.37 22.23
3832.62 12.30 1588.25 26.67
3849.00 12.14 1551.50 26.22
3865.00 12.14 1517.75 30.29
3881.87 12.18 1480.50 32.29
3898.12 12.08 1436.00 32.97
3914.25 12.02 1391.12 37.66
3931.00 12.12 1344.12 36.03
3947.50 11.93 1293.50 32.80
3963.50 11.93 1248.12 27.47
3979.87 12.16 1206.00 21.76
3996.50 11.93 1172.50 18.76
4012.50 11.93 1144.75 13.84
4028.87 12.16 1127.00 13.66
4045.50 11.93 1108.62 5.50
4061.50 11.93 1098.87 1.27
4077.62 11.88 1094.00 6.38
4094.50 11.93 1093.12 7.22
4110.50 11.93 1102.87 10.24
4126.62 11.88 1115.50 12.64
4143.37 11.97 1126.25 14.47
4159.50 11.93 1146.00 17.81
4175.62 11.88 1171.75 20.79
