2.03 0.17 3805.87 62.75
19.50 6.39 3640.31 58.93
35.96 6.30 3482.00 56.00
52.34 6.41 3330.06 56.15
68.71 6.35 3188.68 51.68
85.03 6.48 3050.59 49.11
101.37 6.41 2923.00 47.75
117.68 6.36 2796.09 44.43
134.06 6.48 2677.68 41.66
150.40 6.41 2565.18 41.10
166.75 6.36 2455.87 38.69
183.25 6.64 2352.28 38.22
199.50 6.59 2253.56 37.21
215.81 6.71 2159.00 35.46
232.18 6.64 2068.40 32.95
248.53 6.59 1982.46 32.44
264.84 6.71 1900.03 30.82
281.18 6.65 1822.62 33.51
297.53 6.58 1747.09 29.12
314.00 6.70 1674.21 28.26
330.43 6.63 1605.40 25.76
346.68 6.59 1538.56 24.52
363.15 6.70 1477.28 23.19
379.43 6.64 1415.75 23.27
395.68 6.59 1360.28 21.39
412.15 6.70 1305.00 20.12
428.50 6.63 1252.03 22.16
444.75 6.58 1205.37 18.73
461.25 6.68 1155.25 20.66
477.50 6.62 1112.81 19.30
493.71 6.59 1067.40 16.87
510.18 6.69 1024.59 28.65
526.46 6.63 986.00 15.27
542.68 6.59 948.62 14.29
559.18 6.51 913.56 13.30
575.50 6.63 878.78 13.48
591.78 6.57 847.37 14.29
608.18 6.51 814.31 11.61
624.53 6.63 782.84 11.62
640.81 6.57 756.40 11.51
657.15 6.52 728.15 11.14
673.46 6.65 700.56 10.41
689.81 6.56 676.56 10.40
706.18 6.51 652.81 8.76
722.59 6.62 629.65 8.87
738.87 6.55 605.81 11.74
755.18 6.50 587.71 9.43
771.59 6.62 565.68 8.03
787.96 6.53 550.78 13.46
804.18 6.49 529.00 15.46
820.59 6.62 512.09 7.96
836.93 6.55 496.37 10.00
853.25 6.47 481.06 9.41
869.68 6.60 463.93 9.43
885.90 6.55 447.62 15.21
902.25 6.47 438.84 12.57
918.65 6.60 422.46 5.47
934.96 6.52 411.03 6.08
951.34 6.44 397.59 5.16
967.78 6.55 385.25 5.08
984.06 6.50 379.25 17.91
1000.28 6.46 366.40 6.70
1016.78 6.37 355.18 5.79
1033.03 6.51 344.78 4.99
1049.28 6.46 340.46 17.42
1065.75 6.37 326.68 6.24
1082.09 6.49 319.12 3.59
1098.31 6.45 310.78 3.20
1114.78 6.37 302.28 6.32
1131.15 6.49 294.96 4.14
1147.37 6.44 289.84 5.05
1163.87 6.36 281.31 5.59
1180.34 6.64 274.81 8.11
1196.59 6.78 268.46 7.26
1212.87 6.71 263.12 3.47
1229.31 6.65 259.31 5.73
1245.59 6.60 250.37 13.78
1261.90 6.71 248.18 4.78
1278.37 6.64 240.62 8.87
1294.68 6.59 237.93 3.61
1311.12 6.68 233.90 4.14
1327.46 6.64 227.90 8.26
1343.84 6.60 225.15 5.57
1360.18 6.70 219.71 9.58
1376.43 6.64 217.46 3.34
1392.84 6.60 213.40 3.87
1409.12 6.71 210.65 4.31
1425.46 6.64 206.78 4.80
1441.81 6.60 203.87 3.74
1458.12 6.73 200.93 5.40
1474.50 6.63 200.21 10.07
1490.75 6.61 197.06 5.91
1507.12 6.73 192.18 4.30
1523.43 6.65 191.28 5.36
1539.71 6.61 186.65 5.80
1556.12 6.73 187.00 3.82
1572.50 6.65 183.90 2.17
1588.81 6.60 180.00 8.28
1605.12 6.73 180.78 10.59
1621.50 6.64 177.59 3.69
1637.81 6.60 175.68 2.52
1654.15 6.73 174.62 3.84
1670.50 6.64 171.90 9.78
1686.87 6.58 171.34 5.32
1703.21 6.54 168.62 8.08
1719.65 6.61 169.71 6.39
1735.96 6.56 166.84 8.92
1752.25 6.52 164.90 10.34
1768.68 6.61 163.31 8.78
1785.00 6.55 163.34 2.14
1801.34 6.51 158.34 17.52
1817.68 6.61 160.43 5.45
1833.96 6.54 160.21 2.71
1850.37 6.50 159.87 4.03
1866.71 6.60 157.96 3.96
1882.96 6.54 157.03 3.20
1899.34 6.51 157.31 6.16
1915.65 6.63 155.62 4.25
1932.00 6.53 154.34 2.77
1948.43 6.46 151.71 6.93
1964.81 6.56 152.18 5.94
1981.18 6.48 153.09 3.26
1997.50 6.43 149.81 8.25
2013.81 6.56 150.81 3.19
2030.15 6.48 149.34 5.07
2046.43 6.44 149.81 1.78
2062.81 6.56 149.12 2.71
2079.15 6.48 149.78 5.62
2095.46 6.43 147.40 4.55
2111.87 6.55 149.43 5.19
2128.15 6.48 146.81 4.52
2144.37 6.45 146.21 3.33
2160.93 6.36 145.62 2.67
2177.34 6.64 145.90 3.90
2193.53 6.62 144.15 4.35
2210.03 6.71 144.96 3.03
2226.31 6.65 145.50 10.53
2242.59 6.78 144.59 6.26
2259.09 6.70 144.12 2.46
2275.37 6.64 142.65 4.22
2291.68 6.76 143.37 2.82
2308.21 6.67 143.62 2.91
2324.56 6.63 144.31 6.04
2340.90 6.76 140.62 8.34
2357.28 6.68 143.71 7.38
2373.53 6.64 140.50 9.29
2389.93 6.58 140.84 6.12
2406.25 6.69 144.09 9.75
2422.59 6.64 142.09 6.57
2438.96 6.57 139.96 5.97
2455.34 6.67 141.53 6.29
2471.62 6.63 140.65 2.19
2487.93 6.58 141.46 3.46
2504.28 6.68 140.78 3.20
2520.56 6.64 139.96 3.37
2536.93 6.58 140.53 6.47
2553.28 6.68 140.06 3.63
2569.62 6.63 137.65 7.51
2585.96 6.58 140.56 4.48
2602.18 6.73 140.84 7.51
2618.65 6.62 139.37 3.95
2634.87 6.59 139.90 2.20
2651.21 6.72 139.00 5.09
2667.68 6.62 138.78 3.52
2683.81 6.61 138.96 2.23
2700.31 6.70 139.43 3.26
2716.78 6.59 138.71 2.62
2732.96 6.56 139.00 5.02
2749.31 6.70 138.84 2.24
2765.81 6.58 138.03 5.93
2782.09 6.54 138.84 2.43
2798.43 6.67 138.21 4.40
2814.81 6.58 138.68 4.94
2831.03 6.54 138.50 2.35
2847.46 6.49 138.53 2.94
2863.78 6.59 137.15 5.37
2880.06 6.54 138.31 4.42
2896.46 6.48 137.56 7.21
2912.75 6.60 138.87 5.49
2929.09 6.52 137.37 15.63
2945.53 6.45 138.18 3.47
2961.81 6.57 138.90 3.33
2978.21 6.48 138.84 5.73
2994.56 6.43 136.87 4.00
3010.90 6.55 138.43 4.28
3027.21 6.48 138.43 4.01
3043.56 6.43 136.75 2.96
3059.93 6.54 137.68 2.48
3076.21 6.47 137.43 1.92
3092.53 6.42 138.15 3.95
3108.93 6.54 136.71 7.44
3125.25 6.48 138.50 4.04
3141.53 6.42 139.06 6.95
3158.00 6.53 137.68 2.86
3174.34 6.46 136.06 6.96
3190.65 6.59 136.37 5.25
3207.09 6.70 137.43 2.56
3223.40 6.63 139.12 4.29
3239.75 6.75 136.34 4.68
3256.18 6.69 138.28 4.13
3272.46 6.63 137.40 7.65
3288.71 6.77 135.31 11.58
3305.28 6.67 137.87 6.26
3321.65 6.62 136.50 3.94
3337.93 6.76 138.09 3.04
3354.40 6.68 136.59 4.79
3370.68 6.63 136.12 5.49
3386.93 6.76 136.75 4.01
3403.40 6.69 136.12 8.86
3419.68 6.63 138.18 8.60
3435.96 6.76 136.93 2.29
3452.46 6.67 138.87 6.95
3468.75 6.62 137.31 2.61
3485.00 6.58 136.40 5.87
3501.37 6.68 135.81 8.85
3517.75 6.62 135.46 8.01
3534.00 6.58 139.00 5.09
3550.40 6.67 137.59 3.06
3566.75 6.63 138.40 3.87
3583.06 6.58 137.56 2.38
3599.40 6.69 137.43 2.93
3615.75 6.63 137.00 5.64
3632.06 6.58 137.43 4.61
3648.40 6.69 138.43 2.85
3664.78 6.62 137.15 3.94
3681.06 6.57 137.75 2.54
3697.50 6.67 137.81 5.51
3713.87 6.59 135.84 6.87
3730.12 6.56 137.65 2.85
3746.40 6.70 138.65 11.16
3762.93 6.58 136.28 2.40
3779.15 6.55 137.84 11.32
3795.50 6.67 135.34 10.37
3811.93 6.58 138.03 4.84
3828.25 6.54 135.28 8.76
3844.53 6.66 138.37 11.78
3860.96 6.57 134.43 9.10
3877.28 6.52 139.84 13.01
3893.50 6.66 139.28 9.89
3909.96 6.57 136.78 2.79
3926.34 6.50 136.84 2.28
3942.62 6.43 133.75 11.91
3959.03 6.52 136.84 4.58
3975.40 6.46 136.34 5.21
3991.71 6.40 138.15 4.94
4008.06 6.52 137.34 3.23
4024.40 6.46 137.21 2.76
4040.71 6.40 139.53 9.79
4057.06 6.52 137.28 6.82
4073.40 6.45 137.21 2.55
4089.78 6.39 134.84 10.47
4106.15 6.51 136.96 2.27
4122.43 6.45 136.03 4.71
4138.87 6.38 137.28 7.11
4155.21 6.51 138.34 5.49
4171.56 6.44 138.00 4.05
