2.06 0.24 3806.84 63.71
19.62 6.37 3638.65 59.67
35.96 6.32 3481.40 58.11
52.31 6.25 3329.12 54.27
68.75 6.37 3186.90 52.77
85.03 6.32 3049.31 49.94
101.40 6.25 2915.93 49.60
117.68 6.38 2792.31 45.93
134.12 6.31 2674.03 43.15
150.43 6.25 2561.43 41.73
166.87 6.37 2453.37 40.40
183.21 6.31 2347.25 37.37
199.50 6.26 2249.21 35.72
215.93 6.37 2153.37 35.48
232.31 6.31 2066.40 33.37
248.53 6.27 1978.09 31.26
265.00 6.36 1895.56 30.48
281.31 6.30 1816.71 29.30
297.62 6.26 1742.84 27.94
314.06 6.35 1672.96 31.33
330.37 6.28 1602.46 25.32
346.62 6.26 1536.53 23.72
363.12 6.35 1472.46 22.97
379.37 6.28 1412.59 22.05
395.62 6.25 1357.96 20.80
412.09 6.35 1303.96 20.46
428.34 6.30 1248.00 21.13
444.68 6.24 1201.43 18.13
461.06 6.17 1154.03 17.07
477.34 6.31 1107.78 15.93
493.65 6.25 1064.96 16.85
510.03 6.18 1024.31 18.32
526.43 6.28 982.25 15.27
542.78 6.21 946.34 14.08
559.15 6.15 911.65 18.59
575.62 6.26 877.43 17.80
591.87 6.20 842.75 11.98
608.18 6.15 812.25 14.85
624.59 6.26 780.50 10.84
640.96 6.18 751.93 12.56
657.28 6.13 722.81 12.26
673.65 6.25 698.87 9.37
689.96 6.18 675.12 12.33
706.25 6.13 650.21 8.09
722.71 6.23 626.25 9.05
738.96 6.17 605.90 8.23
755.18 6.14 582.00 9.30
771.68 6.24 563.53 8.07
787.93 6.18 545.71 7.25
804.25 6.12 527.93 8.59
820.75 6.40 509.31 6.77
837.00 6.34 492.90 9.39
853.31 6.46 477.96 6.29
869.71 6.39 462.37 6.95
886.12 6.49 447.21 5.98
902.34 6.45 429.53 20.19
918.71 6.38 420.46 7.18
935.25 6.45 408.68 6.29
951.43 6.43 396.78 5.04
967.81 6.36 383.75 4.78
984.28 6.44 372.09 7.82
1000.46 6.42 363.34 3.81
1016.87 6.35 353.53 6.91
1033.31 6.44 345.53 8.22
1049.50 6.43 333.34 8.45
1065.96 6.35 324.93 3.59
1082.25 6.29 317.12 6.41
1098.53 6.43 308.62 3.57
1114.96 6.35 302.56 5.06
1131.31 6.28 295.40 4.14
1147.68 6.41 286.56 3.31
1163.96 6.35 280.00 6.67
1180.43 6.28 274.81 5.39
1196.71 6.42 268.50 3.95
1213.00 6.37 262.93 5.41
1229.40 6.28 251.93 10.94
1245.78 6.41 252.78 4.42
1262.03 6.37 246.96 5.52
1278.43 6.28 242.93 7.59
1294.90 6.39 238.15 4.87
1311.15 6.35 235.25 11.44
1327.46 6.29 228.56 3.36
1343.93 6.39 223.37 21.84
1360.09 6.36 220.59 6.29
1376.46 6.30 219.15 16.37
1393.06 6.36 212.50 6.63
1409.25 6.32 209.62 6.69
1425.56 6.28 205.81 3.09
1442.15 6.34 203.46 2.79
1458.31 6.31 200.53 6.08
1474.62 6.27 197.87 3.30
1491.06 6.34 191.50 11.57
1507.25 6.32 191.87 7.10
1523.71 6.23 189.68 4.98
1540.06 6.17 188.62 4.93
1556.34 6.30 184.71 5.01
1572.75 6.23 183.68 2.93
1589.09 6.17 180.43 9.51
1605.43 6.29 179.43 6.04
1621.71 6.24 177.34 2.23
1638.18 6.15 175.78 4.03
1654.53 6.28 174.59 5.74
1670.78 6.22 173.03 5.64
1687.09 6.18 171.96 8.31
1703.53 6.27 169.84 3.23
1719.84 6.20 167.71 5.13
1736.12 6.16 167.62 4.44
1752.53 6.27 166.34 5.68
1768.81 6.22 163.68 5.34
1785.15 6.14 163.37 3.31
1801.59 6.25 162.78 5.29
1817.90 6.36 163.40 16.84
1834.18 6.31 158.90 2.65
1850.65 6.41 159.40 4.03
1866.96 6.34 155.84 5.83
1883.28 6.46 155.62 4.20
1899.59 6.42 156.09 3.00
1916.00 6.51 153.90 4.79
1932.34 6.44 153.75 8.55
1948.62 6.39 153.59 2.09
1965.03 6.51 153.06 3.53
1981.31 6.44 154.03 8.60
1997.68 6.37 153.93 13.92
2014.06 6.50 151.25 5.91
2030.37 6.44 149.25 4.33
2046.68 6.39 149.96 4.04
2063.12 6.51 150.37 3.56
2079.37 6.46 149.21 10.18
2095.75 6.39 147.18 3.74
2112.15 6.51 148.50 4.30
2128.46 6.46 146.96 4.34
2144.84 6.37 145.56 11.24
2161.21 6.33 141.34 18.71
2177.53 6.46 144.59 6.38
2193.87 6.38 145.59 4.11
2210.21 6.34 145.59 3.44
2226.65 6.44 143.96 8.98
2242.90 6.37 144.12 4.21
2259.28 6.33 142.50 7.29
2275.68 6.43 143.93 2.33
2292.03 6.36 144.90 4.43
2308.31 6.33 146.00 15.65
2324.84 6.42 143.78 2.62
2341.00 6.37 142.93 3.71
2357.31 6.35 140.68 7.04
2373.81 6.43 142.06 1.97
2390.03 6.37 142.78 4.98
2406.37 6.34 141.71 5.37
2422.87 6.43 141.21 2.37
2439.09 6.35 141.50 4.36
2455.37 6.32 143.46 7.37
2471.93 6.40 141.18 4.86
2488.12 6.36 140.90 3.45
2504.43 6.30 140.06 4.09
2521.03 6.37 139.93 2.97
2537.28 6.32 140.21 2.96
2553.53 6.27 139.90 2.98
2570.09 6.36 139.31 6.33
2586.31 6.32 139.87 3.32
2602.56 6.26 140.03 6.52
2619.06 6.19 139.78 7.41
2635.37 6.32 142.15 11.58
2651.68 6.24 138.28 8.24
2668.06 6.19 140.93 11.38
2684.40 6.32 138.15 3.47
2700.65 6.24 138.96 2.47
2717.06 6.19 138.87 6.81
2733.43 6.31 139.18 1.99
2749.68 6.24 138.78 2.58
2766.00 6.20 142.34 11.51
2782.46 6.29 139.90 16.19
2798.71 6.23 137.90 3.89
2815.09 6.17 138.75 4.04
2831.50 6.47 140.09 6.62
2847.78 6.40 139.00 5.88
2864.18 6.32 137.65 3.44
2880.62 6.41 137.50 6.29
2896.81 6.38 137.65 2.48
2913.18 6.30 138.09 3.19
2929.65 6.39 137.62 4.03
2945.93 6.33 137.31 2.65
2962.25 6.27 139.56 9.01
2978.68 6.38 138.53 9.56
2995.00 6.32 138.71 2.69
3011.28 6.26 136.93 5.45
3027.62 6.39 139.90 11.80
3044.03 6.34 137.28 11.62
3060.28 6.29 136.71 6.17
3076.71 6.39 136.09 5.28
3093.03 6.35 136.62 6.15
3109.31 6.28 137.84 3.10
3125.75 6.39 134.28 15.30
3142.12 6.35 137.12 16.89
3158.40 6.29 138.50 5.37
3174.84 6.39 137.15 2.88
3191.15 6.34 137.31 13.71
3207.40 6.28 136.28 4.45
3223.90 6.37 137.21 2.01
3240.21 6.33 135.31 8.10
3256.53 6.27 136.84 5.76
3272.93 6.20 136.15 6.83
3289.21 6.34 138.25 4.26
3305.71 6.25 136.53 5.14
3321.96 6.20 137.71 2.55
3338.34 6.34 138.75 4.27
3354.71 6.25 135.28 4.84
3371.00 6.19 138.09 2.30
3387.34 6.34 137.75 4.71
3403.81 6.24 138.53 3.45
3420.03 6.20 137.40 6.11
3436.46 6.32 141.78 18.48
3452.84 6.24 137.84 4.66
3469.03 6.19 136.34 2.52
3485.43 6.32 135.90 8.88
3501.84 6.23 137.96 12.31
3518.15 6.16 136.34 3.12
3534.46 6.29 137.87 4.23
3550.90 6.22 139.40 11.78
3567.21 6.14 138.00 4.98
3583.56 6.27 132.31 15.16
3600.00 6.21 137.37 7.36
3616.28 6.13 138.87 9.16
3632.62 6.26 138.75 12.00
3649.03 6.20 136.50 4.63
3665.28 6.14 139.25 10.20
3681.59 6.26 136.34 3.31
3698.03 6.20 136.75 2.21
3714.31 6.14 136.62 2.96
3730.62 6.07 140.75 12.19
3746.93 6.21 136.31 10.00
3763.31 6.14 137.46 3.95
3779.59 6.07 137.78 6.45
3795.96 6.21 138.18 4.88
3812.40 6.11 135.18 5.18
3828.68 6.23 137.71 4.65
3845.09 6.35 136.06 4.96
3861.56 6.24 136.59 3.64
3877.78 6.38 137.68 3.39
3894.18 6.32 135.06 16.54
3910.56 6.23 133.93 12.79
3926.87 6.35 135.84 9.38
3943.25 6.28 138.18 7.39
3959.62 6.21 134.93 9.55
3975.90 6.34 136.75 2.95
3992.31 6.26 137.84 8.09
4008.62 6.21 137.68 7.25
4024.93 6.32 135.90 4.51
4041.21 6.28 137.00 4.41
4057.65 6.22 137.65 7.46
4073.93 6.16 136.81 3.75
4090.28 6.29 137.65 5.78
4106.65 6.22 136.34 5.37
4122.96 6.18 136.96 5.11
4139.31 6.29 136.71 3.84
4155.68 6.22 133.84 15.25
4172.09 6.17 135.53 4.51
