3 78
55 87
72 75
88 73
105 56
121 70
137 65
154 165
170 315
186 463
203 598
219 730
235 852
252 975
268 1085
284 1187
301 1300
317 1401
333 1494
349 1586
366 1669
382 1762
398 1832
415 1909
431 1976
447 2050
464 2113
480 2200
496 2237
513 2162
529 2062
545 1970
562 1880
578 1800
594 1715
611 1643
627 1569
643 1501
660 1430
676 1371
692 1307
709 1099
725 1195
741 1144
758 1220
774 1047
790 996
806 951
823 913
839 877
855 810
872 799
888 764
904 772
921 699
937 670
953 640
970 615
987 585
1004 558
1020 535
1037 513
1053 487
1069 470
1086 449
1102 431
1118 412
1135 395
1151 378
1167 363
1184 281
1200 337
1216 316
1233 310
1249 293
1265 281
1282 291
1298 259
1314 245
1331 239
1347 228
1363 218
1380 201
1396 203
1412 191
1428 189
1445 178
1461 171
1477 165
1494 163
1510 149
1526 150
1543 143
1559 133
1575 130
1592 127
1608 119
1624 119
1641 111
1657 48
1673 104
1690 103
1706 111
1722 97
1739 92
1755 77
1771 84
1788 82
1804 79
1820 80
1837 73
1853 76
1869 69
1885 70
1902 66
1918 67
1934 146
1951 305
1967 443
1985 599
2002 735
2018 855
2034 971
2051 1090
2067 1200
2083 1268
2100 1402
2116 1494
2132 1627
2149 1671
2165 1753
2181 1875
2197 1911
2214 1979
2230 2042
2246 2114
2263 2176
2279 2262
2295 2158
2312 2055
2328 1969
2344 1877
2361 1794
2377 1707
2393 1640
2410 1562
2426 1498
2442 1430
2459 1374
2475 1305
2491 1252
2508 1290
2524 1143
2540 1090
2557 1061
2573 995
2589 955
2606 909
2622 874
2638 831
2654 763
2671 763
2687 733
2703 696
2720 670
2736 639
2752 613
2769 584
2785 559
2801 533
2818 512
2834 486
2850 470
2867 448
2883 424
2899 409
2916 396
2932 456
2948 363
2965 345
2981 302
2998 317
3015 306
3031 357
3048 283
3064 265
3081 199
3097 247
3113 236
3130 178
3146 220
3162 208
3179 203
3195 192
3211 185
3228 177
3244 171
3260 161
3276 160
3293 149
3309 140
3325 138
3342 137
3358 125
3374 128
3391 120
3407 164
3423 112
3440 110
3456 110
3472 102
3489 95
3505 92
3521 90
3538 90
3554 83
3570 84
3587 80
3603 79
3619 73
3636 75
3652 70
3668 73
3685 69
3701 66
3717 151
3733 319
3750 451
3766 590
3782 763
3799 847
3815 965
3831 1126
3848 1189
3864 1295
3880 1388
3897 1491
3913 1578
3929 1713
3946 1752
3962 1828
3978 1902
3996 1980
4012 2052
4029 2116
4045 2179
4061 2236
4078 2158
4094 2061
4110 1968
4127 1877
4143 1796
4159 1716
4176 1640
4192 1565
4208 1504
4225 1428
4241 1369
4257 1283
4274 1251
4290 1193
4306 1079
4323 1090
4339 1046
4355 996
4371 956
4388 911
4404 844
4420 833
4437 799
4453 763
4469 731
4486 698
4502 670
4518 639
4535 614
4551 584
4567 563
4584 475
4600 512
4616 491
4633 402
4649 448
4665 432
4682 428
4698 400
4714 378
4731 404
4747 348
4763 335
4780 272
4796 307
4812 294
4828 282
4845 270
4861 258
4877 248
4894 241
4910 228
4926 228
4943 211
4959 191
4975 194
4993 187
5009 180
5026 175
5042 164
5059 288
5075 153
5091 151
5108 125
5124 139
5140 130
5157 117
5173 121
5189 120
5206 57
5222 112
5238 104
5255 94
5271 98
5287 98
5304 90
5320 92
5336 87
5353 87
5369 81
5385 82
5402 74
5418 76
5434 68
5450 70
5467 66
5483 87
5499 158
5516 310
5532 471
5548 594
5565 721
5581 915
5597 967
5614 1082
5630 1208
5646 1295
5663 1393
5679 1553
5695 1580
5712 1668
5728 1749
5744 1828
5761 1903
5777 1978
5793 2045
5810 2112
5826 2173
5842 2236
5859 2108
5875 2070
5891 1975
5907 1899
5924 1803
5940 1727
5956 1636
5973 1577
5990 1502
6007 1387
6023 1370
6040 1310
6056 1247
6072 1197
6089 1142
6105 1097
6121 1044
6138 1002
6154 985
6170 914
6187 874
6203 838
6219 798
6236 767
6252 731
6268 703
6285 669
6301 645
6317 613
6334 591
6350 562
6366 540
6383 513
6399 493
6415 471
6432 460
6448 432
6464 416
6481 412
6497 384
6513 363
6529 340
6546 335
6562 325
6578 306
6595 296
6611 283
6627 272
6644 258
6660 251
6676 239
6693 231
6709 208
6725 213
6742 201
6758 183
6774 188
6791 181
6807 205
6823 167
6840 159
6856 152
6872 148
6889 145
6905 212
6921 135
6938 128
6954 123
6970 117
6988 114
7004 45
7021 107
7037 102
7054 100
7070 93
7086 93
7103 89
7119 89
7135 83
7151 84
7168 79
7184 82
7200 72
7217 72
7233 74
7249 68
7266 65
7282 115
7298 303
7315 453
7331 589
7347 722
7364 845
7380 977
7396 1082
7413 1191
7429 1289
7445 1394
7462 1488
7478 1580
7494 1666
7511 1751
7527 1828
7543 1906
7560 1974
7576 2045
7592 2109
7608 1968
7625 2232
7641 2168
7657 2045
7674 1978
7690 1888
7706 1795
7723 1721
7739 1650
7755 1599
7772 1507
7788 1437
7804 1410
7821 1313
7837 1257
7853 1198
7870 1148
7886 1096
7902 1049
7919 1001
7935 960
7951 916
7968 879
7985 834
8001 801
8018 766
8034 726
8050 700
8067 672
8083 633
8099 616
8116 584
8132 539
8148 538
8165 518
8181 472
8197 472
8214 451
8230 451
8246 413
8262 398
8279 376
8295 365
8311 347
8328 336
8344 320
8360 309
8377 280
8393 284
