3 21
95 28
152 21
208 26
265 20
321 283
377 753
434 1159
490 1502
546 1799
603 2047
659 2265
715 2441
772 2600
828 2730
884 2801
941 2942
998 3025
1054 3099
1111 3189
1167 3207
1224 3255
1280 3287
1337 3285
1393 3348
1449 3373
1506 3391
1562 3403
1618 3423
1674 3439
1731 3446
1787 3434
1843 3462
1900 3472
1956 3474
2014 3442
2070 3487
2127 3487
2183 3122
2239 2662
2296 2270
2352 1944
2408 1659
2465 1421
2521 1210
2577 1039
2634 884
2690 760
2746 648
2803 557
2859 441
2915 411
2972 347
3029 297
3086 219
3142 222
3198 188
3255 166
3311 130
3368 124
3424 108
3480 93
3537 45
3593 70
3649 58
3706 55
3762 71
3818 43
3875 36
3931 33
3988 115
4045 26
4101 23
4158 24
4214 18
4271 19
4327 412
4383 870
4440 1254
4496 1585
4552 1864
4609 2108
4665 2305
4721 2487
4778 2633
4834 2762
4890 2869
4946 2964
5004 3046
5061 3078
5117 3169
5174 3218
5230 3262
5286 3297
5343 3325
5399 3355
5455 3375
5511 3387
5568 3412
5624 3428
5680 3438
5737 3504
5793 3457
5849 3466
5906 3472
5962 3482
6020 3482
6076 3488
6133 3488
6189 3005
6245 2566
6302 2194
6358 1873
6414 1603
6471 1366
6527 1172
6583 1000
6640 859
6696 731
6752 631
6809 537
6865 464
6921 396
6978 343
7035 287
7092 249
7148 214
7205 187
7261 160
7317 140
7374 119
7430 108
7486 71
7543 80
7599 70
7655 63
7712 255
7768 49
7824 41
7881 39
7937 48
7994 30
8051 28
8107 25
8164 42
8220 21
8277 18
8333 515
8389 954
8446 1329
8502 1645
8558 1920
8615 2151
8671 2352
8727 2519
8783 2661
8840 2786
8896 2894
8952 2981
9010 3085
9066 3128
9123 3183
9179 3228
9236 3240
9292 3305
9348 3336
9405 3358
9461 3378
9517 3397
9574 3418
9630 3428
9686 3581
9743 3451
9799 3462
9855 3466
9912 3424
9968 3478
10026 3482
10082 3490
10138 3398
10195 2903
10251 2478
10308 2157
10364 1812
10420 1543
10477 1321
10533 1129
10589 968
10646 826
10702 710
10758 603
10815 521
10871 443
10927 382
10985 321
11041 281
11098 241
11154 209
11211 183
11267 156
11323 130
11380 117
11436 29
11492 90
11549 74
11605 67
11661 78
11718 53
11774 43
11830 41
11887 69
11943 34
12000 30
12057 24
12113 0
12170 23
12226 18
12283 132
12339 630
12395 1053
12452 1409
12508 1719
12564 1977
12621 2204
12677 2392
12733 2557
12790 2695
12846 2816
12902 2915
12958 3003
13016 3078
13073 3141
13129 3196
13186 3246
13242 3279
13298 3316
13355 3341
13411 3370
13467 3384
13523 3405
13580 3419
13636 3433
13692 3441
13749 3454
13805 3460
13861 3514
13918 3473
13974 3479
14032 3486
14088 3441
14145 3264
14201 2786
14257 2376
14314 2032
14370 1735
14426 1482
14483 1269
14539 1084
14595 927
14652 793
14708 678
14764 583
14821 499
14877 430
14933 363
14991 313
15047 270
15104 232
15160 227
15217 171
15273 144
15329 130
15386 83
15442 96
15498 81
15555 74
15611 61
15667 56
15724 46
15780 45
15836 0
15893 33
15949 29
16006 26
16063 25
16119 21
16176 21
16232 20
16289 265
16345 743
16401 1147
16458 1493
16514 1788
16570 2041
16627 2253
16683 2437
16739 2591
16795 2726
16852 2839
16908 2938
16964 3020
17022 3091
17078 3155
17135 3186
17191 3251
17248 3289
17304 3319
17360 3317
17417 3370
17473 3392
17529 3407
17586 3413
17642 3434
17698 3447
17755 3454
17811 3448
17867 3469
17924 3478
17980 3479
18037 3481
18093 3486
18150 3158
18206 2693
18263 2299
18319 1971
18375 1676
18431 1437
18488 1211
18544 1051
18600 897
18657 772
18713 641
18769 566
18826 482
18882 414
18938 360
18996 302
19052 264
19109 225
19165 192
19222 171
19278 144
19334 120
19391 107
19447 95
19503 80
19560 81
19616 61
19672 58
19729 48
19785 82
19841 38
19898 34
19954 29
20011 61
20068 27
20124 23
20181 25
20237 0
20294 368
20350 831
20406 1221
20463 1635
20519 1842
20575 2088
20632 2294
20688 2384
20744 2622
20801 2752
20857 2862
20913 2973
20970 3037
21027 3108
21083 3197
21140 3216
21196 3256
21253 3297
21309 3376
21366 3354
21422 3373
21478 3394
21535 3411
21591 3428
21647 3436
21703 3451
21760 3453
21816 3466
21872 3472
21929 3478
21986 3500
22043 3486
22099 3489
22156 3030
22212 2567
22268 2209
22325 1885
22381 1615
22437 1368
22494 1178
22550 1006
22606 863
22663 742
22719 633
22775 539
22832 465
22888 402
22944 342
23002 293
23058 192
23115 214
23171 186
23228 159
23284 140
23340 118
23397 104
23453 86
23509 90
23566 66
23622 60
23678 49
23735 49
23791 39
23847 39
23904 32
23960 52
24017 24
24074 22
24130 17
24187 0
24243 14
24300 503
24356 939
24412 1314
24469 1637
24525 1913
24581 2144
24638 2357
24694 2511
24750 2660
24807 2781
24863 2832
24919 2977
24975 3057
25033 3090
25090 3178
25146 3228
25203 3268
25259 3304
25315 3335
25372 3359
25428 3385
25484 3391
25540 3418
25597 3427
25653 3441
25709 3442
25766 3459
25822 3465
25878 3473
25935 3560
25992 3483
26049 3487
26105 3426
26162 3039
26218 2497
26274 2130
26331 1821
26387 1622
26443 1331
26500 1137
26556 973
26612 839
26669 714
26725 608
26781 526
26838 425
26894 388
26950 330
27008 283
27064 246
27121 210
27177 180
27234 90
27290 134
27346 117
27403 102
27459 81
27515 76
27572 68
27628 58
27684 27
27741 45
27797 43
27853 36
27910 13
27966 28
28023 24
28080 27
28136 0
28193 22
28249 94
28306 602
28362 1017
28418 1385
28475 1699
28531 1962
28587 2189
28644 2380
28700 2548
28756 2685
28812 2749
28869 2909
