2 757
108 741
214 808
320 738
426 746
533 743
639 744
746 741
852 740
960 743
1066 741
1172 741
1278 743
1384 740
1491 737
1597 741
1704 742
1810 731
1916 740
2024 741
2130 741
2236 749
2342 743
2449 743
2555 746
2662 733
2768 744
2874 745
2982 742
3088 787
3194 739
3300 744
3407 742
3513 768
3620 744
3726 739
3832 744
3939 772
4046 743
4153 739
4259 743
4365 741
4471 743
4578 743
4684 746
4790 741
4897 744
5004 743
5111 740
5217 744
5323 744
5429 746
5536 730
5642 745
5748 744
5855 742
5962 631
6069 745
6175 743
6281 747
6387 750
6494 743
6600 741
6706 745
6813 820
6919 742
7027 744
7133 742
7239 771
7345 745
7452 747
7558 747
7664 770
7771 748
7877 746
7985 762
8091 744
8197 746
8303 750
8410 752
8516 750
8622 743
8729 749
8835 756
8942 744
9049 745
9155 745
9261 732
9368 745
9474 743
9580 746
9687 742
9793 740
9900 744
10007 746
10113 805
10219 748
10326 748
10432 745
10538 771
10645 745
10751 742
10858 748
10965 746
11071 747
11177 745
11284 746
11390 742
11496 750
11603 746
11709 745
11816 747
11922 743
12030 744
12136 752
12242 744
12348 745
12454 745
12561 739
12667 744
12774 744
12880 743
12988 730
13094 739
13200 747
13306 744
13412 752
13519 745
13625 743
13732 743
13838 709
13945 747
14051 746
14157 741
14264 722
14370 743
14477 742
14583 744
14689 744
14796 743
14902 742
15010 759
15116 742
15222 736
15328 741
15435 734
15541 745
15647 741
15754 744
15860 746
15968 745
16074 743
16180 743
16286 750
16393 741
16499 743
16605 743
16712 636
16818 744
16925 740
17032 744
17138 786
17244 740
17351 742
17457 744
17563 741
17670 744
17776 743
17883 741
17990 742
18096 739
18202 745
18309 740
18415 744
18521 740
18628 744
18734 747
18841 740
18947 741
19055 742
19161 727
19267 741
19374 742
19480 741
19587 747
19693 742
19800 744
19906 743
20014 680
20120 741
20226 742
20332 740
20438 747
20545 741
20651 738
20758 743
20864 742
20972 743
21078 741
21184 734
21290 742
21396 742
21503 744
21609 729
21716 742
21822 742
21928 743
22036 834
22142 746
22248 743
22354 742
22461 745
22567 748
22674 745
22780 745
22886 741
22994 746
23100 745
23206 743
23312 765
23419 743
23525 744
23632 743
23738 834
23844 745
23952 744
24058 742
24164 743
24270 743
24377 745
24483 744
24590 743
24696 745
24802 746
24909 754
25016 743
25123 746
25229 745
25335 730
25441 744
25548 745
25654 743
25760 764
25867 746
25974 746
26081 718
26187 666
26293 746
26399 746
26506 744
26612 822
26718 744
26825 744
26931 744
27039 744
27145 746
27251 747
27357 742
27464 757
27570 746
27676 743
27783 748
27889 746
27997 748
28103 745
28209 759
28315 745
28422 748
28528 745
28634 753
28741 747
28847 745
28955 747
29061 746
29167 740
29273 746
29380 744
29486 743
29592 745
29699 747
29805 744
29912 747
30019 748
30125 746
30231 743
30338 789
30444 748
30550 746
30657 743
30763 734
30870 745
30977 746
31083 750
31189 744
31296 745
31402 745
31508 744
31615 745
31721 744
31828 746
31934 758
32042 743
32148 746
32254 743
32360 737
32466 742
32573 746
32679 746
32786 730
32892 744
33000 739
33106 743
33212 761
33318 743
33424 745
33531 744
33637 710
33744 744
33850 744
33958 744
34064 743
34170 746
34276 745
34382 744
34489 744
34595 745
34702 745
34808 746
34915 743
35022 744
35128 741
35234 728
35340 743
35447 743
35553 745
35660 731
35766 744
35873 737
35980 744
36086 760
36192 743
36298 747
36405 743
36511 746
36618 743
36724 739
36831 747
36937 793
37045 746
37151 743
37257 741
37363 725
37469 740
37576 747
37682 741
37789 745
37895 742
38003 743
38109 755
38215 739
38321 742
38427 743
38534 741
38640 743
38747 737
38853 746
38961 766
39067 741
39173 742
39279 742
39385 746
39492 741
39598 741
39705 740
39811 870
39917 742
40025 741
40131 743
40237 788
40343 741
40450 745
40556 742
40663 724
40769 742
40875 740
40983 743
41089 740
41195 744
41301 742
41408 744
41514 742
41621 741
41727 744
41833 739
41940 741
42047 744
42154 740
42260 733
42366 741
42472 741
42579 741
42685 756
42791 744
42898 742
43005 743
43112 748
43218 740
43324 743
43430 744
43537 727
43643 741
43749 743
43856 743
43963 745
44070 744
44176 742
44282 744
44388 748
44495 741
44601 744
44707 745
44814 744
44920 745
45028 745
45134 730
45240 746
45346 745
45453 744
45559 738
45665 744
45772 745
45878 745
45986 642
46092 745
46198 743
46304 743
46411 680
46517 747
46623 744
46730 746
46836 800
46943 744
47050 747
47156 745
47262 717
47369 745
47475 747
47581 742
47688 756
47794 748
47901 746
48008 756
48114 744
48220 747
48327 743
48433 749
48539 744
48646 746
48752 748
48859 755
48966 746
49072 746
49178 744
49285 754
49391 750
49497 747
49604 746
49710 741
49817 747
49923 743
50031 747
50137 781
50243 745
50349 744
50455 746
50562 683
50668 741
50775 748
50881 747
50989 743
51095 746
51201 744
51307 748
51413 744
51520 744
51626 746
51733 744
51839 742
51946 744
52052 742
52158 736
52265 743
52371 747
52478 746
52584 759
52690 744
52797 743
52903 743
53011 746
53117 746
53223 744
53329 743
53436 769
53542 744
53648 745
53755 744
53861 681
53969 745
54075 739
54181 747
54287 876
54394 743
54500 746
54606 745
54713 744
54819 738
54926 746
55033 744
55139 743
55245 747
55352 742
55458 758
55564 741
55671 744
55777 743
55884 758
55991 746
56097 739
56203 743
56310 728
56416 742
56522 743
56629 741
56735 692
56842 743
56950 743
57056 744
57162 643
57268 747
57375 740
57481 742
57588 747
57694 744
57800 744
57907 741
58014 746
58120 742
58227 741
58333 762
58439 743
58546 744
58652 744
58758 731
58865 743
58972 744
59078 741
59185 723
59291 743
59397 746
59504 740
59610 747
59716 741
59823 742
59929 742
60037 740
60143 740
60249 741
60355 741
60462 720
60568 739
60674 743
60781 742
60887 746
60995 740
61101 739
61207 741
61313 740
61420 741
61526 739
61632 745
61739 743
61845 742
61953 743
62059 743
62165 742
62271 743
62378 740
62484 742
62590 753
62697 746
62803 743
62910 763
63017 744
63123 743
63229 743
63336 783
63442 761
63548 744
63655 742
63761 731
63868 738
63975 744
64081 824
64187 746
64294 749
64400 744
64506 743
64613 743
64719 744
64826 746
64932 771
65040 744
65146 745
65252 744
65358 742
65464 743
65571 744
65677 747
65784 746
65890 749
65998 742
66104 742
66210 676
66316 745
66422 746
66529 740
66635 749
66742 746
66848 746
66956 747
67062 743
67168 748
67274 744
67380 747
67487 731
67593 745
67700 749
67806 749
67913 745
68020 747
68126 744
68232 765
68338 746
68445 748
68551 746
68658 747
68764 745
68871 745
68978 746
69084 727
69190 748
69296 744
69403 743
69509 753
69616 744
69722 743
69829 747
69935 764
70042 747
70149 744
70255 745
70361 816
70467 746
70574 743
70680 742
70787 779
70893 744
71000 746
71107 743
71213 740
71319 747
71425 745
71532 745
71638 748
71745 745
71851 743
71958 747
72065 745
72171 746
72277 745
72383 739
72490 744
72596 748
72703 744
72809 759
72915 746
73023 745
73129 750
73235 777
73341 747
73448 744
73554 743
73661 790
73767 744
73873 746
73981 744
74087 742
74193 746
74299 744
74406 745
74512 737
74619 743
74725 743
74831 746
74938 745
75045 743
75151 741
75258 734
75364 743
75470 743
75577 747
75683 732
75789 742
75896 744
76003 741
76109 673
76216 745
76322 746
76428 742
76535 729
76641 743
76747 744
76854 744
76961 640
77067 743
77174 743
77280 746
77386 685
77493 742
77599 744
77705 741
77812 743
77918 743
78026 742
78132 763
78238 742
78344 744
78451 741
78557 760
78663 742
78770 743
78876 745
78984 726
79090 742
79196 740
79302 742
79409 743
79515 740
79621 744
79728 744
79834 798
79941 740
80048 741
80154 744
80260 656
80367 744
80473 743
80579 739
80686 809
80792 741
80899 744
81006 739
81112 741
81218 742
81325 741
81431 743
81537 745
81644 746
81750 742
81857 727
81964 744
82070 742
82176 743
82283 733
82389 741
82495 743
82602 741
82708 732
82815 740
82921 739
83029 744
83135 769
83241 743
83347 740
83453 744
83560 781
83666 741
83773 741
83879 742
83987 748
84093 740
84199 739
84305 744
84411 733
84518 744
84624 743
84731 744
84837 745
84944 741
85051 745
85157 731
85264 740
85370 746
85477 739
85583 761
85690 744
85796 741
85902 744
86010 796
86116 746
86222 743
86328 747
86435 686
86541 742
86648 746
86754 742
86860 748
86968 745
87074 744
87180 748
87286 739
87393 745
87499 741
87606 745
87712 741
87818 746
87925 745
88032 745
88139 744
88245 745
88351 744
88457 729
88564 746
88670 746
88776 743
88883 742
88990 747
89097 744
89203 746
89309 746
89415 718
89522 746
89628 744
89734 746
89841 762
89947 745
90054 744
90161 770
90267 743
90373 747
90480 747
90586 747
90693 745
90799 744
90906 744
91013 747
91119 744
91225 747
91331 739
91438 740
91544 745
91651 745
91757 737
91864 745
91971 743
92077 746
92183 748
92289 743
92396 744
92502 742
92609 904
92715 743
92822 746
92928 742
93036 742
93142 744
93248 743
93354 744
93460 723
93567 744
93673 746
93780 743
93886 751
93994 743
94100 745
94206 744
94312 742
94418 745
94525 739
94631 752
94738 664
94844 744
94952 744
95058 741
95164 746
95270 751
95376 745
95483 760
95589 742
95696 746
95802 740
95908 780
96016 747
96122 742
96228 744
96334 694
96441 739
96547 740
96654 743
96760 748
96866 745
96974 746
97080 823
97186 741
97292 741
97399 743
97505 742
97612 743
97718 745
97824 745
97931 740
98038 743
98145 743
98251 740
98357 724
98463 739
98570 745
98676 740
98782 736
98889 741
98996 738
99103 742
99209 732
99315 741
99421 742
99528 743
99634 767
99740 739
99847 743
99954 739
100061 743
100167 741
100273 741
100379 742
100486 752
100592 745
100698 743
100805 742
100911 742
101019 741
101125 742
101231 733
101337 741
101444 742
101550 742
101656 752
101763 743
101869 744
101977 742
102083 627
102189 744
102295 743
102402 743
102508 751
102614 743
102721 743
102827 740
102934 691
103041 745
103147 740
103253 745
103360 671
103466 744
103572 741
103679 745
103785 757
103892 743
103999 746
104105 740
104211 744
104318 744
104424 743
104530 744
104637 744
104743 745
104850 742
104957 752
105063 747
105169 745
105276 744
105382 728
105488 746
105595 748
105701 741
105808 747
105914 742
106022 744
106128 747
106234 715
106340 748
106446 742
106553 747
106659 781
106766 742
106872 747
106980 742
107086 747
107192 746
107298 743
107404 747
107511 743
107617 747
107724 745
107830 747
107937 750
108044 746
108150 746
108256 726
108362 746
108469 742
108575 745
108682 763
108788 745
108895 748
109002 745
109108 733
109214 746
109320 741
109427 749
109533 762
109640 744
109746 746
109853 745
109960 745
110066 742
110172 745
110278 744
110385 772
110491 746
110598 745
110704 746
110811 744
110917 745
111025 751
111131 735
111237 749
111343 744
111449 745
111556 740
111662 744
111769 745
111875 747
111983 751
112089 747
112195 741
112301 745
112407 764
112514 744
112620 748
112727 743
112833 768
112939 743
113047 744
113153 741
113259 672
113365 746
113472 740
113578 744
113685 741
113791 745
113897 743
114005 741
114111 745
114217 740
114323 744
114430 742
114536 744
114643 743
114749 743
114855 763
114963 742
115069 740
115175 742
115281 744
115388 744
115494 743
115601 739
115707 735
115813 744
115920 742
116027 744
116134 726
116240 744
116346 740
116452 740
116559 772
116665 743
116771 745
116878 740
116985 743
117092 743
117198 745
117304 745
117410 740
117517 741
117623 739
117729 742
117836 743
117942 741
118050 742
118156 720
118262 742
118368 743
118475 743
118581 754
118687 743
118794 743
118900 741
119008 731
119114 742
119220 741
119326 740
119433 667
119539 743
119645 741
119752 741
119858 755
119966 743
120072 744
120178 737
120284 762
120391 743
120497 738
120603 744
120710 736
120816 746
120923 744
121030 744
121136 744
121242 741
121349 741
121455 729
121561 744
121668 742
121774 743
121881 759
121988 743
122094 744
122200 743
122307 729
122413 746
122519 743
122626 742
122732 712
122839 740
122945 744
123051 743
123158 714
123264 741
123371 743
123477 741
123584 732
123690 743
123796 742
123903 742
124010 742
124117 740
124223 745
124329 742
124435 743
124542 744
124648 742
124754 745
124861 741
124968 742
125075 744
125181 758
125287 746
125393 744
125500 745
125606 732
125712 743
125819 752
125925 744
126033 748
126139 745
126245 745
126351 745
126458 744
126564 748
126670 741
126777 746
126883 722
126991 744
127097 748
127203 741
127309 789
127416 746
127522 745
127628 745
127735 742
127841 748
127948 743
128055 745
128162 746
128268 745
128375 743
128481 732
128587 746
128694 747
128800 743
128907 746
129014 743
129121 747
129227 746
129333 712
129440 745
129546 746
129653 744
129759 734
129866 743
129973 745
130079 731
130185 743
130291 746
130398 745
130504 725
130611 744
130717 745
130824 746
130930 753
131038 748
131144 744
131250 747
131356 745
131462 746
131569 746
131675 743
131782 754
131888 746
131996 744
132102 744
132208 706
132314 743
132420 744
132527 744
132633 770
132740 741
132846 744
132954 746
133060 743
133166 743
133272 743
133378 746
133485 742
133591 743
133698 744
133804 745
133910 746
134018 741
134124 746
134230 759
134336 746
134443 743
134549 743
134656 733
134762 742
134868 743
134976 741
135082 792
135188 744
135294 745
135401 746
135507 739
135614 744
135720 742
135826 744
135933 732
136040 741
136147 744
136253 740
136359 763
136465 745
136572 743
136678 741
136784 744
136891 743
136998 741
137105 742
137211 741
137317 740
137423 741
137530 739
137636 740
137742 740
137849 742
137956 737
138063 745
138169 740
138275 743
138381 728
138488 742
138594 740
138700 737
138807 733
138913 742
139021 741
139127 739
139233 690
139339 743
139446 743
139552 744
139658 708
139765 742
139871 741
139979 742
140085 743
140191 743
140297 743
140404 743
140510 741
140616 742
140723 738
140829 732
140936 742
141043 741
141149 742
141255 738
141362 742
141468 740
141574 743
141681 741
141787 741
141894 745
142001 741
142107 693
142213 741
142320 743
142426 742
142532 732
142639 741
142745 742
142852 744
142959 746
143065 743
143171 743
143278 740
143384 743
143490 744
143597 743
143703 744
143810 741
143916 743
144024 743
144130 755
144236 747
144342 736
144448 744
144555 739
144661 742
144768 745
144874 743
144982 719
145088 742
145194 741
145300 742
145406 854
145513 740
145619 747
145726 746
145832 792
145939 742
146046 748
146152 744
146258 746
146364 745
146471 742
146577 746
146684 746
146790 744
146897 743
147004 739
147110 746
147216 744
147322 745
147429 760
147535 745
147642 745
147748 741
147855 729
147962 747
148068 744
148174 747
148280 751
148387 746
148493 744
148600 744
148706 831
148813 743
148919 745
149027 744
149133 679
149239 744
149345 742
149451 743
149558 745
149664 745
149771 745
149877 744
149985 746
150091 743
150197 747
150303 745
150409 747
150516 744
150622 747
150729 739
150835 748
150941 745
151049 746
151155 737
151261 747
151367 744
151474 744
151580 736
151687 744
151793 744
151899 740
152007 685
152113 744
152219 747
152325 744
152432 768
152538 746
152645 742
152751 743
152857 760
152965 744
153071 743
153177 745
153283 753
153390 744
153496 747
153603 745
153709 743
153815 747
153922 740
154029 745
154136 744
154242 743
154348 744
154454 738
154561 746
154667 739
154773 742
154880 740
154987 740
155094 741
155200 740
155306 756
155412 744
155519 743
155625 743
155731 811
155838 748
155944 742
156051 743
156157 750
156264 742
156370 749
156476 740
156583 777
156689 743
156795 742
156902 740
157009 742
157115 746
157222 742
157328 743
157434 741
157541 741
157647 733
157753 733
157860 741
157967 744
158073 744
158180 745
158286 743
158392 746
158499 744
158605 757
158711 743
158818 739
158924 742
159032 746
159138 742
159244 742
159350 741
159457 750
159563 743
159669 741
159776 744
159882 747
159990 741
160096 744
160202 738
160308 744
160415 743
160521 742
160627 738
160734 740
160840 742
160947 740
161054 734
161161 747
161267 748
161373 745
161480 746
161586 746
161693 740
161799 745
161906 828
162013 740
162119 743
162226 738
162332 786
162439 745
162545 743
162652 741
162758 737
162864 744
162972 748
163078 753
163184 742
163290 740
163397 742
163503 734
163610 739
163716 743
163822 744
163929 754
164036 737
164143 740
164249 745
164355 750
164461 744
164568 744
164674 739
164780 552
164887 743
164994 744
165101 742
165207 780
165313 746
165419 744
165526 744
165632 744
165738 743
165845 745
165952 743
166059 744
166165 742
166271 746
166377 743
166484 743
166590 746
166696 741
166803 747
166909 743
167017 746
167123 745
167229 729
167335 746
167442 745
167548 748
167654 745
167761 744
167867 744
167975 743
168081 802
168187 747
168293 747
168400 746
168506 762
168612 741
168719 743
168825 745
168932 810
169039 744
169145 747
169251 742
169358 740
169464 746
169570 744
169677 746
169783 746
169890 744
169997 743
170103 734
170209 750
170316 742
170422 745
170528 758
170635 745
170741 813
170848 743
170955 891
171061 742
171167 748
171274 744
171380 735
171486 747
171593 744
171699 746
171806 735
171912 745
172020 746
172126 742
172232 787
172338 743
172444 746
172551 755
172657 764
172764 747
172870 741
172978 748
173084 744
173190 743
173296 745
173402 722
173509 747
173615 745
173722 748
173828 751
173935 743
174042 745
174148 744
174254 755
174360 745
174467 741
174573 745
174680 745
174786 744
174893 742
175000 745
175106 755
175212 740
175318 744
175425 742
175531 719
175638 744
175744 744
175851 741
175958 746
176064 742
176170 746
176276 740
176383 746
176489 742
176596 745
176702 741
176809 744
176915 740
177023 742
177129 733
177235 743
177341 747
177447 742
177554 724
177660 740
177767 740
177873 741
177981 736
178087 742
178193 742
178299 741
178405 734
178512 741
178618 740
178725 743
178831 716
178937 741
179045 743
179151 739
179257 736
179363 740
179470 740
179576 741
179683 742
179789 744
179895 741
180003 735
180109 743
180215 744
180321 746
180428 733
180534 741
180641 742
180747 743
180853 758
180961 740
181067 738
181173 740
181279 741
181386 741
181492 731
181599 746
181705 727
181811 743
181918 743
182025 742
182132 780
182238 740
182344 745
182450 744
182557 682
182663 747
182769 742
182876 744
182983 741
183090 745
183196 745
183302 743
183408 744
183515 740
183621 743
183727 740
183834 740
183940 744
184048 743
184154 758
184260 740
184366 754
184473 744
184579 743
184685 745
184792 745
184898 745
185006 734
185112 748
185218 753
185324 744
185431 723
185537 748
185643 746
185750 745
185856 723
185964 746
186070 745
186176 746
186282 749
186389 742
186495 747
186601 741
186708 746
186814 753
186921 745
187028 746
187134 744
187240 744
187347 751
187453 744
187559 748
187666 743
187772 745
187879 740
187986 748
188092 752
188198 744
188305 780
188411 747
188517 746
188624 746
188730 741
188837 745
188943 726
189051 745
189157 737
189263 744
189369 748
189476 744
189582 747
189689 748
189795 741
189901 746
190009 746
190115 748
190221 745
190327 731
190434 746
190540 746
190647 746
190753 760
190859 744
190967 748
191073 699
191179 736
191285 742
191392 743
191498 745
191605 731
191711 745
191817 746
191924 746
192031 744
192138 745
192244 745
192350 742
192456 707
192563 747
192669 741
192775 744
192882 744
192989 742
193096 742
193202 724
193308 745
193414 743
193521 746
193627 750
193733 747
193840 743
193946 742
194054 746
194160 742
194266 746
194372 743
194479 756
194585 746
194692 744
194798 743
194904 834
195012 744
195118 743
195224 741
195330 787
195437 743
195543 746
195650 741
195756 733
195862 744
195970 739
196076 734
196182 741
196288 742
196395 744
196501 744
196608 743
196714 741
196820 744
196927 759
197034 742
197140 744
197247 741
197353 732
197459 742
197566 741
197672 742
197778 748
197885 741
197992 741
198098 746
198205 730
198311 744
198417 744
198524 742
198630 779
198736 742
198843 741
198950 743
199056 742
199163 742
199269 743
199375 738
199482 743
199588 741
199694 743
199801 741
199907 738
200015 744
200121 742
200227 744
200333 742
200440 742
200546 746
200652 733
200759 744
200865 741
200973 742
201079 765
201185 744
201291 742
201398 742
201504 806
201610 743
201717 743
201823 746
201930 712
202037 741
202143 742
202249 742
202356 748
202462 744
202568 745
202675 742
202781 749
202888 742
202995 743
203101 753
203207 741
203314 743
203420 748
203526 739
203633 744
203739 741
203846 743
203953 736
204059 739
204165 745
204272 743
204378 728
204484 744
204591 744
204697 745
204804 739
204910 745
205018 747
205124 744
205230 778
205336 744
205442 745
205549 745
205655 722
205762 739
205868 742
205976 746
206082 743
206188 745
206294 747
206400 741
206507 743
206613 742
206720 749
206826 727
206933 743
207040 746
207146 739
207252 734
207358 742
207465 746
207571 746
207678 752
207784 744
207891 745
207998 745
208104 735
208210 741
208316 746
208423 745
208529 783
208636 745
208742 743
208849 746
208956 746
209062 745
209168 744
209274 746
209381 751
209487 744
209594 743
209700 743
209807 743
209913 746
210020 743
210127 748
210233 744
210339 745
210445 744
210552 732
210658 747
210765 745
210871 741
210978 741
211085 745
211191 750
211297 745
211403 733
211510 745
211616 745
211723 745
211829 760
211935 748
212043 745
212149 745
212255 669
212361 741
212468 746
212574 746
212681 680
212787 744
212893 743
213001 752
213107 741
213213 746
213319 744
213426 742
213532 745
213639 745
213745 747
213851 739
213959 742
214065 747
214171 743
214277 762
214384 740
214490 743
214597 742
214703 756
214809 743
214916 744
215023 743
215129 765
215236 744
215342 742
215448 743
215555 809
215661 743
215767 741
215874 744
215981 745
216087 738
216194 743
216300 745
216406 741
216513 740
216619 747
216725 743
216832 743
216938 745
217046 742
217152 742
217258 730
217364 744
217471 742
217577 740
217683 586
217790 741
217896 747
218004 740
218110 739
218216 741
218322 738
218429 759
218535 740
218641 743
218748 741
218854 677
218962 744
219068 741
219174 742
219280 827
219387 743
219493 743
219599 741
219706 742
219812 740
219919 744
220026 746
220132 740
220238 743
220345 739
220451 748
220557 742
220664 741
220770 742
220877 750
220984 743
221090 741
221196 740
221303 720
221409 741
221515 743
221622 742
221728 702
221835 744
221941 741
222049 745
222155 669
222261 743
222367 744
222473 743
222580 819
222686 742
222793 743
222899 744
223007 742
223113 742
223219 741
223325 743
223431 742
223538 744
223644 744
223751 718
223857 745
223965 746
224071 736
224177 757
224283 741
224389 745
224496 741
224602 745
224709 744
224815 745
224922 745
225029 743
225135 745
225241 743
225347 745
225454 771
225560 740
225667 746
225773 745
225880 673
225987 746
226093 742
226199 748
226305 743
226412 744
226518 743
226625 744
226731 745
226838 745
226944 747
227051 746
227157 744
227263 745
227370 746
227476 740
227582 744
227689 744
227795 745
227901 745
228009 747
228115 746
228221 744
228327 769
228434 747
228540 747
228647 745
228753 790
228859 744
228967 748
229073 756
229179 777
229285 746
229392 746
229498 747
229605 674
229711 743
229817 746
229924 747
230031 747
230137 746
230244 740
230350 746
230456 745
230563 746
230669 746
230775 766
230882 746
230989 743
231095 744
231202 733
231308 743
231414 740
231521 745
231627 740
231733 743
231840 746
231946 745
232053 745
232160 746
232266 743
232372 744
232478 708
232585 742
232691 741
232798 743
232904 718
233011 738
233118 744
233224 744
233330 742
233436 742
233543 742
233649 744
233756 747
233862 742
233969 745
234076 726
234182 746
234288 742
234394 743
234501 730
234607 744
234714 745
234820 743
234926 751
235034 743
235140 742
235246 745
235352 737
235459 742
235565 743
235672 742
235778 728
235884 742
235992 742
236098 743
236204 733
236310 745
236417 742
236523 744
236630 702
236736 743
236842 745
236950 741
237056 743
237162 743
237269 744
237375 747
237482 740
237588 744
237694 743
237801 756
237907 744
238015 741
238121 743
238227 753
238333 745
238440 740
238546 742
238652 735
238759 743
238865 744
238973 742
239079 635
239185 741
239291 742
239398 745
239504 764
239610 742
239717 745
239823 742
239930 741
240037 742
240143 741
240249 744
240356 743
240462 745
240568 740
240675 744
240781 742
240888 742
240995 743
241101 756
241207 742
241314 740
241420 743
241526 741
241633 741
241739 744
241846 742
241953 788
242059 742
242165 743
242272 743
242378 756
242484 742
242591 744
242697 744
242804 730
242910 743
243018 744
243124 743
243230 738
243336 742
243442 742
243549 744
243655 741
243762 742
243868 743
243976 734
244082 744
244188 740
244294 742
244400 733
244507 741
244613 745
244720 744
244826 721
244933 744
245040 743
245146 742
245252 759
245358 744
245465 743
245571 747
245678 707
245784 746
245891 744
245998 743
246104 723
246210 746
246316 742
246423 746
246529 738
246636 744
246742 744
246849 744
246956 745
247062 740
247168 748
247274 740
247381 742
247487 751
247594 744
247700 743
247807 745
247913 746
248021 748
248127 755
248233 746
248339 746
248445 745
248552 755
248658 745
248765 747
248871 741
248979 744
249085 745
249191 745
249297 746
249403 796
249510 745
249616 746
249723 743
249829 751
249935 745
250043 746
250149 742
250255 746
250361 745
250468 740
250574 738
250681 746
250787 748
250893 743
251001 757
251107 745
251213 742
251319 736
251426 761
251532 746
251639 744
251745 743
251851 723
251959 780
252065 743
252171 745
252277 761
252384 746
252490 745
252597 744
252703 768
252809 743
252916 744
253023 744
253130 740
253236 745
253342 741
253448 744
253555 743
253661 757
253767 741
253874 744
253981 748
254088 742
254194 746
254300 740
254406 745
254513 743
254619 741
254725 735
254832 741
254938 751
255046 741
255152 763
255258 745
255364 743
255471 742
255577 734
255683 748
255790 743
255896 743
256004 734
256110 739
256216 741
256322 742
256429 723
256535 742
256641 743
256748 742
256854 747
256962 749
257068 745
257174 737
257280 745
257387 743
257493 742
257599 737
257706 740
257812 743
257919 741
258026 740
258132 737
258238 742
258345 742
258451 741
258557 740
258664 743
258770 737
258877 756
258984 744
259090 744
259196 742
259303 725
259409 741
259515 742
259622 742
259728 723
259835 741
259941 742
260049 738
260155 744
260261 740
260367 739
260473 741
260580 740
260686 742
260793 740
260899 731
261007 741
261113 741
261219 745
261325 736
261431 742
261538 743
261644 742
261751 738
261857 741
261965 742
262071 748
262177 741
262283 742
262389 741
262496 741
262602 757
262709 743
262815 745
262922 743
263029 745
263135 742
263241 741
263347 742
263454 742
263560 742
263667 742
263773 745
263880 744
263987 742
264093 744
264199 746
264305 746
264412 742
264518 746
264625 740
264731 740
264838 747
264944 741
265051 742
265157 743
265264 746
265370 742
265476 752
265583 750
265689 745
265795 746
265902 788
266009 744
266115 746
266222 744
266328 752
266434 743
266541 744
266647 747
266753 728
266860 745
266967 743
267073 744
267180 747
267286 743
267392 746
267499 760
267605 742
267711 748
267818 743
267924 760
268032 744
268138 744
268244 743
268350 733
268457 747
268563 740
268669 747
268776 747
268882 743
268990 746
269096 748
269202 768
269308 749
269415 743
269521 745
269627 723
269734 744
269840 748
269947 747
270054 748
270161 745
270267 747
270373 740
270480 746
270586 748
270693 745
270799 738
270906 746
271013 746
271119 746
271226 697
271332 746
271439 742
271545 745
271652 779
271758 742
271864 745
271972 748
272078 740
272184 743
272290 744
272397 745
272503 747
272610 747
272716 744
272822 744
272929 740
273036 743
273143 745
273249 735
273355 744
273461 745
273568 746
273674 758
273780 744
273887 745
273994 744
274101 748
274207 744
274313 741
274419 744
274526 742
274632 745
274738 743
274845 742
274952 737
275059 743
275165 742
275271 742
275377 777
275484 746
275590 741
275696 742
275803 747
275909 737
276017 743
276123 743
276229 742
276335 742
276442 741
276548 746
276654 738
276761 743
276867 740
276975 747
277081 743
277187 738
277293 743
277400 712
277506 740
277612 738
277719 746
277825 751
277932 739
278039 738
278145 742
278251 722
278358 743
278464 740
278570 741
278677 726
278783 740
278890 743
278997 742
279103 743
279209 740
279316 742
279422 743
279528 740
279635 744
279741 740
279848 744
279955 742
280061 740
280167 745
280274 728
280380 744
280486 743
280593 739
280699 755
280806 740
280912 742
281020 739
281126 737
281232 743
281338 740
281444 744
281551 762
281657 743
281764 745
281870 740
281978 736
282084 736
282190 742
282296 743
282402 803
282509 743
282615 743
282722 746
282828 742
282935 745
283042 746
283148 737
283254 742
283360 741
283467 742
283573 736
283680 742
283786 741
283893 743
284000 747
284106 745
284212 744
284318 747
284425 758
284531 745
284638 745
284744 741
284851 769
284958 741
285064 745
285170 746
285276 762
285383 741
285489 742
285596 744
285702 882
285809 744
285915 741
286023 746
286129 745
286235 746
286341 745
286447 742
286554 745
286660 744
286767 744
286873 757
286981 744
287087 744
287193 744
287299 755
287405 743
287512 746
287618 741
287725 733
287831 745
287937 749
288045 744
288151 704
288257 746
288363 743
288470 747
288576 774
288683 747
288789 746
288895 746
289003 750
289109 741
289215 744
289321 742
289428 742
289534 747
289641 745
289747 745
289853 744
289961 746
290067 744
290173 731
290279 745
290386 745
290492 747
290599 762
290705 747
290811 747
290918 747
291025 748
291132 745
291238 745
291344 747
291450 672
291557 743
291663 743
291769 746
291876 718
291983 743
292090 744
292196 744
292302 757
292408 744
292515 745
292621 747
292727 741
292834 743
292940 743
293048 746
293154 746
293260 743
293366 745
293473 735
293579 744
293685 746
293792 745
293898 751
294006 744
294112 744
294218 744
294324 735
294431 744
294537 745
294643 739
294750 820
294856 739
294964 744
295070 748
295176 767
295282 741
295389 746
295495 745
295601 743
295708 745
295814 742
295921 743
296028 748
296134 740
296240 741
296347 742
296453 746
296559 741
296666 742
296772 738
296879 740
296986 746
297092 742
297198 751
297305 741
297411 740
297517 745
297624 731
297730 740
297837 740
297943 744
298051 742
298157 743
298263 740
298369 740
298476 786
298582 741
298689 740
298795 741
298901 733
299009 741
299115 741
299221 741
299327 737
299434 741
299540 739
299647 744
299753 742
299859 745
299967 742
300073 738
300179 744
300285 742
300392 742
300498 759
300605 743
300711 742
300817 741
300924 729
301031 742
301138 741
301244 744
301350 667
301456 746
301563 743
301669 745
301775 692
301882 744
301989 744
302096 741
302202 803
302308 740
302414 745
302521 743
302627 738
302733 745
302840 738
302946 734
303054 743
303160 741
303266 747
303372 757
303479 745
303585 743
303692 743
303798 732
303904 741
304012 745
304118 742
304224 754
304330 744
304437 742
304543 743
304650 804
304756 742
304862 741
304970 745
305076 708
305182 746
305288 744
305395 744
305501 785
305608 743
305714 746
305820 745
305927 738
306034 772
306140 746
306247 745
306353 746
306459 746
306566 745
306672 725
306778 740
306885 747
306992 745
307098 739
307205 747
307311 745
307417 746
307524 734
307630 745
307736 758
307843 744
307950 800
308056 745
308163 748
308269 744
308375 752
308482 743
308588 743
308694 745
308801 746
308907 746
309015 746
309121 746
309227 744
309333 744
309440 745
309546 748
309652 744
309759 748
309865 746
309973 759
310079 744
310185 745
310291 746
310398 756
310504 748
310610 744
310717 747
310823 760
310930 742
311037 747
311143 745
311249 715
311356 747
311462 746
311568 745
311675 733
311781 744
311888 743
311995 746
312101 791
312207 744
312314 745
312420 746
312526 744
312633 739
312739 742
312846 740
312953 741
313059 746
313165 745
313272 738
313378 748
313484 743
313591 746
313697 744
313804 744
313910 744
314018 743
314124 759
314230 740
314336 743
314442 743
314549 716
314655 745
314762 742
314868 748
314976 746
315082 743
315188 746
315294 744
315400 773
315507 739
315613 745
315720 744
315826 699
315933 743
316040 742
316146 739
316252 742
316358 739
316465 739
316571 732
316678 741
316784 745
316891 742
316998 738
317104 741
317210 740
317316 745
317423 732
317529 741
317636 739
317742 743
317849 741
317956 742
318062 744
318168 737
318274 730
318381 742
318487 743
318594 745
318700 776
318807 740
318913 742
319020 742
319127 738
319233 741
319339 744
319445 741
319552 746
319658 774
319765 743
319871 743
319978 743
320085 743
320191 740
320297 751
320403 744
320510 743
320616 744
320723 743
320829 742
320935 742
321043 743
321149 702
321255 741
321361 757
321468 743
321574 736
321681 744
321787 742
321893 744
322001 762
322107 743
322213 741
322319 740
322426 728
322532 742
322639 745
322745 744
322851 742
322959 743
323065 742
323171 740
323277 745
323384 743
323490 745
323597 732
323703 743
323809 742
323916 742
324023 746
324129 743
324236 743
324342 745
324448 725
324555 738
324661 740
324767 747
324874 761
324981 745
325087 744
325194 744
325300 799
325406 741
325513 745
325619 744
325725 790
325832 744
325938 744
326046 753
326152 747
326258 743
326364 743
326471 741
326577 744
326683 740
326790 743
326896 734
327004 744
327110 746
327216 739
327322 763
327429 743
327535 747
327641 744
327748 737
327854 745
327962 744
328068 744
328174 736
328280 744
328387 741
328493 743
328599 766
328706 745
328812 745
328919 750
329026 745
329132 746
329238 746
329345 744
329451 743
329557 747
329664 744
329770 745
329877 743
329984 744
330090 742
330196 752
330303 744
330409 745
330515 748
330622 750
330728 746
330835 745
330941 744
331049 747
331155 742
331261 748
331367 741
331473 718
331580 745
331686 744
331793 745
331899 709
332007 747
332113 739
332219 745
332325 774
332431 742
332538 743
332644 745
332751 738
332857 745
332965 741
333071 738
333177 742
333283 745
333389 746
333496 756
333602 744
333709 742
333815 745
333922 730
334029 744
334135 745
334241 740
334347 749
334454 744
334560 740
334667 743
334773 828
334880 743
334987 746
335093 743
335199 797
335305 738
335412 739
335518 740
335625 748
335731 742
335838 742
335944 744
336051 741
336157 743
336263 741
336370 741
336476 749
336582 742
336689 742
336795 744
336901 743
337009 746
337115 741
337221 731
337327 740
337434 741
337540 741
337647 746
337753 743
337859 741
337967 743
338073 624
338179 741
338285 741
338392 742
338498 614
338605 741
338711 742
338817 743
338924 731
339031 743
339137 741
339244 743
339350 732
339456 740
339563 743
339669 744
339775 747
339882 741
339989 742
340095 758
340202 739
340308 743
340414 743
340521 744
340627 744
340733 740
340840 743
340946 734
341053 743
341160 741
341266 741
341372 756
341478 740
341585 739
341691 739
341798 750
341904 744
342011 751
342118 744
342224 795
342330 745
342436 744
342543 738
342649 729
342756 741
342862 743
342969 745
343076 740
343182 744
343288 743
343394 744
343501 744
343607 742
343714 742
343820 741
343926 744
344034 739
344140 743
344246 762
344352 743
344459 742
344565 744
344672 734
344778 745
344884 745
344992 744
345098 743
345204 714
345310 745
345417 742
345523 749
345630 777
345736 742
345842 745
345950 741
346056 745
346162 747
346269 743
346375 747
346482 741
346588 745
346694 742
346801 742
346907 744
347015 744
347121 748
347227 742
347333 747
347440 745
347546 743
347652 746
347759 747
347865 745
347973 848
348079 743
348185 746
348291 747
348398 759
348504 743
348610 741
348717 744
348823 791
348930 748
349037 746
349143 746
349249 828
349356 746
349462 745
349568 743
349675 748
349781 746
349888 750
349995 755
350101 746
350207 745
350314 743
350420 720
350526 746
350633 746
350739 743
350846 745
350953 748
351059 746
351165 748
351272 758
351378 743
351484 747
351591 745
351697 748
351804 744
351910 747
352018 747
352124 737
352230 745
352336 748
352442 744
352549 777
352655 743
352762 746
352868 739
352976 746
353082 746
353188 743
353294 746
353400 742
353507 744
353613 744
353720 763
353826 747
353933 741
354040 746
354146 754
354252 745
354358 744
354465 739
354571 754
354678 743
354784 743
354891 739
354998 751
355104 745
355210 741
355316 743
355423 755
355529 742
355636 742
355742 741
355849 734
355956 740
356062 739
356168 742
356274 747
356381 743
356487 741
356594 742
356700 742
356807 744
356913 743
357021 744
357127 744
357233 739
357339 744
357445 756
357552 740
357658 743
357765 741
357871 736
357979 744
358085 739
358191 741
358297 735
358403 740
358510 742
358616 742
358723 729
358829 741
358935 742
359043 744
359149 839
359255 744
359361 739
359468 742
359574 804
359681 741
359787 743
359893 740
360001 741
360107 743
360213 744
360319 729
360426 740
360532 743
360639 743
360745 741
360851 742
360959 741
361065 748
361171 757
361277 744
361384 740
361490 741
361597 737
361703 743
361809 744
361916 742
362023 741
362130 743
362236 740
362342 742
362448 707
362555 743
362661 746
362767 744
362874 751
362981 745
363088 741
363194 745
363300 743
363406 744
363513 739
363619 742
363725 746
363832 740
363938 743
364046 741
364152 742
364258 744
364364 745
364471 738
364577 743
364683 744
364790 743
364896 739
365004 745
365110 743
365216 745
365322 715
365429 741
365535 746
365641 744
365748 799
365854 743
365962 744
366068 750
366174 741
366280 747
366387 741
366493 746
366599 748
366706 743
366812 743
366919 740
367026 746
367132 743
367238 743
367345 736
367451 742
367557 745
367664 741
367770 740
367877 743
367984 742
368090 741
368196 742
368303 745
368409 746
368515 744
368622 851
368728 745
368835 741
368941 743
369049 746
369155 744
369261 746
369367 745
369473 718
369580 742
369686 744
369793 743
369899 747
370007 746
370113 740
370219 733
370325 743
370431 745
370538 742
370644 740
370751 745
370857 745
370965 746
371071 723
371177 748
371283 746
371389 747
371496 745
371602 744
371709 744
371815 742
371922 719
372029 746
372135 744
372241 745
372347 761
372454 741
372560 747
372667 740
372773 701
372880 744
372987 745
373093 743
373199 744
373305 746
373412 743
373518 746
373625 741
373731 755
373838 746
373944 761
374051 747
374157 742
374264 744
374370 744
374476 743
374583 760
374689 741
374795 730
374902 743
375009 741
375115 742
375222 873
375328 744
375434 746
375541 744
375647 681
375753 744
375860 743
375967 743
376073 754
376180 743
376286 741
376392 746
376499 754
376605 746
376711 744
376818 742
376924 741
377032 740
377138 742
377244 753
377350 742
377457 743
377563 740
377669 736
377776 738
377882 744
377990 743
378096 728
378202 744
378308 742
378415 746
378521 740
378627 742
378734 742
378840 740
378947 771
379054 744
379161 738
379267 742
379373 718
379480 744
379586 740
379693 744
379799 745
379906 744
380013 742
380119 743
380226 741
380332 743
380439 741
380545 745
380652 741
380758 741
380864 742
380972 784
381078 744
381184 741
381290 744
381397 793
381503 742
381610 744
381716 741
381822 753
381929 740
382036 744
382143 741
382249 740
382355 743
382461 742
382568 745
382674 747
382780 742
382887 744
382994 740
383101 743
383207 745
383313 743
383419 738
383526 742
383632 742
383738 741
383845 750
383952 746
384059 742
384165 745
384271 735
384377 742
384484 745
384590 744
384696 726
384803 743
384909 746
385017 745
385123 735
385229 744
385335 743
385442 747
385548 795
385654 743
385761 742
385867 747
385975 748
386081 738
386187 747
386293 744
386400 745
386506 743
386612 744
386719 738
386825 745
386932 741
387039 745
387145 748
387251 742
387358 746
387464 743
387570 757
387677 743
387783 745
387890 743
387997 721
388103 746
388209 743
388316 746
388422 733
388528 748
388635 743
388741 747
388848 798
388955 743
389061 747
389167 745
389274 742
389380 746
389486 746
389593 746
389699 744
389806 746
389912 746
390020 745
390126 746
390232 743
390338 744
390444 754
390551 745
390657 745
390764 750
390870 739
390978 745
391084 741
391190 748
391296 752
391402 744
391509 742
391615 749
391722 772
391828 743
391935 742
392042 746
392148 742
392254 747
392360 744
392467 744
392573 746
392680 742
392786 747
392893 743
393000 746
393106 744
393212 744
393318 746
393425 745
393531 747
393638 742
393744 750
393851 746
393958 744
394064 743
394170 733
394276 745
394383 743
394489 743
394596 577
394702 740
394809 745
394915 741
395023 744
395129 746
395235 738
395341 744
395447 731
395554 747
395660 742
395767 742
395873 744
395981 742
396087 742
396193 741
396299 744
396405 742
396512 742
396618 737
396725 741
396831 745
396937 740
397045 742
397151 745
397257 738
397363 744
397470 733
397576 741
397683 741
397789 740
397895 674
398003 740
398109 742
398215 740
398321 758
398428 742
398534 742
398641 742
398747 790
398853 742
398961 737
399067 734
399173 742
399279 741
399386 742
399492 744
399599 741
399705 741
399811 742
399918 725
400025 746
400132 742
400238 744
400344 752
400450 742
400557 743
400663 737
400769 764
400876 742
400983 743
401090 742
401196 761
401302 742
401408 740
401515 744
401621 798
401727 742
401834 744
401940 742
402048 741
402154 742
402260 742
402366 746
402473 741
402579 744
402685 742
402792 744
402898 745
403006 743
403112 743
403218 742
403324 742
403431 744
403537 745
403643 748
403750 743
403856 743
403964 744
404070 819
404176 744
404282 741
404389 744
404495 744
404601 742
404708 744
404814 741
404921 680
405028 742
405134 742
405240 742
405347 763
405453 745
405559 742
405666 743
405772 722
405879 746
405986 743
406092 740
406198 742
406305 743
406411 743
406517 763
406624 744
406730 743
406837 742
406943 762
407051 746
407157 744
407263 746
407369 735
407476 745
407582 744
407689 744
407795 668
407901 741
408009 748
408115 743
408221 756
408327 747
408434 744
408540 746
408647 765
408753 745
408859 745
408967 745
409073 746
409179 746
409285 749
409392 745
409498 744
409605 746
409711 744
409817 733
409924 744
410031 744
410138 745
410244 750
410350 747
410456 747
410563 745
410669 765
410775 743
410882 753
410989 749
411096 718
411202 745
411308 744
411414 747
411521 798
411627 745
411733 746
411840 743
411946 744
412054 743
412160 743
412266 749
412372 747
412479 745
412585 742
412692 746
412798 740
412904 742
413012 745
413118 729
413224 749
413330 743
413437 747
413543 754
413650 744
413756 745
413862 743
413970 740
414076 744
414182 744
414288 746
414395 553
414501 743
414608 738
414714 741
414820 788
414927 743
415034 742
415140 741
415247 727
415353 744
415459 741
415566 739
415672 729
415778 743
415885 742
415992 751
416098 741
416205 741
416311 740
416417 745
416524 742
416630 743
416736 741
416843 757
416950 744
417056 739
417163 742
417269 737
417375 740
417482 743
417588 741
417694 729
417801 738
417907 741
418015 743
418121 784
418227 743
418333 741
418440 741
418546 724
418652 741
418759 744
418865 743
418973 743
419079 734
419185 740
419291 740
419398 742
419504 743
419610 740
419717 722
419823 740
419930 743
420037 745
420143 747
420249 741
420356 742
420462 743
420568 728
420675 742
420781 733
420888 739
420995 781
421101 737
421207 741
421314 737
421420 709
421526 741
421633 742
421739 742
421846 764
421953 741
422059 742
422165 740
422272 728
422378 741
422484 735
422591 745
422697 744
422804 743
422910 742
423018 741
423124 743
423230 741
423336 744
423442 741
423549 743
423655 744
423762 743
423868 731
423976 743
424082 745
424188 744
424294 746
424400 745
424507 741
424613 745
424720 736
424826 746
424933 746
425040 744
425146 755
425252 744
425358 746
425465 744
425571 745
425678 744
425784 744
425891 747
425998 747
426104 745
426210 744
426316 741
426423 746
426529 745
426636 742
426742 731
426849 742
426956 745
427062 746
427168 741
427274 744
427381 744
427487 744
427594 746
427700 744
427807 743
427913 748
428020 747
428127 746
428233 750
428339 745
428445 781
428552 746
428658 744
428765 747
428871 706
428978 744
429085 746
429191 747
429297 749
429403 745
429510 746
429616 748
429723 746
429829 741
429935 743
430043 746
430149 747
430255 745
430361 747
430468 760
430574 741
430681 740
430787 744
430893 746
431001 746
431107 748
431213 744
431319 731
431426 746
431532 743
431639 744
431745 772
431851 745
431959 751
432065 728
432171 738
432277 744
432384 746
432490 746
432597 749
432703 744
432809 742
432916 743
433023 746
433129 742
433236 744
433342 750
433448 748
433555 743
433661 746
433767 745
433874 745
433981 743
434087 742
434194 738
434300 741
434406 743
434513 746
434619 762
434725 744
434832 740
434938 743
435046 743
435152 743
435258 744
435364 745
435471 743
435577 744
435683 740
435790 741
435896 743
