1 420
107 361
214 362
320 364
426 311
533 366
639 365
745 364
852 325
959 364
1065 365
1172 359
1278 367
1384 362
1491 360
1597 361
1704 362
1810 366
1917 359
2024 374
2130 363
2236 361
2343 365
2449 377
2556 370
2662 363
2768 362
2875 339
2982 362
3088 364
3195 361
3301 393
3407 364
3514 362
3620 366
3727 369
3833 366
3940 361
4047 362
4153 363
4259 364
4366 365
4472 363
4579 365
4685 362
4791 363
4898 367
5005 360
5111 368
5218 364
5324 342
5430 365
5537 364
5643 365
5750 379
5856 362
5964 362
6070 364
6176 363
6282 364
6389 363
6495 366
6602 357
6708 363
6814 366
6921 364
7028 363
7134 363
7241 366
7347 362
7453 352
7560 365
7666 363
7773 368
7879 367
7987 363
8093 364
8199 362
8305 366
8412 364
8518 364
8625 362
8731 364
8837 367
8944 364
9051 391
9158 365
9264 362
9371 363
9477 338
9583 361
9690 362
9796 362
9903 367
10010 364
10116 364
10222 367
10329 361
10435 368
10542 363
10648 375
10755 365
10861 363
10969 364
11075 372
11181 363
11287 364
11394 363
11500 378
11606 363
11713 366
11819 362
11926 303
12033 365
12139 363
12245 360
12352 383
12458 368
12565 362
12671 364
12778 365
12884 361
12992 368
13098 355
13204 366
13310 366
13417 365
13523 361
13629 365
13736 365
13842 364
13950 513
14056 365
14163 365
14269 367
14375 304
14482 363
14588 365
14695 363
14801 373
14908 364
15015 361
15121 363
15227 368
15334 364
15440 362
15547 365
15653 365
15759 361
15866 367
15973 363
16080 366
16186 366
16292 363
16398 385
16505 364
16611 365
16718 366
16824 369
16931 365
17038 364
17144 364
17250 359
17357 362
17463 369
17570 363
17676 358
17782 363
17889 363
17996 365
18103 365
18209 367
18315 364
18421 364
18528 366
18634 362
18741 368
18847 379
18955 362
19061 361
19167 362
19273 360
19380 362
19486 364
19593 366
19699 351
19805 365
19912 364
20019 364
20126 295
20232 360
20338 362
20444 361
20551 370
20657 364
20764 363
20870 365
20978 364
21084 365
21190 362
21296 363
21403 365
21509 364
21616 365
21722 351
21828 365
21935 363
22042 364
22149 358
22255 362
22361 366
22467 362
22574 364
22680 364
22787 361
22893 363
23001 341
23107 360
23213 365
23319 361
23426 361
23532 364
23639 366
23745 362
23851 359
23959 362
24065 361
24171 364
24278 362
24384 363
24490 366
24597 375
24703 363
24810 369
24916 363
25024 351
25130 362
25236 365
25342 363
25449 375
25555 363
25662 363
25768 365
25874 388
25982 364
26088 364
26194 363
26301 365
26407 364
26513 364
26620 365
26726 374
26833 362
26939 362
27047 339
27153 366
27259 362
27365 366
27472 348
27578 362
27685 365
27791 364
27897 378
28005 365
28111 364
28217 365
28324 360
28430 359
28536 360
28643 364
28749 339
28856 362
28963 365
29069 360
29175 377
29282 361
29388 363
29495 370
29601 341
29708 367
29814 363
29920 364
30028 365
30134 362
30240 366
30347 371
30453 363
30559 362
30666 363
30772 360
30879 361
30986 364
31092 361
31198 365
31305 362
31411 365
31518 365
31624 362
31731 366
31837 363
31943 364
32051 321
32157 366
32264 364
32370 361
32477 362
32583 365
32690 364
32796 365
32902 366
33010 363
33116 367
33222 367
33329 366
33435 367
33541 364
33648 378
33754 364
33861 367
33968 366
34074 386
34180 365
34287 367
34393 366
34500 382
34606 364
34713 364
34819 367
34925 430
35033 363
35139 364
35245 270
35352 363
35458 367
35564 366
35671 364
35777 367
35884 366
35991 367
36097 358
36203 365
36310 365
36416 363
36523 360
36629 361
36736 365
36842 365
36950 336
37056 364
37162 362
37269 365
37375 358
37481 367
37588 368
37694 365
37801 316
37907 364
38015 367
38121 359
38227 366
38333 365
38440 364
38546 343
38653 366
38759 365
38865 364
38973 376
39079 366
39185 365
39292 366
39398 359
39504 363
39611 365
39717 362
39824 202
39930 362
40038 364
40144 364
40250 440
40356 364
40463 361
40569 362
40676 418
40782 361
40888 363
40996 371
41102 363
41208 362
41315 364
41421 379
41527 365
41634 362
41740 364
41847 370
41954 363
42060 363
42166 363
42273 367
42379 363
42486 367
42592 364
42699 487
42805 367
42911 361
43019 362
43125 364
43231 365
43338 363
43444 362
43550 270
43657 363
43763 365
43870 366
43977 366
44083 364
44189 363
44296 365
44402 366
44509 363
44615 364
44722 352
44828 364
44934 364
45042 363
45148 355
45254 362
45361 362
45467 362
45573 329
45680 363
45786 364
45893 362
46000 322
46106 362
46212 362
46319 364
46425 372
46532 363
46638 364
46745 364
46851 361
46958 365
47065 356
47171 358
47277 363
47384 359
47490 363
47596 360
47703 364
47809 362
47916 364
48023 169
48129 363
48235 363
48342 361
48448 451
48555 364
48661 362
48768 366
48874 397
48981 364
49088 363
49194 362
49300 371
49407 363
49513 365
49619 364
49726 366
49832 366
49939 362
50046 354
50152 363
50258 367
50365 366
50471 375
50578 363
50684 362
50791 362
50897 355
51004 364
51111 365
51217 368
51323 283
51430 366
51536 363
51642 364
51749 354
51855 361
51963 367
52069 365
52175 342
52281 364
52388 365
52494 363
52601 364
52707 365
52814 367
52920 365
53027 366
53134 365
53240 364
53346 351
53453 368
53559 362
53665 366
53772 372
53878 360
53986 365
54092 367
54198 365
54304 363
54411 363
54517 366
54624 313
54730 366
54837 360
54943 365
55050 369
55157 363
55263 363
55370 364
55476 367
55583 363
55689 365
55795 365
55902 365
56009 359
56115 366
56222 365
56328 367
56434 364
56541 366
56647 347
56754 364
56860 366
56968 364
57074 347
57180 363
57286 365
57393 365
57499 341
57606 366
57712 359
57818 362
57925 303
58032 363
58138 365
58245 330
58351 366
58457 362
58564 363
58670 366
58777 364
58883 363
58991 364
59097 352
59203 361
59309 363
59416 364
59522 375
59629 363
59735 364
59841 364
59948 370
60055 365
60161 362
60267 362
60373 364
60480 343
60586 365
60693 365
60799 366
60906 362
61013 367
61119 362
61225 368
61332 365
61438 366
61545 368
61651 361
61757 366
61864 361
61971 364
62077 364
62184 363
62290 368
62396 358
62503 365
62609 364
62716 363
62822 351
62929 364
63036 363
63142 364
63248 330
63355 363
63461 363
63568 364
63674 379
63780 359
63887 364
63994 363
64100 364
64207 364
64313 361
64419 364
64526 362
64632 363
64739 364
64845 353
64953 364
65059 363
65165 364
65271 362
65378 362
65484 365
65591 361
65697 375
65803 361
65910 366
66017 364
66123 405
66230 365
66336 363
66442 365
66549 336
66655 362
66762 362
66868 363
66976 363
67082 362
67188 367
67294 364
67401 359
67507 365
67614 361
67720 366
67826 363
67933 361
68040 362
68146 382
68253 364
68359 361
68465 364
68572 358
68678 363
68785 366
68891 365
68999 362
69105 362
69211 365
69317 365
69424 418
69530 362
69637 365
69743 365
69849 355
69957 365
70063 363
70169 365
70276 363
70382 366
70488 364
70595 353
70701 365
70808 360
70914 369
71022 371
71128 363
71234 367
71340 362
71447 367
71553 363
71660 366
71766 361
71872 372
71980 365
72086 362
72192 369
72299 309
72405 368
72511 365
72618 365
72724 370
72831 363
72937 367
73045 382
73151 363
73257 367
73363 365
73470 385
73576 366
73683 366
73789 362
73895 365
74003 367
74109 363
74215 366
74322 379
74428 365
74534 366
74641 361
74747 345
74854 364
74961 363
75067 366
75173 399
75280 366
75386 364
75493 365
75599 377
75706 368
75812 366
75918 364
76026 364
76132 352
76238 361
76345 360
76451 366
76557 363
76664 366
76770 360
76877 364
76984 363
77090 364
77196 365
77303 356
77409 363
77516 362
77622 343
77729 365
77835 364
77941 366
78049 397
78155 363
78261 365
78368 365
78474 332
78580 364
78687 366
78793 364
78900 365
79007 366
79113 363
79219 365
79326 362
79432 363
79539 364
79645 373
79752 364
79858 360
79965 361
80072 380
80178 360
80284 367
80391 360
80497 392
80603 353
80710 363
80816 363
80923 298
81030 364
81136 365
81242 367
81349 409
81455 362
81562 365
81668 362
81775 363
81881 363
81988 359
82095 360
82201 361
82307 364
82414 366
82520 362
82626 365
82733 366
82839 365
82946 263
83053 363
83159 365
83266 364
83372 378
83479 364
83585 367
83692 366
83798 356
83904 364
84012 363
84118 361
84224 364
84331 362
84437 366
84543 361
84650 362
84756 363
84863 363
84970 362
85076 362
85182 362
85289 361
85395 365
85502 365
85608 364
85715 363
85821 378
85927 363
86035 363
86141 361
86247 402
86354 362
86460 364
86566 366
86673 375
86779 363
86886 362
86993 362
87099 364
87205 361
87312 363
87418 362
87525 363
87631 363
87738 363
87844 380
87951 364
88058 365
88164 365
88270 340
88377 365
88483 363
88589 365
88696 368
88802 363
88909 366
89016 364
89122 397
89228 362
89335 364
89441 366
89548 350
89654 365
89761 363
89867 365
89974 366
90081 364
90187 366
90293 363
90400 367
90506 361
90612 364
90719 359
90825 361
90932 366
91039 363
91145 338
91251 367
91358 364
91464 365
91571 351
91677 362
91784 363
91890 360
91997 338
92104 365
92210 362
92316 366
92423 356
92529 362
92635 365
92742 357
92848 383
92956 365
93062 366
93168 364
93274 364
93381 366
93487 364
93594 366
93700 357
93807 366
93913 366
94020 347
94127 358
94233 364
94339 364
94446 366
94552 365
94658 368
94765 362
94871 522
94979 367
95085 365
95191 366
95297 374
95404 366
95510 364
95617 364
95723 347
95830 366
95936 374
96043 372
96150 360
96256 367
96362 366
96469 356
96575 365
96681 367
96788 364
96894 355
97002 367
97108 361
97214 365
97320 379
97427 364
97533 367
97640 362
97746 233
97853 365
97960 366
98066 365
98172 373
98279 367
98385 366
98492 364
98598 386
98704 365
98811 366
98917 364
99025 364
99131 366
99237 363
99343 383
99450 361
99556 364
99663 362
99769 369
99876 366
99983 363
100089 366
100195 363
100302 361
100408 362
100515 363
100621 335
100727 363
100834 361
100940 362
101048 294
101154 364
101260 364
101366 363
101473 325
101579 365
101686 364
101792 363
101899 365
102006 365
102112 363
102218 364
102325 364
102431 362
102538 361
102644 367
102750 365
102857 359
102964 361
103070 376
103177 363
103283 367
103389 363
103496 427
103602 363
103709 362
103815 362
103922 413
104029 364
104135 361
104241 381
104348 446
104454 362
104561 363
104667 362
104773 361
104880 361
104987 362
105093 345
105200 361
105306 364
105412 363
105519 349
105625 365
105732 362
105838 363
105945 371
106051 362
106158 365
106264 357
106370 368
106477 363
106583 360
106690 363
106796 304
106903 365
107010 361
107116 363
107222 363
107329 364
107435 365
107542 363
107648 363
107754 362
107861 362
107968 371
108075 364
108181 364
108287 363
108393 367
108500 362
108606 363
108713 364
108819 368
108926 364
109033 363
109139 364
109245 363
109352 362
109458 363
109565 362
109671 441
109777 363
109884 364
109991 365
110098 395
110204 362
110310 365
110416 364
110523 359
110629 364
110736 366
110842 363
110950 363
111056 361
111162 363
111268 362
111375 365
111481 363
111588 361
111694 377
111801 364
111907 366
112014 363
112121 496
112227 363
112333 364
112440 363
112546 409
112652 365
112759 365
112865 366
112973 360
113079 363
113185 366
113291 365
113398 365
113504 364
113611 366
113717 365
113824 366
113930 362
114037 365
114144 358
114250 364
114356 364
114463 367
114569 358
114675 367
114782 364
114888 366
114996 378
115102 365
115208 366
115314 363
115421 299
115527 362
115634 362
115740 365
115847 353
115954 366
116060 365
116166 364
116273 364
116379 365
116486 368
116592 364
116698 363
116805 367
116911 364
117019 360
117125 364
117231 365
117337 365
117444 361
117550 365
117657 364
117763 365
117870 360
117977 364
118083 365
118189 366
118296 447
118402 365
118509 362
118615 365
118721 350
118828 365
118934 366
119042 361
119148 368
119254 363
119360 360
119467 361
119573 363
119680 365
119786 365
119893 357
120000 363
120106 364
120212 366
120319 374
120425 365
120532 362
120638 364
120744 361
120851 359
120958 366
121064 362
121171 330
121277 363
121383 362
121490 365
121596 384
121703 366
121809 360
121916 358
122023 367
122129 363
122235 363
122342 362
122448 360
122555 360
122661 362
122767 361
122874 363
122981 364
123087 363
123194 364
123300 363
123406 363
123513 366
123619 381
123726 361
123832 364
123939 368
124046 421
124152 362
124258 364
124365 364
124471 362
124578 362
124684 361
124790 362
124897 389
125004 363
125110 364
125217 364
125323 364
125429 365
125536 363
125642 371
125749 361
125855 363
125963 365
126069 348
126175 364
126281 360
126388 363
126494 357
126601 365
126707 365
126813 362
126920 341
127027 362
127133 363
127240 354
127346 394
127452 364
127559 361
127665 364
127772 325
127878 364
127986 364
128092 363
128198 364
128304 364
128411 363
128517 377
128624 365
128730 367
128836 363
128943 370
129050 364
129156 364
129263 363
129369 385
129475 366
129582 366
129688 365
129794 357
129901 361
130008 360
130114 364
130221 359
130327 368
130433 363
130540 363
130646 416
130753 362
130859 368
130967 363
131073 363
131179 363
131285 362
131392 366
131498 364
131605 365
131711 364
131817 380
131924 364
132031 364
132137 365
132244 360
132350 365
132456 362
132563 365
132669 363
132776 363
132882 366
132990 367
133096 365
133202 363
133308 364
133415 367
133521 290
133628 366
133734 365
133840 364
133947 367
134054 365
134161 364
134267 357
134374 361
134480 367
134586 365
134693 360
134799 366
134906 362
135013 364
135119 512
135225 367
135332 364
135438 363
135545 350
135651 363
135758 366
135864 367
135972 424
136078 364
136184 362
136290 365
136397 355
136503 365
136609 366
136716 367
136822 365
136929 364
137036 364
137142 372
137248 363
137355 364
137461 363
137568 371
137674 364
137781 365
137887 366
137995 305
138101 363
138207 363
138313 364
138420 376
138526 365
138632 365
138739 365
138845 412
138953 365
139059 363
139165 365
139271 369
139378 365
139484 363
139591 363
139697 358
139804 360
139910 365
140018 362
140124 361
140230 367
140336 361
140443 361
140549 363
140655 362
140762 367
140868 383
140976 364
141082 362
141188 361
141294 380
141401 362
141507 345
141614 364
141720 315
141827 364
141933 363
142041 367
142147 366
142253 364
142359 363
142466 364
142572 364
142678 363
142785 364
142891 358
142999 361
143105 363
143211 361
143317 354
143424 365
143530 363
143637 365
143743 348
143850 363
143957 362
144063 362
144169 329
144276 366
144382 364
144489 365
144595 421
144701 359
144808 360
144914 365
145022 360
145128 363
145234 369
145340 360
145447 363
145553 361
145660 361
145766 357
145873 362
145980 363
146086 362
146192 364
146299 366
146405 362
146512 364
146618 377
146724 365
146831 366
146937 362
147045 414
147151 362
147257 365
147363 363
147470 376
147576 366
147683 362
147789 366
147896 357
148003 363
148109 364
148215 363
148322 363
148428 362
148535 368
148641 365
148747 361
148854 364
148961 364
149068 377
149174 366
149280 364
149386 364
149493 340
149599 364
149706 364
149812 364
149919 376
150026 363
150132 366
150238 361
150345 299
150451 366
150558 361
150664 365
150770 377
150877 364
150984 361
151091 364
151197 357
151303 364
151409 368
151516 365
151622 365
151729 365
151835 365
151942 359
152049 365
152155 366
152261 365
152368 383
152474 367
152581 368
152687 368
152793 356
152900 365
153007 366
153114 362
153220 364
153326 366
153432 367
153539 369
153645 350
153752 364
153858 363
153966 366
154072 364
154178 365
154284 366
154391 366
154497 366
154604 366
154710 366
154816 378
154923 364
155030 421
155137 367
155243 365
155349 364
155455 366
155562 366
155668 369
155775 369
155881 366
155989 363
156095 312
156201 369
156307 363
156414 367
156520 365
156627 367
156733 386
156839 363
156946 363
157053 361
157160 365
157266 355
157373 365
157479 364
157586 365
157692 361
157798 361
157905 363
158012 365
158118 502
158225 364
158331 365
158437 366
158544 354
158650 363
158757 363
158863 363
158971 355
159077 367
159183 365
159289 362
159396 354
159502 365
159609 364
159715 363
159821 363
159928 365
160035 365
160141 351
160248 363
160354 365
160460 360
160567 383
160673 366
160780 363
160886 366
160994 359
161100 362
161206 364
161312 365
161419 384
161525 363
161632 364
161738 363
161844 346
161952 362
162058 365
162164 364
162271 374
162377 364
162483 366
162590 364
162696 363
162803 365
162909 365
163017 377
163123 363
163229 364
163335 362
163442 350
163548 366
163655 363
163761 364
163867 375
163975 362
164081 363
164187 360
164294 364
164400 363
164506 362
164613 364
164719 357
164826 362
164932 361
165040 363
165146 367
165252 363
165358 367
165465 355
165571 370
165678 362
165784 361
165890 359
165998 360
166104 365
166210 362
166317 372
166423 364
166529 364
166636 366
166742 343
166849 362
166956 363
167062 364
167168 349
167275 359
167381 365
167488 362
167594 381
167701 363
167807 362
167913 363
168021 363
168127 365
168233 364
168340 365
168446 365
168552 411
168659 366
168765 368
168872 362
168979 364
169085 365
169191 364
169298 366
169404 365
169511 363
169617 380
169724 363
169830 359
169936 364
170044 337
170150 367
170256 380
170363 365
170469 381
170575 367
170682 364
170788 363
170895 433
171002 365
171108 367
171214 366
171321 366
171427 365
171534 366
171640 353
171747 363
171853 363
171960 365
172067 359
172173 365
172279 365
172386 367
172492 355
172598 368
172705 366
172811 367
172918 403
173025 363
173131 368
173237 351
173344 355
173450 364
173557 365
173663 366
173770 308
173876 366
173983 367
174090 366
174196 365
174302 359
174409 366
174515 388
174621 365
174728 365
174834 367
174941 366
175048 364
175154 367
175260 362
175367 369
175473 365
175580 366
175686 366
175793 363
175899 368
176006 363
176113 363
176219 364
176325 368
176432 366
176538 365
176644 336
176751 365
176857 367
176965 364
177071 363
177177 365
177283 365
177390 351
177496 365
177603 362
177709 364
177816 361
177922 361
178029 365
178136 362
178242 354
178348 365
178455 365
178561 365
178667 368
178774 364
178880 367
178988 364
179094 372
179200 362
179306 366
179413 364
179519 355
179626 368
179732 363
179839 364
179945 368
180051 362
180157 365
180264 364
180370 375
180476 364
180583 364
180689 364
180795 358
180902 365
181009 363
181115 363
181222 367
181328 362
181434 367
181541 372
181647 364
181754 363
181860 364
181968 245
182074 363
182180 369
182286 364
182393 343
182499 364
182606 360
182712 365
182818 308
182925 366
183032 362
183138 366
183245 367
183351 362
183457 365
183564 364
183670 363
183777 364
183883 363
183991 370
184097 365
184203 363
184309 367
184416 357
184522 363
184629 364
184735 363
184841 373
184948 364
185055 362
185161 362
185267 393
185373 361
185480 363
185586 364
185693 374
185799 371
185906 364
186013 361
186119 424
186225 365
186332 365
186438 365
186545 367
186651 365
186757 362
186864 365
186971 362
187077 364
187184 365
187290 371
187396 367
187503 364
187609 364
187716 366
187822 363
187929 367
188036 363
188142 350
188248 423
188355 363
188461 362
188568 364
188674 374
188780 365
188887 363
188994 363
189100 363
189207 362
189313 364
189419 354
189526 366
189632 361
189739 365
189845 362
189953 363
190059 368
190165 348
190271 366
190378 362
190484 367
190591 361
190697 360
190803 364
190910 362
191017 397
191123 366
191230 366
191336 368
191442 368
191549 364
191655 365
191762 364
191868 348
191976 361
192082 366
192188 364
192294 370
192401 363
192507 361
192614 365
192720 364
192826 369
192933 367
193040 342
193146 368
193253 372
193359 367
193465 376
193572 365
193678 366
193785 363
193891 353
193999 366
194105 365
194211 365
194317 379
194424 363
194530 365
194637 362
194743 382
194849 366
194957 362
195063 365
195169 369
195276 367
195382 363
195488 365
195595 365
195701 372
195808 368
195914 371
196022 367
196128 365
196234 374
196340 357
196447 363
196553 367
196660 366
196766 375
196872 361
196980 365
197086 364
197192 364
197299 364
197405 366
197511 367
197618 336
197724 362
197831 366
197937 360
198045 366
198151 367
198257 366
198363 366
198470 361
198576 368
198683 366
198789 341
198895 364
199003 362
199109 364
199215 364
199322 365
199428 363
199534 363
199641 359
199747 361
199854 370
199961 366
200067 336
200173 363
200280 365
200386 364
200493 423
200599 362
200706 365
200812 363
200918 407
201026 364
201132 361
201238 338
201345 363
201451 364
201557 360
201664 373
201770 362
201877 363
201984 368
202090 364
202196 366
202303 365
202409 362
202516 354
202622 361
202729 362
202835 363
202941 506
203049 363
203155 362
203261 365
203368 291
203474 362
203580 363
203687 360
203793 331
203900 359
204007 361
204113 365
204219 362
204326 365
204432 362
204539 371
204645 365
204752 363
204858 363
204965 357
205072 362
205178 364
205284 363
205391 379
205497 363
205603 365
205710 365
205816 366
205923 363
206030 363
206136 360
206242 309
206349 364
206455 364
206562 363
206668 366
206775 364
206881 362
206988 362
207095 363
207201 368
207307 365
207414 372
207520 364
207626 362
207733 362
207839 361
207946 364
208053 365
208159 364
208266 352
208372 366
208479 365
208585 363
208692 327
208798 367
208904 365
209012 365
209118 358
209224 362
209331 364
209437 365
209543 358
209650 363
209756 365
209863 366
209970 362
210076 367
210182 365
210289 357
210395 366
210502 364
210608 365
210715 374
210821 366
210927 365
211035 363
211141 371
211247 364
211354 365
211460 364
211566 381
211673 365
211779 363
211886 364
211993 424
212099 365
212205 365
212312 366
212418 360
212525 364
212631 364
212738 364
212844 366
212951 368
213058 365
213164 370
213270 366
213377 367
213483 364
213589 343
213696 364
213802 367
213909 365
214016 382
214122 362
214228 366
214335 367
214441 361
214548 364
214654 361
214761 365
214867 342
214974 367
215081 365
215187 363
215293 374
215400 364
215506 365
215612 367
215719 362
215825 365
215932 364
216039 356
216145 363
216251 362
216358 365
216464 382
216571 363
216677 365
216784 362
216890 390
216997 364
217104 362
217210 363
217316 382
217423 364
217529 361
217635 365
217742 378
217848 363
217956 363
218062 364
218168 369
218274 363
218381 363
218487 367
218594 360
218700 366
218807 364
218913 366
219020 365
219127 362
219233 366
219339 354
219446 366
219552 363
219658 365
219765 358
219871 365
219979 367
220085 365
220191 363
220297 367
220404 365
220510 365
220617 306
220723 366
220830 364
220936 367
221043 368
221150 362
221256 364
221362 365
221469 365
221575 363
221681 365
221788 364
221894 366
222002 364
222108 363
222214 365
222320 364
222427 364
222533 361
222640 360
222746 362
222853 364
222960 361
223066 348
223172 364
223279 360
223385 363
223492 414
223598 364
223704 367
223811 364
223917 306
224025 363
224131 364
224237 318
224343 366
224450 367
224556 362
224663 365
224769 361
224876 363
224983 363
225089 362
225195 367
225302 364
225408 362
225515 360
225621 360
225727 364
225834 363
225940 362
226048 363
226154 363
226260 364
226366 369
226473 362
226579 364
226686 362
226792 431
226899 360
227006 363
227112 364
227218 364
227325 365
227431 363
227538 364
227644 365
227750 364
227857 366
227964 377
228070 364
228177 362
228283 363
228389 376
228496 364
228602 365
228709 362
228815 374
228922 365
229029 362
229135 364
229241 347
229348 365
229454 362
229561 361
229667 299
229773 363
229880 365
229987 361
230093 362
230200 365
230306 365
230412 365
230519 361
230625 366
230732 362
230838 372
230945 365
231051 361
231158 365
231264 358
231370 362
231477 364
231583 365
231690 361
231796 364
231903 363
232010 365
232116 313
232222 365
232329 364
232435 366
232542 426
232648 362
232754 363
232861 363
232968 365
233075 364
233181 365
233287 362
233393 362
233500 366
233606 364
233713 382
233819 367
233926 366
234033 364
234139 359
234245 366
234352 366
234458 364
234565 385
234671 365
234777 364
234884 362
234991 426
235098 366
235204 365
235310 360
235416 316
235523 364
235629 366
235736 364
235842 380
235950 367
236056 362
236162 445
236268 366
236375 365
236481 365
236588 354
236694 367
236801 367
236907 362
237014 353
237121 365
237227 367
237333 364
237440 369
237546 365
237652 365
237759 367
237865 411
237973 363
238079 363
238185 364
238291 371
238398 364
238504 365
238611 363
238717 358
238824 367
238930 362
239037 365
239144 363
239250 366
239356 363
239463 363
239569 364
239675 363
239782 365
239888 353
239996 364
240102 362
240208 362
240314 370
240421 365
240527 363
240634 361
240740 379
240847 365
240954 361
241060 365
241166 357
241273 363
241379 362
241486 365
241592 380
241698 360
241805 362
241911 363
242019 362
242125 366
242231 361
242337 356
242444 363
242550 360
242657 361
242763 360
242870 362
242977 361
243083 363
243189 365
243296 363
243402 362
243509 365
243615 362
243721 369
243828 362
243934 362
244042 356
244148 359
244254 367
244360 360
244467 351
244573 365
244680 366
244786 363
244893 359
245000 363
245106 363
245212 363
245319 366
245425 360
245532 365
245638 371
245744 364
245851 363
245958 363
246064 377
246171 364
246277 363
246383 362
246490 346
246596 364
246703 364
246809 366
246916 306
247023 364
247129 363
247235 357
247342 381
247448 363
247555 364
247661 365
247767 367
247874 363
247981 363
248087 361
248194 363
248300 363
248406 365
248513 349
248619 360
248726 361
248832 361
248939 352
249046 361
249152 364
249258 366
249365 352
249471 366
249578 363
249684 365
249790 439
249897 362
250004 367
250110 365
250217 366
250323 361
250429 364
250536 364
250642 365
250749 363
250855 363
250963 361
251069 363
251175 365
251281 364
251388 375
251494 373
251601 364
251707 362
251813 376
251920 363
252027 363
252133 363
252240 362
252346 367
252452 366
252559 365
252665 376
252772 367
252878 357
252986 366
253092 372
253198 364
253304 364
253411 367
253517 364
253624 365
253730 365
253836 365
253943 371
254050 361
254156 366
254263 357
254369 364
254475 365
254582 367
254688 361
254794 363
254901 365
255008 366
255114 409
255221 375
255327 362
255433 371
255540 314
255646 363
255753 365
255859 364
255967 367
256073 362
256179 361
256285 364
256392 365
256498 360
256605 364
256711 366
256817 364
256924 365
257031 365
257137 367
257244 364
257350 365
257456 364
257563 365
257669 363
257776 365
257882 364
257990 342
258096 364
258202 364
258308 365
258415 331
258521 365
258628 366
258734 366
258840 359
258947 362
259054 366
259161 362
259267 362
259374 368
259480 363
259586 386
259693 362
259799 365
259906 364
260013 357
260119 363
260225 364
260332 364
260438 356
260545 363
260651 363
260758 362
260864 340
260972 364
261078 364
261184 360
261290 289
261397 361
261503 364
261609 364
261716 330
261822 365
261929 363
262036 387
262142 363
262248 364
262355 365
262461 361
262568 366
262674 361
262781 362
262887 367
262995 361
263101 363
263207 364
263313 367
263420 360
263526 364
263632 362
263739 418
263845 365
263953 363
264059 364
264165 447
264271 363
264378 365
264484 353
264591 374
264697 363
264804 363
264910 359
265018 366
265124 365
265230 363
265336 353
265443 359
265549 363
265655 363
265762 348
265868 364
265976 367
266082 363
266188 363
266294 367
266401 362
266507 362
266614 316
266720 362
266827 364
266933 358
267041 358
267147 362
267253 364
267359 365
267466 362
267572 363
267678 363
267785 365
267891 366
267999 366
268105 363
268211 363
268317 363
268424 365
268530 363
268637 374
268743 363
268850 362
268957 364
269063 375
269169 362
269276 367
269382 363
269489 373
269595 365
269701 363
269808 365
269914 430
270022 366
270128 365
270234 353
270340 322
270447 366
270553 366
270660 360
270766 367
270873 364
270980 361
271086 370
271192 365
271299 365
271405 365
271512 355
271618 367
271724 365
271831 366
271937 379
272045 366
272151 368
272257 366
272363 403
272470 369
272576 365
272683 367
272789 317
272896 365
273003 364
273109 366
273215 366
273322 365
273428 367
273535 366
273641 361
273747 366
273854 365
273961 359
274068 366
274174 365
274280 365
274386 374
274493 368
274599 366
274706 366
274812 359
274919 364
275026 365
275132 366
275238 387
275345 365
275451 365
275558 366
275664 387
275770 364
275877 364
275984 367
276091 384
276197 364
276303 367
276409 359
276516 365
276622 364
276729 365
276835 367
276942 360
277049 364
277155 363
277261 359
277368 363
277474 365
277581 365
277687 366
277793 363
277900 365
278007 366
278114 342
278220 362
278326 366
278432 366
278539 380
278645 366
278752 363
278858 367
278966 364
279072 364
279178 365
279284 363
279391 367
279497 366
279604 364
279710 365
279816 364
279923 363
280030 364
280137 378
280243 365
280349 363
280455 366
280562 353
280668 363
280775 368
280881 363
280989 358
281095 364
281201 363
281307 366
281414 307
281520 367
281627 363
281733 362
281839 351
281946 366
282053 363
282160 364
282266 362
282373 368
282479 367
282586 378
282692 362
282798 364
282905 364
283012 352
283118 366
283225 359
283331 364
283437 364
283544 365
283650 366
283757 363
283863 479
283971 363
284077 361
284183 366
284289 351
284396 363
284502 363
284609 365
284715 406
284821 362
284928 365
285035 374
285141 366
285248 364
285354 365
285460 365
285567 360
285673 364
285780 363
285886 361
285994 363
286100 360
286206 364
286312 365
286419 364
286525 363
286632 363
286738 351
286844 361
286952 365
287058 366
287164 348
287271 363
287377 362
287483 366
287590 374
287696 364
287803 365
287909 364
288017 363
288123 364
288229 362
288335 354
288442 363
288548 365
288655 365
288761 359
288867 366
288975 363
289081 364
289187 365
289294 364
289400 367
289506 366
289613 429
289719 364
289826 366
289932 367
290040 375
290146 367
290252 364
290358 366
290465 345
290571 366
290678 368
290784 370
290890 370
290998 368
291104 364
291210 369
291317 364
291423 367
291529 363
291636 379
291742 366
291849 363
291956 367
292062 365
292168 368
292275 366
292381 365
292488 303
292594 366
292701 371
292807 366
292913 305
293021 366
293127 362
293233 375
293340 396
293446 366
293552 366
293659 367
293765 367
293872 364
293979 362
294085 383
294191 364
294298 365
294404 363
294511 355
294617 365
294724 365
294830 364
294936 374
295044 362
295150 366
295256 365
295363 363
295469 365
295575 366
295682 365
295788 408
295895 367
296002 361
296108 365
296214 364
296321 364
296427 367
296534 367
296640 362
296747 364
296853 363
296960 364
297067 363
297173 360
297279 365
297386 375
297492 363
297598 364
297705 365
297811 350
297918 365
298025 363
298131 363
298237 357
298344 364
298450 368
298557 364
298663 380
298770 367
298876 365
298983 364
299090 369
299196 365
299302 365
299409 362
299515 365
299621 363
299728 364
299834 365
299941 367
300048 365
300154 364
300260 354
300367 364
300473 364
300580 365
300686 379
300793 366
300899 363
301006 362
301113 332
301219 363
301325 365
301432 362
301538 364
301644 365
301751 360
301857 365
301965 363
302071 366
302177 366
302283 363
302390 371
302496 362
302603 362
302709 363
302816 364
302922 364
303029 361
303136 383
303242 362
303348 364
303455 364
303561 360
303667 364
303774 364
303880 366
303988 379
304094 363
304200 364
304306 360
304413 366
304519 362
304626 363
304732 364
304839 362
304945 365
305051 363
305157 362
305264 345
305370 364
305476 363
305583 360
305689 263
305795 364
305902 362
306009 361
306115 363
306222 364
306328 360
306434 347
306541 364
306647 363
306754 364
306860 351
306968 363
307074 363
307180 362
307286 373
307393 365
307499 364
307606 363
307712 422
307818 367
307925 363
308032 364
308138 383
308245 363
308351 366
308457 364
308564 465
308670 362
308777 363
308883 365
308991 362
309097 363
309203 363
309309 373
309416 363
309522 364
309629 364
309735 378
309841 365
309948 366
310055 364
310161 352
310267 363
310373 361
310480 364
310586 376
310693 363
310799 363
310906 365
311013 373
311119 361
311225 365
311332 363
311438 364
311545 363
311651 363
311757 366
311864 390
311971 365
312077 363
312184 364
312290 365
312396 365
312503 364
312609 367
312716 364
312822 364
312929 364
313036 366
313142 368
313248 363
313355 368
313461 359
313568 366
313674 364
313780 365
313887 297
313994 361
314100 365
314207 363
314313 374
314419 365
314526 363
314632 366
314739 348
314845 366
314953 364
315059 365
315165 369
315271 357
315378 366
315484 359
315591 365
315697 364
315803 363
315910 358
316017 365
316123 367
316230 368
316336 364
316442 411
316549 364
316655 364
316762 363
316868 365
316976 361
317082 365
317188 365
317294 363
317401 433
317507 366
317614 389
317720 362
317826 365
317933 367
318040 366
318146 362
318253 365
318359 367
318465 365
318572 365
318678 363
318785 376
318891 363
318999 366
319105 389
319211 366
319317 363
319424 364
319530 362
319637 479
319743 362
319849 365
319957 364
320063 370
320169 364
320276 365
320382 365
320488 353
320595 363
320701 363
320808 363
320914 362
321022 364
321128 364
321234 381
321340 363
321447 363
321553 363
321660 350
321766 364
321872 365
321980 366
322086 352
322192 365
322299 366
322405 361
322511 265
322618 363
322724 366
322831 362
322937 423
323045 361
323151 363
323257 365
323363 397
323470 364
323576 365
323683 366
323789 367
323895 363
324003 361
324109 340
324215 363
324322 362
324428 363
324534 382
324641 363
324747 365
324854 363
324961 431
325067 366
325173 364
325280 362
325386 345
325493 362
325599 365
325706 362
325812 322
325918 362
326026 362
326132 365
326238 357
326345 365
326451 362
326557 366
326664 364
326770 363
326877 367
326984 364
327090 365
327196 363
327303 364
327409 358
327516 361
327622 364
327729 363
327835 363
327941 362
328049 362
328155 365
328261 413
328368 366
328474 366
328580 363
328687 394
328793 363
328900 363
329007 363
329113 367
329219 365
329326 364
329432 364
329539 362
329645 364
329752 365
329858 365
329965 364
330072 365
330178 364
330284 361
330391 365
330497 365
330603 364
330710 363
330816 366
330923 362
331030 361
331136 359
331242 363
331349 367
331455 363
331562 376
331668 362
331775 365
331881 366
331988 364
332095 365
332201 358
332307 367
332414 368
332520 364
332626 368
332733 360
332839 365
332946 366
333053 367
333159 364
333266 362
333372 373
333479 365
333585 372
333692 364
333798 366
333904 368
334012 343
334118 366
334224 366
334331 361
334437 334
334543 364
334650 365
334756 362
334863 462
334970 365
335076 363
335182 366
335289 367
335395 365
335502 364
335608 350
335715 371
335821 363
335927 371
336035 360
336141 363
336247 366
336354 364
336460 369
336566 364
336673 364
336779 368
336886 289
336993 359
337099 366
337205 375
337312 372
337418 362
337525 367
337631 365
337738 274
337844 361
337951 359
338058 361
338164 364
338270 364
338377 363
338483 369
338589 366
338696 364
338802 367
338909 375
339016 366
339122 365
339228 363
339335 354
339441 362
339548 363
339654 364
339761 420
339867 363
339974 371
340081 361
340187 363
340293 364
340400 365
340506 365
340612 452
340719 368
340825 361
340932 364
341039 359
341145 360
341251 364
341358 366
341464 365
341571 363
341677 365
341784 353
341890 362
341997 365
342104 362
342210 366
342316 363
342423 364
342529 362
342635 384
342742 366
342848 363
342956 363
343062 373
343168 363
343274 356
343381 361
343487 347
343594 361
343700 362
343807 366
343913 367
344020 365
344127 363
344233 356
344339 366
344446 362
344552 365
344658 373
344765 364
344871 364
344979 360
345085 385
345191 363
345297 364
345404 366
345510 229
345617 363
345723 351
345830 367
345936 325
346043 361
346150 364
346256 364
346362 296
346469 366
346575 362
346681 369
346788 366
346894 364
347002 362
347108 378
347214 365
347320 364
347427 365
347533 353
347640 365
347746 367
347853 363
347960 349
348066 365
348172 366
348279 365
348385 462
348492 363
348598 363
348704 362
348811 378
348917 362
349025 362
349131 362
349237 350
349343 364
349450 361
349556 368
349663 361
349769 364
349876 364
349983 380
350089 365
350195 364
350302 366
350408 370
350515 365
350621 367
350727 365
350834 369
350940 362
351048 364
351154 364
351260 374
351366 367
351473 374
351579 358
351686 311
351792 364
351899 366
352006 364
352112 302
352218 366
352325 366
352431 365
352538 362
352644 362
352750 366
352857 368
352964 365
353070 362
353177 368
353283 364
353389 368
353496 366
353602 365
353709 364
353815 366
353922 363
354029 367
354135 465
354241 367
354348 362
354454 366
354561 424
354667 367
354773 365
354880 364
354987 364
355093 364
355200 366
355306 366
355412 370
355519 364
355625 362
355732 365
355838 364
355945 366
356051 363
356158 357
356264 365
356370 365
356477 365
356583 358
356690 362
356796 365
356903 363
357010 350
357116 367
357222 366
357329 363
357435 360
357542 363
357648 363
357754 365
357861 383
357968 363
358075 363
358181 366
358287 366
358393 362
358500 365
358606 362
358713 364
358819 363
358926 368
359033 356
359139 365
359245 357
359352 362
359458 363
359565 362
359671 364
359777 362
359884 361
359991 367
360098 359
360204 363
360310 349
360416 363
360523 365
360629 361
360736 330
360842 358
360950 363
361056 364
361162 364
361268 366
361375 363
361481 366
361588 361
361694 363
361801 365
361907 344
362014 366
362121 362
362227 364
362333 370
362440 363
362546 363
362652 365
362759 371
362865 364
362973 360
363079 364
363185 359
363291 363
363398 363
363504 365
363611 361
363717 362
363824 366
363930 364
364037 360
364144 362
364250 362
364356 363
364463 362
364569 364
364675 365
364782 370
364888 365
364996 364
365102 363
365208 364
365314 364
365421 363
365527 362
365634 353
365740 363
365847 363
365954 363
366060 389
366166 363
366273 361
366379 362
366486 351
366592 364
366698 363
366805 365
366911 322
367019 364
367125 364
367231 375
367337 364
367444 363
367550 360
367657 373
367763 367
367870 361
367977 364
368083 352
368189 359
368296 364
368402 363
368509 368
368615 362
368721 361
368828 366
368934 442
369042 364
369148 364
369254 364
369360 356
369467 363
369573 366
369680 362
369786 287
369893 364
370000 363
370106 367
370212 361
370319 368
370425 365
370532 340
370638 367
370744 365
370851 363
370958 355
371064 365
371171 363
371277 363
371383 371
371490 367
371596 364
371703 363
371809 172
371916 363
372023 365
372129 367
372235 420
372342 371
372448 366
372555 367
372661 426
372767 367
372874 367
372981 362
373087 364
373194 366
373300 365
373406 364
373513 362
373619 365
373726 365
373832 354
373939 364
374046 363
374152 363
374258 347
374365 365
374471 365
374578 368
374684 515
374790 367
374897 364
375004 364
375110 433
375217 364
375323 367
375429 365
375536 297
375642 370
375749 365
375855 366
375963 366
376069 366
376175 365
376281 382
376388 364
376494 361
376601 365
376707 370
376813 365
376920 366
377027 362
377133 347
377240 365
377346 366
377452 366
377559 369
377665 365
377772 365
377878 362
377986 287
378092 365
378198 214
378304 364
378411 441
378517 366
378624 363
378730 366
378836 359
378943 366
379050 363
379156 359
379263 364
379369 362
379475 363
379582 344
379688 368
379794 365
379901 361
380008 375
380114 363
380221 364
380327 363
380433 378
380540 363
380646 363
380753 364
380859 384
380967 362
381073 362
381179 359
381285 344
381392 363
381498 364
381605 365
381711 366
381817 366
381924 364
382031 356
382137 364
382244 360
382350 364
382456 380
382563 363
382669 364
382776 361
382882 358
382990 364
383096 363
383202 365
383308 349
383415 365
383521 363
383628 362
383734 325
383840 363
383947 364
384054 362
384161 342
384267 363
384374 362
384480 364
384586 364
384693 364
384799 363
384906 363
385013 366
385119 362
385225 365
385332 370
385438 362
385545 366
385651 363
385758 359
385864 364
385972 365
386078 361
386184 363
386290 365
386397 364
386503 364
386609 293
386716 362
386822 365
386929 362
387036 360
387142 367
387248 362
387355 366
387461 361
387568 362
387674 362
387781 362
387887 367
387995 364
388101 365
388207 365
388313 364
388420 364
388526 365
388632 379
388739 359
388845 364
388953 369
389059 383
389165 363
389271 364
389378 365
389484 411
389591 362
389697 365
389804 363
389910 385
390018 364
390124 359
390230 421
390336 363
390443 365
390549 363
390655 365
390762 366
390868 362
390976 361
391082 348
391188 365
391294 364
391401 359
391507 374
391614 365
391720 365
391827 362
391933 347
392041 366
392147 363
392253 365
392359 321
392466 364
392572 367
392678 363
392785 300
392891 366
392999 364
393105 365
393211 366
393317 365
393424 364
393530 363
393637 363
393743 362
393850 366
393957 355
394063 361
394169 368
394276 361
394382 347
394489 361
394595 366
394701 366
394808 387
394914 366
395022 362
395128 365
395234 335
395340 365
395447 365
395553 364
395660 428
395766 365
395873 368
395980 366
396086 364
396192 365
396299 366
396405 365
396512 365
396618 364
396724 366
396831 354
396937 365
397045 364
397151 364
397257 380
397363 364
397470 364
397576 361
397683 342
397789 366
397896 364
398003 364
398109 388
398215 365
398322 364
398428 362
398535 347
398641 364
398747 365
398854 365
398961 363
399068 364
399174 362
399280 364
399386 365
399493 362
399599 366
399706 369
399812 365
399919 364
400026 361
400132 374
400238 360
400345 364
400451 362
400558 377
400664 365
400770 362
400877 367
400984 420
401091 364
401197 363
401303 362
401409 371
401516 360
401622 367
401729 363
401835 367
401942 362
402049 361
402155 367
402261 362
402368 363
402474 363
402581 362
402687 364
402793 361
402900 365
403007 385
403114 362
403220 364
403326 362
403432 367
403539 362
403645 363
403752 365
403858 367
403966 364
404072 361
404178 362
404284 354
404391 360
404497 363
404604 363
404710 365
404816 364
404923 361
405030 363
405137 363
405243 363
405349 365
405455 377
405562 364
405668 364
405775 365
405881 370
405989 361
406095 368
406201 361
406307 349
406414 367
406520 360
406627 366
406733 351
406839 364
406946 365
407053 364
407160 362
407266 365
407373 366
407479 364
407586 362
407692 365
407798 365
407905 364
408012 364
408118 362
408225 365
408331 365
408437 365
408544 361
408650 365
408757 355
408863 365
408971 365
409077 364
409183 363
409289 365
409396 361
409502 366
409609 315
409715 365
409821 366
409928 361
410035 368
410141 362
410248 368
410354 364
410460 363
410567 364
410673 364
410780 364
410886 365
410994 361
411100 364
411206 364
411312 366
411419 362
411525 364
411632 363
411738 365
411844 365
411952 362
412058 366
412164 366
412271 366
412377 365
412483 392
412590 369
412696 367
412803 366
412909 349
413017 364
413123 366
413229 404
413335 362
413442 367
413548 366
413655 366
413761 365
413867 363
413975 365
414081 353
414187 366
414294 361
414400 365
414506 373
414613 364
414719 369
414826 366
414932 358
415040 362
415146 365
415252 365
415358 307
415465 367
415571 366
415678 367
415784 382
415890 364
415998 366
416104 366
416210 364
416317 367
416423 365
416529 366
416636 364
416742 366
416849 367
416956 354
417062 365
417168 356
417275 364
417381 352
417488 364
417594 365
417701 362
417807 382
417913 365
418021 364
418127 364
418233 377
418340 366
418446 365
418552 362
418659 321
418765 365
418872 367
418979 363
419085 362
419191 364
419298 363
419404 364
419511 363
419617 363
419724 367
419830 352
419936 366
420044 361
420150 362
420256 382
420363 363
420469 364
420575 362
420682 342
420788 364
420895 359
421002 364
421108 423
421214 364
421321 361
421427 365
421534 427
421640 362
421747 363
421853 364
421960 364
422067 363
422173 363
422279 365
422386 361
422492 363
422598 363
422705 380
422811 366
422918 365
423025 364
423131 359
423237 361
423344 365
423450 362
423557 382
423663 365
423770 363
423876 363
423983 374
424090 364
424196 363
424302 368
424409 308
424515 363
424621 364
424728 366
424834 370
424941 356
425048 362
425154 381
425260 363
425367 362
425473 364
425580 353
425686 367
425793 362
425899 360
426006 370
426113 361
426219 367
426325 362
426432 354
426538 363
426644 364
426751 366
426857 352
426965 364
427071 361
427177 363
427283 408
427390 362
427496 362
427603 360
427709 366
427816 364
427922 363
428029 369
428136 366
428242 368
428348 362
428455 368
428561 363
428667 362
428774 366
428880 366
428988 362
429094 361
429200 365
429306 369
429413 365
429519 366
429626 366
429732 356
429839 366
429945 364
430051 363
430157 342
430264 363
430370 365
430476 369
430583 402
430689 364
430795 364
430902 368
431009 363
431115 365
431222 369
431328 365
431434 367
431541 364
431647 368
431754 367
431860 366
431968 365
432074 362
432180 368
432286 363
432393 366
432499 369
432606 373
432712 368
432818 363
432925 367
433032 371
433138 363
433245 365
433351 365
433457 312
433564 362
433670 366
433777 364
433883 348
433991 363
434097 366
434203 367
434309 365
434416 364
434522 365
434629 360
434735 366
434841 365
434948 365
435055 368
435161 364
435267 365
435373 363
435480 362
435586 364
435693 364
435799 365
435906 374
436013 368
