2 2261
145 2265
251 2264
357 2268
464 2264
570 2268
676 2267
783 2269
889 2268
997 2265
1103 2268
1210 2267
1316 2265
1422 2269
1528 2264
1635 2267
1741 2266
1847 2268
1954 2267
2061 2265
2168 2261
2274 2266
2381 2263
2487 2265
2593 2263
2700 2268
2806 2264
2912 2268
3020 2259
3126 2265
3233 2270
3339 2268
3445 2257
3552 2269
3658 2264
3764 2272
3871 2255
3977 2270
4084 2263
4191 2268
4297 2268
4403 2267
4510 2266
4616 2269
4722 2266
4829 2270
4935 2268
5042 2249
5149 2266
5255 2263
5362 2263
5468 2261
5574 2267
5681 2267
5787 2265
5893 2249
6001 2265
6107 2267
6214 2263
6320 2270
6426 2264
6533 2267
6639 2267
6745 2338
6852 2264
6958 2267
7066 2265
7172 2265
7278 2266
7385 2268
7491 2255
7597 2266
7704 2263
7810 2263
7916 2278
8024 2262
8130 2261
8237 2264
8343 2247
8450 2265
8556 2261
8662 2265
8768 2284
8875 2265
8981 2261
9089 2261
9195 2268
9302 2263
9408 2260
9514 2263
9621 2251
9727 2265
9833 2262
9940 2267
10047 2262
10154 2261
10260 2262
10366 2250
10473 2224
10579 2263
10685 2260
10792 2261
10898 2258
11005 2261
11112 2263
11218 2281
11325 2261
11431 2261
11537 2264
11644 2140
11750 2262
11856 2259
11963 2260
12070 2258
12176 2258
12283 2263
12389 2258
12496 2260
12602 2261
12708 2260
12815 2262
12921 2261
13029 2262
13135 2261
13241 2257
13348 2262
13454 2260
13560 2264
13667 2244
13773 2261
13879 2260
13987 2261
14093 2244
14200 2261
14306 2262
14413 2262
14519 2265
14625 2263
14731 2260
14838 2264
14944 2278
15052 2261
15158 2264
15265 2263
15371 2263
15477 2262
15584 2261
15690 2264
15796 2262
15903 2269
16010 2261
16117 2262
16223 2264
16329 2265
16436 2266
16542 2264
16648 2260
16755 2264
16861 2261
16967 2244
17075 2264
17181 2264
17288 2259
17394 2330
17500 2263
17607 2263
17713 2266
17819 2215
17926 2268
18033 2267
18139 2265
18246 2268
18352 2262
18459 2268
18565 2264
18671 2266
18778 2267
18884 2266
18992 2283
19098 2267
19204 2264
19311 2268
19417 2248
19523 2269
19630 2264
19736 2265
19842 2267
19949 2264
20056 2268
20163 2265
20269 2243
20376 2263
20482 2261
20588 2261
20694 2270
20801 2270
20907 2262
21015 2265
21121 2266
21228 2268
21334 2267
21440 2266
21547 2265
21653 2264
21759 2266
21866 2274
21972 2265
22079 2270
22186 2268
22292 2272
22399 2268
22505 2267
22611 2266
22718 2277
22824 2267
22930 2271
23038 2266
23144 2243
23251 2264
23357 2269
23463 2268
23570 2268
23676 2269
23782 2268
23889 2266
23996 2112
24102 2266
24209 2270
24315 2271
24422 2272
24528 2263
24634 2266
24741 2263
24847 2263
24953 2267
25061 2267
25167 2266
25274 2265
25380 2264
25486 2267
25593 2273
25699 2268
25805 2264
25912 2263
26019 2341
26126 2263
26232 2265
26339 2266
26445 2280
26551 2268
26657 2265
26764 2267
26870 2269
26976 2266
27084 2266
27191 2277
27297 2265
27403 2264
27510 2263
27616 2274
27722 2262
27829 2264
27935 2261
28042 2255
28149 2264
28255 2264
28362 2262
28468 2287
28574 2263
28681 2265
28787 2260
28893 2269
29001 2263
29107 2265
29214 2261
29320 2263
29426 2261
29533 2260
29639 2261
29745 2263
29852 2264
29958 2264
30065 2257
30172 2265
30278 2263
30385 2264
30491 2276
30597 2262
30704 2257
30810 2261
30916 2281
31024 2262
31130 2260
31237 2263
31343 2264
31449 2264
31556 2262
31662 2264
31768 2217
31875 2263
31981 2261
32089 2263
32195 2261
32302 2261
32408 2261
32514 2259
32621 2262
32727 2264
32833 2264
32940 2261
33047 2261
33154 2262
33260 2264
33367 2265
33473 2262
33579 2253
33686 2261
33792 2260
33898 2262
34006 2262
34112 2262
34219 2258
34325 2263
34431 2261
34538 2265
34644 2224
34750 2263
34857 2262
34963 2261
35070 2265
35177 2263
35283 2262
35390 2258
35496 2260
35602 2266
35709 2263
35815 2270
35921 2263
36029 2263
36135 2263
36242 2268
36348 2263
36454 2265
36561 2262
36667 2269
36773 2261
36880 2264
36987 2260
37094 2287
37200 2262
37306 2262
37413 2264
37519 2275
37625 2263
37732 2266
37838 2262
37944 2262
38052 2264
38159 2268
38265 2275
38371 2264
38477 2262
38584 2261
38690 2272
38796 2265
38903 2263
39010 2270
39117 2262
39223 2263
39330 2262
39436 2270
39542 2265
39649 2262
39755 2263
39861 2264
39967 2249
40075 2265
40181 2264
40288 2269
40394 2169
40501 2271
40607 2263
40713 2268
40820 2263
40926 2267
41033 2268
41140 2277
41246 2266
41353 2265
41459 2264
41565 2268
41672 2267
41778 2269
41884 2267
41992 2275
42098 2268
42205 2266
42311 2269
42417 2260
42524 2268
42630 2268
42736 2262
42843 2256
42949 2264
43057 2267
43163 2267
43269 2271
43376 2266
43482 2265
43588 2253
43695 2264
43801 2269
43907 2268
44015 2256
44122 2272
44228 2265
44334 2265
44440 2280
44547 2268
44653 2265
44759 2266
44866 2278
44972 2267
45080 2264
45186 2267
45293 2333
45399 2268
45505 2265
45612 2268
45718 2298
45824 2264
45930 2264
46038 2265
46144 2264
46251 2267
46357 2262
46464 2266
46570 2263
46676 2266
46783 2266
46889 2265
46996 2267
47103 2265
47209 2266
47316 2279
47422 2267
47528 2265
47635 2262
47741 2279
47847 2262
47954 2266
48061 2265
48168 2214
48274 2262
48380 2262
48487 2263
48593 2329
48699 2263
48806 2262
48912 2263
49020 2262
49126 2264
49232 2263
49339 2261
49445 2263
49551 2264
49658 2265
49764 2265
49870 2264
49977 2262
50084 2263
50191 2255
50297 2266
50403 2264
50510 2267
50616 2254
50722 2260
50829 2261
50935 2264
51043 2257
51149 2262
51256 2259
51362 2261
51468 2296
51575 2262
51681 2260
51787 2261
51893 2255
52001 2259
52107 2261
52214 2261
52320 2259
52427 2263
52533 2261
52639 2256
52746 2262
52852 2263
52958 2261
53066 2254
53172 2262
53279 2262
53385 2261
53491 2275
53598 2261
53704 2262
53810 2259
53917 2291
54024 2260
54131 2260
54237 2260
54343 2240
54450 2265
54556 2263
54662 2262
54769 2310
54875 2259
54981 2263
55089 2253
55195 2264
55302 2266
55408 2260
55515 2267
55621 2261
55727 2263
55834 2264
55940 2275
56048 2267
56154 2262
56260 2261
56367 2248
56473 2261
56579 2264
56686 2264
56792 2340
56898 2264
57006 2262
57113 2264
57219 2258
57325 2266
57431 2264
57538 2266
57644 2263
57750 2264
57857 2248
57963 2265
58071 2268
58177 2269
58284 2265
58390 2266
58496 2263
58603 2267
58709 2271
58815 2280
58921 2269
59029 2266
59135 2267
59242 2261
59348 2266
59455 2269
59561 2267
59667 2216
59774 2263
59880 2267
59987 2269
60094 2264
60200 2267
60307 2267
60413 2266
60519 2266
60626 2265
60732 2269
60838 2263
60945 2268
61052 2267
61159 2266
61265 2276
61371 2263
61478 2265
61584 2266
61690 2281
61797 2268
61903 2265
62011 2264
62117 2270
62223 2267
62330 2267
62436 2268
62542 2267
62649 2269
62755 2266
62861 2267
62968 2304
63075 2270
63182 2266
63288 2268
63394 2263
63501 2269
63607 2267
63713 2266
63820 2268
63926 2267
64034 2267
64140 2273
64247 2265
64353 2270
64459 2265
64566 2268
64672 2262
64778 2268
64884 2264
64992 2234
65098 2265
65205 2265
65311 2263
65418 2215
65524 2263
65630 2268
65737 2262
65843 2244
65949 2263
66057 2265
66163 2266
66270 2262
66376 2266
66482 2266
66589 2276
66695 2268
66801 2265
66908 2268
67015 2250
67122 2267
67228 2265
67334 2265
67441 2257
67547 2266
67653 2264
67760 2264
67866 2100
67972 2263
68080 2260
68186 2266
68293 2269
68399 2263
68505 2262
68612 2265
68718 2284
68824 2261
68931 2263
69038 2263
69145 2262
69251 2265
69357 2260
69464 2255
69570 2262
69676 2264
69783 2262
69889 2255
69997 2263
70103 2262
70210 2260
70316 2254
70422 2262
70529 2264
70635 2257
70741 2283
70847 2261
70954 2263
71061 2262
71168 2265
71274 2260
71381 2263
71487 2278
71593 2265
71700 2258
71806 2263
71912 2259
72020 2262
72126 2263
72233 2261
72339 2255
72445 2261
72552 2260
72658 2266
72764 2250
72871 2264
72977 2260
73084 2265
73191 2287
73297 2261
73403 2259
73510 2264
73616 2195
73722 2255
73829 2260
73935 2261
74042 2262
74149 2263
74255 2260
74362 2263
74468 2265
74574 2261
74681 2263
74787 2262
74893 2263
75001 2263
75107 2263
75214 2269
75320 2261
75426 2266
75533 2260
75639 2244
75745 2263
75852 2266
75958 2266
76066 2246
76172 2264
76279 2264
76385 2262
76491 2259
76597 2261
76704 2265
76810 2261
76916 2214
77024 2262
77131 2261
77237 2263
77343 2265
77450 2263
77556 2268
77662 2262
77769 2266
77875 2263
77981 2267
78089 2262
78195 2267
78302 2263
78408 2264
78514 2254
78621 2265
78727 2263
78833 2264
78940 2263
79047 2263
79153 2264
79260 2266
79366 2218
79473 2265
79579 2266
79685 2266
79792 2232
79898 2266
80005 2266
80112 2266
80218 2261
80325 2268
80431 2266
80537 2268
80644 2267
80750 2267
80856 2268
80963 2268
81070 2269
81177 2268
81283 2266
81389 2255
81496 2268
81602 2270
81708 2265
81815 2277
81921 2267
82029 2267
82135 2267
82242 2292
82348 2265
82454 2269
82560 2266
82667 2289
82773 2266
82879 2267
82987 2268
83094 2265
83200 2267
83306 2268
83413 2267
83519 2270
83625 2265
83732 2267
83838 2270
83944 2272
84052 2271
84158 2265
84265 2270
84371 2265
84477 2267
84584 2269
84690 2278
84796 2265
84903 2266
85010 2273
85116 2232
85223 2266
85329 2266
85436 2268
85542 2266
85648 2266
85755 2266
85861 2266
85967 2256
86075 2265
86181 2264
86288 2261
86394 2266
86500 2267
86607 2266
86713 2269
86819 2267
86926 2267
87033 2267
87140 2279
87246 2264
87352 2266
87459 2264
87565 2268
87671 2264
87778 2267
87884 2263
87992 2336
88098 2261
88205 2264
88311 2261
88417 2284
88523 2261
88630 2263
88736 2262
88842 2267
88949 2263
89056 2263
89163 2267
89269 2261
89376 2260
89482 2266
89588 2248
89695 2265
89801 2262
89907 2267
90015 2264
90121 2262
90228 2262
90334 2260
90440 2290
90547 2266
90653 2261
90759 2263
90866 2254
90972 2261
91079 2264
91186 2263
91292 2261
91399 2262
91505 2263
91611 2261
91718 2258
91824 2262
91930 2259
92038 2274
92144 2260
92251 2262
92357 2261
92463 2275
92570 2260
92676 2260
92782 2260
92889 2280
92996 2262
93103 2261
93209 2259
93315 2279
93422 2258
93528 2261
93634 2260
93741 2253
93847 2262
93953 2261
94061 2261
94168 2264
94274 2259
94380 2263
94486 2260
94593 2264
94699 2262
94805 2265
94912 2262
95019 2261
95126 2264
95232 2262
95339 2277
95445 2266
95551 2262
95658 2266
95764 2265
95870 2265
95976 2262
96084 2262
96190 2235
96297 2263
96403 2264
96510 2261
96616 2296
96722 2264
96829 2261
96935 2265
97042 2265
97149 2263
97255 2264
97362 2265
97468 2265
97574 2265
97681 2264
97787 2265
97893 2264
98001 2270
98107 2265
98214 2287
98320 2264
98426 2266
98533 2267
98639 2268
98745 2313
98852 2265
98958 2269
99066 2269
99172 2278
99278 2269
99385 2263
99491 2267
99597 2266
99704 2266
99810 2246
99916 2285
100024 2265
100131 2261
100237 2262
100343 2265
100449 2263
100556 2266
100662 2259
100768 2267
100875 2266
100981 2264
101089 2247
101195 2265
101301 2270
101408 2264
101514 2270
101620 2267
101727 2269
101833 2268
101939 2276
102047 2267
102153 2270
102260 2266
102366 2244
102472 2263
102579 2269
102685 2268
102791 2216
102898 2265
103005 2268
103111 2269
103218 2267
103324 2267
103431 2267
103537 2265
103643 2270
103750 2263
103856 2263
103962 2261
104070 2266
104176 2271
104283 2267
104389 2275
104495 2268
104602 2264
104708 2268
104814 2247
104921 2270
105028 2267
105135 2263
105241 2273
105347 2264
105454 2265
105560 2264
105666 2187
105773 2264
105879 2262
105987 2265
106093 2264
106200 2267
106306 2266
106412 2276
106518 2267
106625 2265
106731 2265
106837 2274
106944 2266
107051 2264
107158 2265
107264 2249
107371 2259
107477 2265
107583 2264
107690 2286
107796 2263
107902 2265
108010 2264
108116 2245
108223 2261
108329 2263
108435 2260
108542 2267
108648 2261
108754 2261
108861 2263
108967 2262
109074 2264
109181 2264
109287 2269
109394 2263
109500 2263
109606 2265
109713 2277
109819 2266
109925 2262
110033 2264
110139 2362
110246 2262
110352 2263
110458 2265
110565 2261
110671 2264
110777 2262
110884 2263
110991 2311
111098 2260
111204 2260
111310 2261
111417 2261
111523 2263
111629 2260
111736 2263
111842 2263
111948 2261
112056 2276
112163 2259
112269 2261
112375 2263
112481 2261
112588 2247
112694 2265
112800 2264
112907 2269
113014 2274
113121 2260
113227 2264
113334 2261
113440 2219
113546 2262
113653 2262
113759 2265
113865 2331
113971 2262
114079 2264
114185 2263
114292 2261
114398 2260
114505 2264
114611 2260
114717 2263
114824 2261
114930 2262
115037 2251
115144 2263
115250 2262
115357 2264
115463 2272
115569 2264
115676 2263
115782 2266
115888 2258
115996 2263
116102 2262
116209 2262
116315 2264
116421 2264
116528 2261
116634 2263
116740 2278
116847 2264
116953 2262
117061 2262
117167 2265
117273 2263
117380 2266
117486 2264
117592 2264
117699 2265
117805 2265
117911 2254
118019 2264
118126 2267
118232 2266
118338 2260
118444 2265
118551 2261
118657 2267
118763 2251
118870 2264
118976 2265
119084 2262
119190 2327
119297 2264
119403 2266
119509 2268
119616 2279
119722 2263
119828 2264
119934 2265
120042 2267
120148 2263
120255 2266
120361 2253
120468 2268
120574 2266
120680 2269
120787 2257
120893 2264
121000 2267
121107 2268
121213 2272
121320 2268
121426 2264
121532 2270
121639 2326
121745 2271
121851 2266
121958 2269
122065 2210
122172 2267
122278 2266
122384 2266
122491 2306
122597 2270
122703 2264
122810 2267
122916 2259
123024 2266
123130 2268
123236 2264
123343 2266
123449 2268
123555 2267
123662 2256
123768 2265
123874 2269
123981 2263
124088 2268
124195 2268
124301 2269
124407 2267
124514 2261
124620 2265
124726 2266
124832 2268
124939 2261
125046 2264
125153 2268
125259 2264
125366 2276
125472 2265
125578 2307
125685 2267
125791 2270
125897 2264
126005 2269
126111 2246
126218 2267
126324 2263
126430 2267
126537 2264
126643 2266
126749 2266
126856 2266
126962 2280
127069 2266
127176 2265
127282 2281
127389 2249
127495 2266
127601 2263
127708 2265
127814 2295
127920 2267
128028 2263
128134 2263
128241 2263
128347 2262
128453 2263
128560 2266
128666 2263
128772 2265
128879 2262
128986 2250
129093 2262
129199 2263
129305 2262
129412 2266
129518 2263
129624 2263
129731 2264
129837 2278
129943 2261
130051 2266
130157 2264
130264 2272
130370 2259
130477 2262
130583 2248
130689 2215
130795 2259
130902 2262
131009 2260
131116 2264
131222 2258
131329 2262
131435 2260
131541 2264
131648 2262
131754 2264
131860 2256
131967 2263
132074 2263
132181 2263
132287 2273
132393 2250
132500 2258
132606 2262
132712 2270
132819 2261
132925 2260
133032 2260
133139 2205
133245 2262
133352 2259
133458 2263
133564 2256
133671 2262
133777 2257
133883 2263
133991 2263
134097 2260
134204 2263
134310 2259
134416 2261
134523 2260
134629 2262
134735 2263
134842 2259
134948 2263
135056 2263
135162 2275
135268 2261
135375 2259
135481 2265
135587 2259
135694 2262
135800 2266
135906 2261
136014 2216
136120 2262
136227 2264
136333 2263
136440 2338
136546 2264
136652 2262
136758 2260
136865 2249
136971 2262
137079 2261
137185 2260
137292 2266
137398 2261
137504 2264
137611 2243
137717 2266
137823 2265
137930 2266
138037 2256
138144 2267
138250 2264
138356 2269
138463 2254
138569 2267
138675 2265
138782 2266
138888 2142
138995 2268
139102 2269
139208 2269
139315 2254
139421 2268
139527 2266
139634 2267
139740 2195
139846 2266
139953 2267
140060 2265
140166 2265
140273 2267
140379 2264
140486 2252
140592 2263
140698 2270
140805 2270
140911 2267
141019 2266
141125 2268
141231 2266
141338 2268
141444 2267
141550 2267
141657 2265
141763 2286
141869 2265
141976 2269
142083 2265
142190 2311
142296 2266
142403 2269
142509 2268
142615 2267
142721 2266
142828 2268
142934 2266
143042 2269
143148 2267
143255 2269
143361 2252
143467 2268
143574 2266
143680 2267
143786 2257
143893 2268
144000 2267
144107 2270
144213 2247
144319 2269
144426 2268
144532 2270
144638 2319
144745 2267
144851 2265
144957 2266
145065 2219
145171 2267
145278 2261
145384 2266
145490 2257
145597 2268
145703 2265
145809 2264
145916 2262
146023 2262
146129 2265
146236 2266
146342 2265
146449 2266
146555 2265
146661 2258
146768 2264
146874 2268
146980 2267
147088 2277
147194 2266
147301 2262
147407 2267
147513 2239
147620 2264
147726 2261
147832 2262
147938 2322
148046 2263
148152 2264
148259 2262
148365 2259
148472 2266
148578 2261
148684 2266
148791 2258
148897 2263
149004 2262
149111 2268
149217 2264
149324 2261
149430 2261
149536 2262
149643 2260
149749 2263
149855 2260
149962 2269
150069 2266
150176 2261
150282 2264
150388 2307
150495 2265
150601 2261
150707 2260
150814 2262
150920 2261
151028 2264
151134 2259
151240 2262
151347 2260
151453 2262
151559 2263
151666 2262
151772 2262
151878 2262
151986 2267
152093 2263
152199 2260
152305 2265
152411 2274
152518 2263
152624 2261
152730 2262
152837 2269
152943 2262
153051 2261
153157 2263
153264 2337
153370 2263
153476 2261
153583 2264
153689 2263
153795 2263
153901 2180
154009 2261
154115 2263
154222 2262
154328 2263
154435 2274
154541 2262
154647 2263
154754 2261
154860 2247
154966 2264
155074 2263
155180 2264
155287 2259
155393 2261
155499 2263
155606 2263
155712 2261
155818 2262
155925 2267
156032 2265
156139 2284
156245 2262
156351 2260
156458 2262
156564 2263
156670 2264
156777 2263
156883 2263
156991 2263
157097 2263
157203 2264
157310 2257
157416 2266
157522 2265
157629 2266
157735 2260
157841 2265
157948 2265
158055 2263
158162 2256
158268 2266
158374 2263
158481 2268
158587 2271
158693 2264
158800 2264
158906 2267
159014 2274
159120 2266
159227 2262
159333 2264
159439 2228
159546 2264
159652 2264
159758 2264
159864 2263
159971 2264
160078 2266
160185 2249
160291 2268
160398 2269
160504 2265
160610 2259
160717 2265
160823 2268
160929 2265
161037 2271
161143 2266
161250 2267
161356 2267
161462 2258
161569 2266
161675 2268
161781 2264
161888 2276
161995 2265
162102 2266
162208 2265
162314 2270
162421 2268
162527 2268
162633 2264
162740 2267
162846 2267
162952 2266
163060 2270
163166 2269
163273 2266
163379 2267
163485 2265
163592 2264
163698 2267
163804 2268
163911 2271
164018 2270
164125 2264
164231 2266
164337 2262
164444 2268
164550 2265
164656 2266
164763 2208
164869 2266
164975 2266
165083 2265
165189 2265
165296 2268
165402 2261
165509 2267
165615 2263
165721 2267
165827 2264
165934 2264
166041 2266
166148 2266
166254 2266
166361 2259
166467 2263
166573 2270
166680 2265
166786 2261
166892 2264
167000 2263
167106 2265
167213 2291
167319 2265
167425 2266
167532 2264
167638 2230
167744 2261
167851 2264
167957 2262
168064 2265
168171 2267
168277 2264
168384 2262
168490 2263
168596 2265
168703 2265
168809 2244
168915 2267
169023 2258
169129 2262
169236 2241
169342 2264
169448 2263
169555 2262
169661 2257
169767 2265
169874 2262
169980 2264
170088 2240
170194 2264
170300 2263
170407 2264
170513 2262
170620 2259
170726 2259
170832 2260
170939 2242
171046 2262
171153 2261
171259 2265
171365 2257
171472 2264
171578 2257
171684 2250
171791 2260
171897 2261
172005 2262
172111 2256
172218 2259
172324 2262
172430 2260
172537 2262
172643 2258
172749 2264
172855 2259
172962 2236
173069 2261
173176 2260
173282 2260
173389 2284
173495 2260
173601 2263
173708 2258
173814 2267
173920 2260
174028 2259
174134 2278
174241 2261
174347 2260
174453 2261
174560 2264
174666 2263
174772 2262
174879 2266
174986 2278
175093 2264
175199 2261
175305 2264
175412 2240
175518 2264
175624 2262
175731 2263
175837 2270
175943 2264
176051 2264
176157 2267
176264 2258
176370 2262
176476 2259
176583 2133
176689 2260
176795 2262
176902 2261
177009 2272
177116 2265
177222 2262
177328 2262
177435 2263
177541 2260
177647 2265
177754 2263
177860 2255
177966 2263
178074 2265
178180 2264
178287 2257
178393 2264
178500 2263
178606 2256
178712 2253
178818 2264
178925 2270
179032 2269
179139 2264
179245 2264
179352 2264
179458 2268
179564 2267
179671 2266
179777 2268
179883 2264
179991 2266
180097 2262
180204 2269
180310 2267
180416 2269
180523 2268
180629 2284
180735 2246
180842 2268
180948 2266
181055 2270
181162 2250
181268 2269
181375 2264
181481 2271
181587 2275
181694 2266
181800 2266
181906 2268
182014 2263
182120 2271
182227 2265
182333 2267
182439 2266
182546 2270
182652 2267
182758 2293
182865 2267
182971 2266
183079 2268
183185 2267
183291 2266
183398 2271
183504 2264
183610 2269
183717 2263
183823 2269
183929 2265
184037 2217
184143 2267
184250 2261
184356 2266
184463 2260
184569 2263
184675 2268
184781 2265
184888 2311
184995 2267
185102 2266
185208 2261
185315 2265
185421 2264
185527 2267
185634 2280
185740 2265
185846 2260
185953 2266
186060 2275
186167 2268
186273 2267
186379 2264
186486 2276
186592 2264
186698 2264
186805 2267
186911 2326
187018 2267
187125 2266
187231 2264
187338 2333
187444 2267
187550 2264
187657 2265
187763 2274
187869 2263
187976 2263
188083 2248
188189 2263
188296 2264
188402 2261
188509 2269
188615 2263
188721 2262
188828 2262
188934 2275
189042 2259
189148 2263
189254 2259
189361 2383
189467 2256
189573 2263
189680 2261
189786 2271
189892 2263
190000 2258
190106 2265
190213 2292
190319 2262
190426 2260
190532 2258
190638 2262
190744 2259
190851 2260
190957 2261
191065 2260
191171 2262
191278 2261
191384 2271
191490 2262
191597 2258
191703 2262
191809 2277
191916 2264
192023 2262
192130 2261
192236 2258
192342 2261
192449 2259
192555 2259
192661 2321
192768 2260
192874 2260
192980 2262
193088 2280
193194 2261
193301 2262
193407 2263
193514 2263
193620 2262
193726 2263
193833 2261
193939 2262
194046 2262
194153 2262
194259 2257
194366 2258
194472 2263
194578 2261
194685 2269
194791 2263
194897 2261
195005 2263
195111 2240
195218 2261
195324 2267
195430 2260
195537 2265
195643 2261
195749 2263
195856 2264
195962 2255
196070 2267
196176 2263
196282 2263
196389 2263
196495 2264
196601 2263
196708 2260
196814 2264
196920 2265
197028 2259
197134 2265
197241 2263
197347 2262
197454 2265
197560 2262
197666 2268
197772 2265
197879 2268
197986 2256
198093 2265
198199 2263
198306 2266
198412 2263
198518 2263
198625 2264
198731 2268
198837 2297
198944 2268
199051 2267
199158 2293
199264 2265
199370 2262
199477 2268
199583 2270
199689 2265
199796 2265
199902 2264
200009 2266
200116 2264
200222 2266
200329 2262
200435 2279
200541 2266
200648 2268
200754 2267
200860 2354
200967 2268
201074 2266
201180 2266
201287 2320
201393 2261
201500 2269
201606 2265
201712 2212
201819 2266
201925 2266
202033 2266
202139 2269
202245 2266
202352 2269
202458 2272
202564 2261
202671 2265
202777 2266
202883 2275
202991 2266
203097 2268
203204 2264
203310 2316
203417 2263
203523 2267
203629 2267
203735 2258
203842 2271
203948 2264
204056 2266
204162 2211
204269 2268
204375 2265
204481 2265
204588 2264
204694 2268
204800 2263
204907 2266
205014 2262
205121 2267
205227 2263
205333 2271
205440 2265
205546 2264
205652 2266
205759 2270
205865 2264
205971 2264
206079 2264
206185 2268
206292 2264
206398 2269
206504 2266
206611 2336
206717 2267
206823 2265
206930 2268
207037 2236
207143 2266
207250 2269
207356 2264
207463 2266
207569 2261
207675 2264
207782 2263
207888 2263
207996 2265
208102 2258
208208 2277
208315 2265
208421 2263
208527 2264
208634 2265
208740 2262
208846 2261
208953 2263
209060 2277
209167 2263
209273 2262
209380 2264
209486 2262
209592 2264
209698 2262
209805 2265
209911 2256
210019 2262
210125 2263
210232 2261
210338 2261
210444 2262
210551 2262
210657 2264
210763 2261
210870 2263
210976 2262
211083 2252
211190 2262
211296 2264
211403 2258
211509 2255
211615 2259
211722 2262
211828 2263
211934 2251
212042 2259
212148 2262
212255 2260
212361 2234
212467 2262
212574 2264
212680 2261
212786 2265
212893 2262
213000 2261
213106 2262
213213 2264
213319 2256
213426 2263
213532 2259
213638 2264
213745 2258
213851 2258
213957 2262
214065 2255
214171 2263
214278 2262
214384 2261
214490 2264
214597 2259
214703 2263
214809 2247
214916 2265
215023 2264
215130 2263
215236 2265
215343 2264
215449 2261
215555 2263
215661 2198
215768 2262
215874 2261
215980 2268
216088 2263
216194 2262
216301 2262
216407 2270
216513 2262
216620 2263
216726 2261
216832 2263
216939 2259
217046 2265
217152 2264
217259 2273
217365 2263
217472 2263
217578 2265
217684 2272
217791 2267
217897 2265
218004 2264
218111 2270
218217 2265
218324 2267
218430 2266
218536 2265
218643 2267
218749 2263
218855 2264
218962 2271
219069 2266
219176 2269
219282 2255
219388 2268
219495 2262
219601 2265
219707 2272
219814 2264
219920 2262
220028 2263
220134 2270
220241 2266
220347 2267
220453 2271
220559 2267
220666 2268
220772 2264
220878 2268
220986 2270
221093 2267
221199 2268
221305 2268
221412 2252
221518 2267
221624 2247
221731 2267
221837 2259
221943 2269
222051 2268
222157 2269
222264 2268
222370 2267
222476 2268
222583 2254
222689 2268
222795 2266
222902 2264
223009 2263
223115 2267
223222 2267
223328 2264
223435 2253
223541 2261
223647 2267
223754 2266
223860 2317
223966 2269
224074 2268
224180 2266
224287 2266
224393 2264
224499 2267
224606 2267
224712 2265
224818 2265
224925 2265
225032 2260
225139 2270
225245 2265
225351 2267
225458 2265
225564 2269
225670 2266
225777 2264
225883 2282
225991 2265
226097 2265
226204 2265
226310 2311
226416 2269
226522 2265
226629 2267
226735 2263
226841 2264
226948 2268
227055 2260
227162 2266
227268 2265
227375 2265
227481 2263
227587 2263
227694 2265
227800 2264
227906 2263
228014 2260
228120 2265
228227 2263
228333 2266
228439 2265
228546 2260
228652 2263
228758 2243
228865 2263
228971 2262
229078 2261
229185 2333
229291 2262
229398 2259
229504 2260
229610 2200
229717 2261
229823 2261
229929 2262
230037 2263
230143 2262
230250 2261
230356 2254
230462 2263
230569 2262
230675 2261
230781 2269
230888 2261
230995 2261
231102 2261
231208 2247
231314 2262
231421 2260
231527 2264
231633 2253
231740 2263
231846 2260
231952 2262
232060 2235
232167 2260
232273 2260
232379 2263
232485 2259
232592 2262
232698 2260
232804 2266
232911 2260
233018 2258
233125 2260
233231 2244
233338 2258
233444 2260
233550 2264
233657 2277
233763 2261
233869 2262
233975 2261
234083 2282
234189 2261
234296 2262
234402 2264
234509 2264
234615 2263
234721 2263
234828 2261
234934 2248
235041 2262
235148 2265
235254 2263
235361 2241
235467 2262
235573 2264
235680 2264
235786 2265
235892 2265
236000 2265
236106 2242
236213 2265
236319 2260
236425 2265
236532 2262
236638 2263
236744 2262
236851 2267
236957 2268
237065 2262
237171 2260
237277 2266
237384 2252
237490 2266
237596 2263
237703 2264
237809 2256
237915 2266
238023 2268
238130 2265
238236 2272
238342 2268
238448 2265
238555 2270
238661 2261
238767 2265
238874 2264
238980 2252
239088 2269
239194 2269
239301 2268
239407 2266
239513 2264
239620 2270
239726 2265
239832 2271
239939 2265
240046 2265
240153 2268
240259 2328
240366 2264
240472 2265
240578 2264
240685 2303
240791 2271
240897 2271
241005 2265
241111 2267
241218 2264
241324 2264
241430 2269
241537 2264
241643 2268
241749 2264
241856 2269
241962 2264
242069 2265
242176 2269
242282 2277
242389 2269
242495 2262
242601 2267
242708 2247
242814 2268
242920 2269
243028 2266
243134 2214
243241 2269
243347 2265
243453 2267
243560 2264
243666 2265
243772 2268
243879 2267
243986 2270
244093 2269
244199 2268
244305 2267
244412 2266
244518 2268
244624 2265
244731 2252
244837 2265
244943 2263
245051 2269
245158 2242
245264 2265
245370 2266
245476 2263
245583 2247
245689 2262
245795 2267
245902 2262
246009 2256
246116 2265
246222 2266
246329 2264
246435 2266
246541 2265
246648 2267
246754 2264
246860 2233
246966 2262
247074 2267
247180 2268
247287 2265
247393 2297
247500 2266
247606 2272
247712 2265
247819 2264
247925 2261
248032 2280
248139 2268
248245 2275
248352 2267
248458 2262
248564 2263
248671 2263
248777 2261
248883 2263
248991 2260
249097 2263
249204 2266
249310 2283
249416 2265
249523 2260
249629 2267
249735 2258
249842 2263
249948 2260
250056 2273
250162 2266
250268 2264
250375 2259
250481 2269
250587 2260
250694 2262
250800 2260
250906 2269
251014 2264
251121 2260
251227 2263
251333 2309
251439 2264
251546 2262
251652 2259
251758 2271
251865 2261
251971 2265
252079 2263
252185 2256
252292 2262
252398 2263
252504 2264
252611 2265
252717 2261
252823 2262
252929 2266
253037 2263
253143 2262
253250 2262
253356 2266
253463 2261
253569 2263
253675 2263
253782 2247
253888 2262
253995 2259
254102 2263
254208 2248
254315 2263
254421 2259
254527 2263
254634 2312
254740 2265
254846 2260
254953 2262
255060 2278
255167 2266
255273 2259
255379 2265
255486 2260
255592 2264
255698 2261
255805 2262
255911 2264
256019 2261
256125 2265
256231 2277
256338 2264
256444 2263
256550 2260
256657 2260
256763 2262
256869 2267
256976 2260
257083 2269
257190 2262
257296 2264
257402 2265
257509 2206
257615 2264
257721 2264
257828 2255
257934 2338
258042 2265
258148 2264
258255 2263
258361 2262
258467 2263
258574 2265
258680 2264
258786 2266
258892 2261
259000 2266
259106 2273
259213 2271
259319 2263
259426 2269
259532 2265
259638 2265
259745 2264
259851 2265
259957 2287
260065 2266
260171 2267
260278 2267
260384 2253
260490 2265
260597 2265
260703 2269
260809 2268
260916 2268
261023 2270
261130 2271
261236 2266
261342 2268
261449 2267
261555 2269
261661 2268
261768 2267
261874 2267
261980 2264
262088 2269
262195 2250
262301 2264
262407 2263
262514 2265
262620 2270
262726 2263
262833 2209
262939 2266
263047 2267
263153 2267
263260 2156
263366 2267
263472 2267
263578 2269
263685 2254
263791 2266
263897 2268
264005 2259
264112 2268
264218 2268
264324 2267
264431 2262
264537 2268
264643 2265
264750 2265
264856 2254
264962 2269
265070 2266
265176 2269
265283 2203
265389 2266
265495 2265
265602 2266
265708 2270
265814 2264
265921 2261
266028 2266
266134 2323
266241 2267
266347 2267
266454 2267
266560 2264
266666 2267
266773 2266
266879 2268
266986 2266
267093 2265
267199 2262
267306 2258
267412 2263
267518 2264
267625 2262
267731 2260
267837 2262
267944 2262
268051 2261
268158 2261
268264 2259
268370 2262
268477 2261
268583 2254
268689 2261
268796 2264
268902 2262
269010 2264
269116 2262
269223 2263
269329 2262
269435 2262
269541 2260
269648 2264
269754 2261
269860 2264
269967 2262
270074 2262
270181 2274
270287 2262
270394 2263
270500 2263
270606 2271
270713 2263
270819 2260
270925 2260
271033 2254
271139 2264
271246 2262
271352 2263
271458 2267
271565 2260
271671 2263
271777 2259
271884 2260
271991 2262
272097 2259
272204 2263
272310 2262
272417 2263
272523 2259
272629 2261
272736 2260
272842 2261
272948 2264
273056 2259
273162 2263
273269 2263
273375 2263
273481 2279
273588 2260
273694 2263
273800 2261
273907 2281
274014 2263
274121 2260
274227 2262
274333 2272
274440 2260
274546 2265
274652 2260
274759 2224
274865 2261
274971 2262
275079 2262
275186 2266
275292 2264
275398 2263
275504 2253
275611 2265
275717 2261
275823 2242
275930 2245
276037 2263
276144 2265
276250 2263
276357 2274
276463 2263
276569 2263
276676 2266
276782 2267
276888 2266
276996 2263
277102 2265
277209 2236
277315 2265
277421 2265
277528 2266
277634 2307
277740 2266
277847 2267
277953 2266
278060 2265
278167 2272
278273 2265
278380 2245
278486 2264
278592 2265
278699 2266
278805 2264
278911 2269
279019 2258
279125 2263
279232 2257
279338 2261
279444 2267
279551 2263
279657 2423
279763 2264
279870 2266
279976 2266
280084 2281
280190 2269
280296 2266
280403 2265
280509 2275
280615 2265
280722 2267
280828 2262
280934 2270
281042 2269
281149 2264
281255 2258
281361 2265
281467 2265
281574 2266
281680 2281
281786 2266
281893 2264
282000 2268
282107 2265
282213 2267
282320 2267
282426 2265
282532 2271
282639 2267
282745 2265
282851 2265
282957 2340
283065 2267
283171 2268
283278 2270
283384 2266
283491 2267
283597 2266
283703 2267
283810 2268
283916 2267
284023 2267
284130 2281
284236 2265
284343 2268
284449 2264
284555 2268
284662 2265
284768 2266
284874 2265
284981 2309
285088 2267
285194 2268
285301 2266
285407 2259
285513 2261
285620 2266
285726 2261
285832 2275
285939 2265
286046 2265
286152 2265
286259 2263
286365 2266
286472 2270
286578 2271
286684 2268
286791 2264
286897 2269
287005 2264
287111 2268
287217 2264
287324 2265
287430 2257
287536 2263
287643 2260
287749 2261
287855 2251
287962 2262
288069 2265
288176 2260
288282 2306
288389 2268
288495 2264
288601 2266
288707 2329
288814 2264
288920 2263
289028 2262
289134 2262
289241 2266
289347 2262
289453 2265
289560 2264
289666 2263
289772 2264
289879 2264
289986 2264
290093 2263
290199 2261
290305 2280
290412 2260
290518 2263
290624 2263
290731 2261
290837 2259
290943 2266
291051 2263
291157 2228
291264 2261
291370 2261
291476 2260
291583 2262
291689 2260
291795 2263
291902 2262
292009 2260
292115 2263
292222 2260
292328 2254
292435 2263
292541 2264
292647 2266
292754 2276
292860 2263
292966 2259
293074 2262
293180 2274
293287 2262
293393 2260
293499 2263
293606 2276
293712 2260
293818 2259
293925 2264
294032 2252
294139 2262
294245 2260
294352 2260
294458 2243
294564 2261
294670 2260
294777 2250
294883 2300
294991 2262
295097 2262
295204 2273
295310 2261
295416 2261
295523 2262
295629 2268
295735 2265
295842 2262
295948 2264
296055 2269
296162 2258
296268 2264
296375 2259
296481 2255
296587 2262
296694 2260
296800 2265
296906 2235
297014 2264
297120 2261
297227 2261
297333 2402
297439 2264
297546 2266
297652 2263
297758 2247
297865 2265
297971 2264
298078 2251
298185 2265
298291 2265
298398 2264
298504 2262
298610 2267
298717 2261
298823 2266
298929 2272
299037 2263
299143 2268
299250 2266
299356 2411
299462 2266
299569 2263
299675 2266
299781 2277
299888 2258
299995 2265
300102 2266
300208 2265
300315 2265
300421 2267
300527 2265
300633 2270
300740 2267
300846 2265
300952 2267
301060 2266
301167 2268
301273 2269
301379 2272
301486 2265
301592 2311
301698 2269
301805 2258
301911 2267
302018 2266
302125 2266
302231 2264
302338 2267
302444 2269
302550 2265
302657 2315
302763 2269
302869 2268
302976 2267
303083 2257
303189 2268
303296 2284
303402 2267
303509 2270
303615 2266
303721 2270
303828 2264
303934 2267
304041 2271
304148 2270
304254 2280
304361 2266
304467 2263
304573 2270
304680 2274
304786 2269
304892 2264
305000 2264
305106 2273
305213 2266
305319 2265
305425 2267
305532 2267
305638 2266
305744 2262
305851 2271
305957 2271
306065 2266
306171 2268
306278 2266
306384 2264
306490 2266
306596 2269
306703 2270
306809 2264
306915 2267
307023 2266
307130 2262
307236 2264
307342 2267
307449 2263
307555 2265
307661 2266
307768 2263
307874 2263
307980 2237
308088 2263
308194 2261
308300 2261
308407 2208
308513 2264
308619 2259
308726 2265
308832 2338
308938 2265
309046 2260
309152 2262
309259 2258
309365 2261
309471 2264
309578 2261
309684 2261
309790 2264
309897 2263
310004 2285
310111 2255
310217 2264
310323 2261
310430 2266
310536 2258
310642 2263
310749 2261
310855 2276
310961 2263
311069 2261
311175 2258
311282 2258
311388 2259
311495 2263
311601 2260
311707 2197
311813 2262
311920 2261
312027 2263
312134 2266
312240 2261
312347 2262
312453 2256
312559 2264
312666 2260
312772 2263
312878 2260
312986 2257
313092 2262
313199 2263
313305 2275
313411 2264
313518 2260
313624 2263
313730 2237
313837 2263
313943 2262
314050 2262
314157 2253
314263 2262
314370 2262
314476 2262
314582 2264
314689 2260
314795 2263
314901 2265
315009 2263
315115 2347
315222 2263
315328 2275
315434 2262
315541 2263
315647 2264
315753 2256
315860 2264
315966 2270
316074 2262
316180 2257
316286 2261
316393 2262
316499 2260
316605 2342
316712 2262
316818 2264
316924 2263
317032 2248
317138 2261
317245 2267
317351 2261
317458 2264
317564 2265
317670 2265
317776 2265
317883 2265
317990 2265
318097 2267
318203 2265
318310 2265
318416 2262
318522 2268
318629 2283
318735 2267
318841 2267
318948 2267
319055 2288
319162 2268
319268 2266
319374 2268
319481 2271
319587 2266
319693 2264
319800 2267
319906 2261
320013 2267
320120 2266
320226 2266
320333 2265
320439 2268
320545 2268
320652 2269
320758 2259
320864 2269
320971 2265
321078 2267
321184 2267
321291 2266
321397 2264
321504 2287
321610 2267
321716 2268
321823 2266
321929 2275
322037 2264
322143 2268
322249 2265
322356 2292
322462 2266
322568 2265
322675 2266
322781 2280
322887 2268
322995 2264
323101 2263
323208 2270
323314 2264
323421 2269
323527 2266
323633 2267
323739 2267
323846 2267
323952 2268
324060 2272
324166 2268
324273 2266
324379 2277
324485 2267
324592 2261
324698 2266
324804 2258
324911 2271
325018 2266
325125 2266
325231 2273
325337 2265
325444 2267
325550 2267
325656 2221
325763 2266
325869 2261
325975 2266
326083 2265
326189 2265
326296 2265
326402 2265
326508 2264
326615 2266
326721 2265
326827 2268
326934 2263
327041 2267
327147 2265
327254 2263
327360 2263
327467 2262
327573 2262
327679 2252
327786 2263
327892 2263
328000 2260
328106 2255
328212 2260
328319 2263
328425 2263
328531 2262
328638 2266
328744 2262
328850 2264
328957 2306
329064 2262
329171 2264
329277 2251
329384 2265
329490 2262
329596 2264
329702 2277
329809 2265
329915 2265
330023 2262
330129 2269
330236 2266
330342 2263
330448 2265
330555 2259
330661 2262
330767 2263
330874 2264
330980 2195
331087 2259
331194 2260
331300 2262
331406 2249
331513 2264
331619 2261
331725 2265
331832 2254
331938 2266
332045 2262
332152 2271
332258 2261
332365 2260
332471 2263
332577 2257
332684 2262
332790 2263
332896 2262
333004 2255
333110 2260
333217 2262
333323 2263
333429 2239
333536 2262
333642 2259
333748 2262
333855 2319
333961 2257
334069 2262
334175 2265
334282 2284
334388 2262
334494 2262
334600 2262
334707 2265
334813 2260
334919 2264
335027 2259
335134 2263
335240 2263
335346 2263
335453 2260
335559 2261
335665 2262
335772 2262
335878 2281
335985 2262
336092 2261
336198 2263
336305 2284
336411 2263
336517 2261
336624 2266
336730 2260
336836 2263
336943 2261
337050 2260
337156 2254
337263 2263
337369 2263
337476 2264
337582 2269
337688 2267
337795 2262
337901 2266
338008 2266
338115 2264
338221 2269
338328 2270
338434 2264
338540 2265
338647 2263
338753 2285
338859 2265
338966 2267
339073 2266
339180 2282
339286 2265
339392 2265
339499 2265
339605 2257
339711 2265
339818 2264
339924 2265
340032 2270
340138 2266
340245 2269
340351 2263
340457 2269
340563 2267
340670 2268
340776 2268
340882 2266
340990 2268
341097 2269
341203 2284
341309 2269
341416 2261
341522 2268
341628 2271
341735 2265
341841 2268
341947 2266
342055 2252
342161 2267
342268 2269
342374 2267
342480 2307
342587 2269
342693 2266
342799 2267
342906 2306
343013 2264
343119 2269
343226 2268
343332 2269
343439 2269
343545 2265
343651 2269
343758 2263
343864 2270
343970 2267
344078 2249
344184 2268
344291 2267
344397 2266
344503 2253
344610 2265
344716 2267
344822 2262
344929 2258
345036 2268
345143 2266
345249 2262
345355 2301
345462 2266
345568 2266
345674 2262
345781 2214
345887 2263
345995 2264
346101 2264
346208 2268
346314 2264
346420 2265
346526 2267
346633 2265
346739 2267
346845 2266
346952 2257
347059 2268
347166 2264
347272 2266
347379 2267
347485 2267
347591 2264
347698 2263
347804 2357
347910 2262
348018 2263
348124 2263
348231 2261
348337 2263
348443 2261
348550 2262
348656 2289
348762 2263
348869 2261
348975 2256
349082 2262
349189 2264
349295 2262
349402 2264
349508 2259
349614 2264
349721 2262
349827 2252
349933 2260
350041 2264
350147 2263
350254 2270
350360 2259
350466 2259
350573 2243
350679 2278
350785 2259
350892 2264
350999 2260
351106 2270
351212 2264
351318 2261
351425 2263
351531 2261
351637 2263
351744 2265
351850 2260
351956 2263
352064 2260
352171 2263
352277 2268
352383 2265
352489 2261
352596 2261
352702 2249
352808 2258
352915 2262
353022 2264
353129 2209
353235 2263
353342 2262
353448 2261
353554 2262
353661 2261
353767 2255
353873 2260
353979 2334
354086 2260
354192 2262
354298 2261
354405 2239
354511 2264
354617 2259
354724 2266
354830 2259
354936 2263
355044 2263
355151 2262
355257 2262
355363 2265
355469 2264
355576 2262
355682 2262
355788 2267
355895 2269
356002 2284
356109 2265
356215 2263
356322 2262
356428 2265
356534 2263
356641 2264
356747 2260
356853 2269
356959 2261
357067 2263
357173 2265
357280 2197
357386 2251
357493 2262
357599 2263
357705 2251
357812 2266
357918 2265
358025 2265
358132 2267
358238 2264
358345 2268
358451 2276
358557 2267
358664 2265
358770 2266
358876 2274
358984 2265
359090 2269
359197 2269
359303 2246
359409 2270
359516 2263
359622 2267
359728 2184
359835 2267
359941 2266
360049 2266
360155 2264
360262 2267
360368 2266
360474 2270
360580 2269
360687 2269
360793 2266
360899 2270
361007 2268
361114 2267
361220 2265
361326 2273
361433 2266
361539 2269
361645 2264
361752 2267
361858 2265
361964 2268
362072 2269
362178 2253
362285 2270
362391 2268
362497 2269
362604 2270
362710 2264
362816 2266
362923 2266
363030 2322
363136 2266
363243 2266
363349 2264
363456 2270
363562 2269
363668 2269
363775 2267
363881 2266
363988 2267
364095 2268
364201 2256
364308 2268
364414 2265
364520 2266
364627 2256
364733 2266
364839 2266
364946 2268
365053 2315
365160 2265
365266 2261
365372 2266
365479 2220
365585 2266
365691 2262
365798 2266
365904 2340
366012 2265
366118 2269
366225 2263
366331 2261
366437 2265
366543 2265
366650 2268
366756 2264
366862 2267
366969 2264
367076 2265
367183 2265
367289 2262
367396 2264
367502 2264
367608 2264
367715 2266
367821 2263
367927 2270
368035 2264
368141 2267
368248 2262
368354 2292
368460 2266
368567 2264
368673 2264
368779 2265
368886 2260
368993 2263
369099 2264
369206 2266
369312 2263
369419 2264
369525 2264
369631 2266
369738 2271
369844 2262
369950 2270
370058 2267
370164 2264
370271 2267
370377 2258
370483 2262
370590 2251
370696 2259
370802 2271
370909 2265
371016 2263
371123 2261
371229 2333
371335 2260
371442 2260
371548 2266
371654 2259
371761 2263
371867 2260
371973 2259
372081 2263
372188 2262
372294 2259
372400 2279
372506 2258
372613 2260
372719 2259
372825 2245
372932 2261
373039 2263
373146 2263
373252 2255
373359 2260
373465 2263
373571 2259
373678 2267
373784 2261
373890 2264
373998 2261
374104 2279
374211 2260
374317 2261
374423 2265
374530 2263
374636 2260
374742 2264
374849 2260
374955 2247
375062 2261
375169 2265
375275 2265
375382 2264
375488 2262
375594 2263
375701 2268
375807 2264
375913 2264
376021 2267
376127 2260
376234 2264
376340 2263
376446 2266
376553 2263
376659 2262
376765 2261
376872 2263
376978 2248
377086 2264
377192 2263
377298 2266
377404 2201
377511 2267
377617 2262
377723 2265
377830 2253
377936 2267
378044 2265
378150 2278
378257 2265
378363 2267
378469 2263
378576 2260
378682 2262
378788 2267
378894 2266
379002 2271
379108 2266
379215 2267
379321 2263
379428 2260
379534 2265
379640 2266
379747 2262
379853 2272
379959 2262
380067 2266
380173 2266
380280 2235
380386 2266
380492 2264
380599 2267
380705 2267
380811 2265
380918 2268
381025 2259
381132 2266
381238 2265
381344 2269
381451 2258
381557 2266
381663 2267
381770 2267
381876 2265
381984 2265
382091 2264
382197 2269
382304 2232
382410 2273
382516 2267
382623 2265
382729 2221
382835 2267
382941 2267
383049 2267
383155 2268
383262 2275
383368 2265
383475 2269
383581 2265
383687 2269
383794 2267
383900 2267
384007 2268
384114 2253
384220 2266
384327 2262
384433 2266
384539 2269
384646 2263
384752 2257
384858 2264
384965 2268
385072 2267
385179 2207
385285 2267
385391 2267
385498 2267
385604 2290
385710 2262
385817 2266
385923 2263
386031 2268
386137 2270
386243 2264
386350 2276
386456 2265
386562 2265
386669 2266
386775 2270
386881 2268
386989 2265
387096 2266
387202 2259
387308 2261
387414 2262
387521 2262
387627 2400
387733 2263
387840 2265
387946 2263
388054 2275
388160 2266
388267 2261
388373 2264
388479 2248
388586 2265
388692 2265
388798 2263
388904 2257
389012 2259
389118 2261
389225 2283
389331 2259
389438 2265
389544 2255
389650 2265
389757 2259
389863 2262
389969 2261
390077 2277
390183 2264
390290 2259
390396 2258
390502 2194
390609 2258
390715 2263
390821 2258
390928 2263
391035 2263
391142 2260
391248 2261
391354 2263
391461 2264
391567 2263
391673 2258
391780 2264
391886 2260
391994 2263
392100 2255
392206 2261
392313 2260
392419 2262
392525 2263
392632 2263
392738 2261
392844 2264
392951 2265
393058 2261
393165 2257
393271 2263
393377 2248
393484 2262
393590 2262
393696 2262
393803 2322
393909 2263
394017 2262
394123 2264
394230 2263
394336 2261
394442 2261
394549 2262
394655 2262
394761 2262
394867 2263
394974 2261
395081 2263
395188 2265
395294 2262
395401 2253
395507 2261
395613 2261
395720 2263
395826 2265
395932 2260
396040 2262
396146 2262
396253 2245
396359 2275
396465 2263
396572 2269
396678 2209
396784 2261
396891 2268
396998 2263
397105 2262
397211 2270
397317 2262
397424 2265
397530 2266
397636 2265
397743 2265
397849 2262
397955 2266
398063 2269
398169 2265
398276 2287
398382 2267
398488 2265
398595 2267
398701 2258
398807 2266
398914 2270
399021 2268
399128 2256
399234 2266
399340 2262
399447 2268
399553 2267
399659 2266
399766 2265
399872 2268
399978 2251
400085 2267
400192 2268
400298 2266
400405 2268
400511 2266
400618 2269
400724 2282
400830 2269
400937 2264
401044 2268
401150 2270
401257 2266
401363 2267
401470 2265
401576 2245
401682 2266
401789 2268
401895 2269
402002 2322
402109 2270
402215 2263
402322 2266
402428 2258
402534 2266
402641 2265
402747 2266
402853 2215
402960 2266
403067 2265
403174 2259
403280 2266
403386 2268
403493 2263
403599 2271
403705 2268
403812 2267
403918 2267
404026 2266
404132 2267
404239 2266
404345 2265
404451 2270
404557 2265
404664 2267
404770 2264
404876 2363
404984 2264
405090 2264
405197 2265
405303 2226
405409 2266
405516 2267
405622 2263
405728 2248
405834 2263
405941 2267
406048 2266
406155 2264
406261 2267
406368 2265
406474 2250
406580 2264
406687 2261
406793 2268
406899 2262
407007 2266
407113 2265
407220 2265
407326 2265
407432 2262
407539 2266
407645 2266
407751 2068
407858 2263
407964 2265
408071 2268
408178 2257
408284 2266
408391 2263
408497 2266
408603 2198
408710 2265
408816 2263
408922 2264
409030 2262
409136 2265
409243 2261
409349 2258
409455 2263
409562 2266
409668 2266
409774 2263
409881 2290
409988 2262
410095 2264
410201 2244
410307 2263
410414 2263
410520 2261
410626 2290
410733 2277
410839 2262
410945 2259
411053 2265
411159 2262
411266 2263
411372 2260
411479 2265
411585 2258
411691 2261
411797 2260
411904 2262
412011 2263
412118 2259
412224 2248
412331 2260
412437 2260
412543 2263
412650 2259
412756 2264
412862 2259
412969 2263
413076 2331
413183 2263
413289 2261
413395 2262
413502 2274
413608 2261
413714 2262
413821 2264
413927 2237
414034 2262
414141 2262
414247 2264
414354 2264
414460 2264
414566 2267
414673 2264
414779 2263
414885 2265
414993 2265
415099 2280
415206 2264
415312 2265
415418 2263
415525 2266
415631 2264
415737 2265
415844 2265
415950 2266
416058 2264
416164 2265
416270 2260
416377 2231
416483 2261
416589 2263
416696 2261
416802 2288
416908 2262
417016 2260
417122 2264
417229 2262
417335 2263
417442 2266
417548 2266
417654 2268
417760 2261
417867 2264
417973 2262
418081 2261
418187 2266
418294 2262
418400 2256
418506 2264
418613 2262
418719 2266
418825 2268
418932 2268
419039 2264
419146 2263
419252 2283
419358 2266
419465 2263
419571 2274
419677 2241
419784 2265
419890 2261
419997 2264
420104 2262
420210 2264
420317 2264
420423 2265
420529 2268
420636 2267
420742 2266
420848 2260
420955 2268
421062 2268
421168 2264
421275 2268
421381 2261
421488 2269
421594 2267
421700 2269
421807 2268
421913 2267
422021 2266
422127 2341
422233 2267
422340 2268
422446 2264
422552 2270
422659 2266
422765 2270
422871 2267
422978 2312
423085 2268
423192 2266
423298 2256
423405 2268
423511 2267
423617 2268
423724 2258
423830 2269
423936 2267
424044 2269
424150 2261
424257 2268
424363 2266
424470 2267
424576 2222
424682 2244
424788 2265
424895 2267
425002 2253
425109 2266
425215 2266
425322 2267
425428 2267
425534 2267
425641 2260
425747 2265
425853 2265
425960 2267
426067 2263
426174 2272
426280 2263
426386 2267
426493 2267
426599 2280
426705 2264
426812 2265
426918 2267
427025 2357
427132 2263
427238 2266
427345 2261
427451 2268
427557 2262
427664 2266
427770 2265
427876 2219
427984 2263
428090 2263
428197 2266
428303 2263
428410 2263
428516 2265
428622 2259
428729 2265
428835 2265
428941 2260
429049 2272
429155 2262
429262 2265
429368 2257
429474 2271
429581 2263
429687 2262
429793 2262
429900 2260
430007 2264
430114 2263
430220 2255
430327 2256
430433 2258
430539 2263
430645 2258
430752 2212
430858 2261
430964 2259
431072 2264
431179 2261
431285 2258
431391 2262
431498 2249
431604 2261
431710 2262
431817 2262
431923 2273
432030 2263
432137 2260
432243 2260
432350 2271
432456 2262
432562 2259
432669 2263
432775 2261
432881 2259
432989 2262
433095 2263
433202 2283
433308 2261
433414 2261
433521 2264
433627 2243
433733 2260
433840 2259
433946 2264
434053 2262
434160 2260
434266 2260
434373 2274
434479 2261
434585 2264
434692 2262
434798 2272
434904 2261
435012 2264
435118 2262
435225 2266
435331 2262
435437 2264
435544 2261
435650 2217
435756 2264
435863 2263
435969 2262
436077 2278
