2 1552
108 1543
214 1542
320 1542
426 1544
533 1541
639 1542
746 1542
852 1542
960 1541
1066 1541
1172 1551
1278 1542
1384 1542
1491 1537
1597 1537
1704 1541
1810 1541
1916 1544
2024 1558
2130 1540
2236 1544
2342 1541
2449 1535
2555 1539
2662 1543
2768 1541
2874 1537
2982 1543
3088 1538
3194 1538
3300 1496
3407 1539
3513 1539
3620 1538
3726 1541
3832 1536
3939 1538
4046 1548
4153 1536
4259 1542
4365 1538
4471 1542
4578 1534
4684 1538
4790 1537
4897 1542
5004 1539
5111 1536
5217 1536
5323 1536
5429 1537
5536 1540
5642 1537
5748 1524
5855 1534
5962 1536
6069 1538
6175 1503
6281 1535
6387 1532
6494 1536
6600 1536
6706 1535
6813 1534
6919 1537
7027 1540
7133 1537
7239 1535
7345 1537
7452 1535
7558 1538
7664 1537
7771 1539
7877 1534
7985 1537
8091 1537
8197 1524
8303 1536
8410 1541
8516 1538
8622 1555
8729 1534
8835 1537
8942 1539
9049 1519
9155 1537
9261 1535
9368 1537
9474 1561
9580 1536
9687 1538
9793 1534
9900 1529
10007 1540
10113 1539
10219 1539
10326 1539
10432 1539
10538 1536
10645 1538
10751 1539
10858 1532
10965 1539
11071 1550
11177 1537
11284 1540
11390 1539
11496 1534
11603 1536
11709 1538
11816 1539
11922 1545
12030 1538
12136 1538
12242 1542
12348 1491
12454 1539
12561 1536
12667 1535
12774 1509
12880 1540
12988 1539
13094 1540
13200 1479
13306 1542
13412 1541
13519 1541
13625 1543
13732 1541
13838 1546
13945 1541
14051 1542
14157 1540
14264 1540
14370 1546
14477 1543
14583 1542
14689 1540
14796 1541
14902 1544
15010 1462
15116 1540
15222 1544
15328 1541
15435 1544
15541 1541
15647 1525
15754 1538
15860 1540
15968 1543
16074 1555
16180 1547
16286 1540
16393 1546
16499 1538
16605 1543
16712 1547
16818 1539
16925 1548
17032 1542
17138 1543
17244 1540
17351 1539
17457 1548
17563 1543
17670 1530
17776 1541
17883 1543
17990 1543
18096 1549
18202 1544
18309 1542
18415 1540
18521 1546
18628 1540
18734 1545
18841 1543
18947 1546
19055 1542
19161 1543
19267 1544
19374 1536
19480 1543
19587 1542
19693 1541
19800 1547
19906 1538
20014 1541
20120 1542
20226 1541
20332 1543
20438 1538
20545 1542
20651 1537
20758 1540
20864 1543
20972 1554
21078 1542
21184 1538
21290 1542
21396 1548
21503 1539
21609 1540
21716 1538
21822 1541
21928 1540
22036 1543
22142 1544
22248 1569
22354 1544
22461 1539
22567 1543
22674 1549
22780 1540
22886 1543
22994 1539
23100 1533
23206 1541
23312 1537
23419 1538
23525 1540
23632 1539
23738 1540
23844 1536
23952 1538
24058 1537
24164 1540
24270 1537
24377 1542
24483 1535
24590 1540
24696 1545
24802 1536
24909 1538
25016 1542
25123 1609
25229 1536
25335 1534
25441 1539
25548 1539
25654 1540
25760 1540
25867 1534
25974 1567
26081 1536
26187 1536
26293 1537
26399 1605
26506 1536
26612 1534
26718 1538
26825 1538
26931 1539
27039 1538
27145 1532
27251 1538
27357 1536
27464 1536
27570 1539
27676 1541
27783 1539
27889 1535
27997 1527
28103 1539
28209 1535
28315 1539
28422 1547
28528 1536
28634 1536
28741 1535
28847 1474
28955 1543
29061 1535
29167 1534
29273 1591
29380 1538
29486 1537
29592 1530
29699 1531
29805 1536
29912 1535
30019 1536
30125 1535
30231 1537
30338 1538
30444 1537
30550 1538
30657 1540
30763 1536
30870 1552
30977 1540
31083 1539
31189 1539
31296 1534
31402 1540
31508 1538
31615 1541
31721 1543
31828 1537
31934 1537
32042 1539
32148 1550
32254 1538
32360 1536
32466 1539
32573 1538
32679 1540
32786 1538
32892 1539
33000 1540
33106 1537
33212 1540
33318 1540
33424 1542
33531 1542
33637 1539
33744 1541
33850 1537
33958 1541
34064 1540
34170 1538
34276 1543
34382 1538
34489 1543
34595 1540
34702 1542
34808 1541
34915 1542
35022 1624
35128 1539
35234 1539
35340 1543
35447 1598
35553 1542
35660 1541
35766 1541
35873 1576
35980 1542
36086 1542
36192 1540
36298 1599
36405 1542
36511 1546
36618 1540
36724 1542
36831 1541
36937 1542
37045 1544
37151 1542
37257 1543
37363 1546
37469 1519
37576 1542
37682 1544
37789 1543
37895 1544
38003 1544
38109 1543
38215 1547
38321 1543
38427 1544
38534 1541
38640 1544
38747 1547
38853 1544
38961 1545
39067 1542
39173 1599
39279 1541
39385 1543
39492 1543
39598 1614
39705 1543
39811 1543
39917 1544
40025 1544
40131 1541
40237 1542
40343 1541
40450 1542
40556 1544
40663 1542
40769 1551
40875 1538
40983 1541
41089 1541
41195 1537
41301 1541
41408 1538
41514 1541
41621 1550
41727 1539
41833 1544
41940 1541
42047 1540
42154 1537
42260 1542
42366 1539
42472 1553
42579 1542
42685 1542
42791 1541
42898 1537
43005 1540
43112 1538
43218 1540
43324 1544
43430 1536
43537 1541
43643 1537
43749 1537
43856 1538
43963 1541
44070 1540
44176 1540
44282 1539
44388 1540
44495 1541
44601 1538
44707 1538
44814 1543
44920 1542
45028 1540
45134 1539
45240 1537
45346 1521
45453 1540
45559 1538
45665 1541
45772 1548
45878 1539
45986 1542
46092 1538
46198 1609
46304 1542
46411 1537
46517 1537
46623 1600
46730 1536
46836 1536
46943 1539
47050 1537
47156 1538
47262 1537
47369 1522
47475 1539
47581 1536
47688 1535
47794 1533
47901 1534
48008 1538
48114 1537
48220 1539
48327 1537
48433 1537
48539 1540
48646 1534
48752 1538
48859 1538
48966 1539
49072 1588
49178 1537
49285 1537
49391 1535
49497 1503
49604 1538
49710 1538
49817 1536
49923 1530
50031 1539
50137 1535
50243 1536
50349 1538
50455 1539
50562 1541
50668 1538
50775 1539
50881 1537
50989 1537
51095 1537
51201 1537
51307 1537
51413 1538
51520 1538
51626 1540
51733 1535
51839 1540
51946 1522
52052 1539
52158 1539
52265 1539
52371 1473
52478 1537
52584 1538
52690 1539
52797 1559
52903 1539
53011 1539
53117 1540
53223 1433
53329 1540
53436 1541
53542 1539
53648 1543
53755 1540
53861 1540
53969 1555
54075 1538
54181 1541
54287 1542
54394 1560
54500 1540
54606 1538
54713 1544
54819 1531
54926 1543
55033 1544
55139 1539
55245 1525
55352 1538
55458 1545
55564 1522
55671 1538
55777 1534
55884 1536
55991 1545
56097 1538
56203 1541
56310 1541
56416 1541
56522 1527
56629 1541
56735 1544
56842 1537
56950 1541
57056 1545
57162 1539
57268 1534
57375 1541
57481 1543
57588 1543
57694 1551
57800 1542
57907 1543
58014 1544
58120 1566
58227 1543
58333 1543
58439 1539
58546 1542
58652 1539
58758 1543
58865 1543
58972 1480
59078 1545
59185 1541
59291 1542
59397 1491
59504 1543
59610 1544
59716 1542
59823 1551
59929 1545
60037 1542
60143 1541
60249 1543
60355 1541
60462 1542
60568 1542
60674 1544
60781 1539
60887 1542
60995 1540
61101 1538
61207 1542
61313 1538
61420 1532
61526 1534
61632 1540
61739 1541
61845 1519
61953 1542
62059 1535
62165 1538
62271 1541
62378 1609
62484 1545
62590 1533
62697 1517
62803 1543
62910 1540
63017 1543
63123 1537
63229 1540
63336 1538
63442 1538
63548 1540
63655 1534
63761 1542
63868 1538
63975 1540
64081 1553
64187 1536
64294 1546
64400 1536
64506 1542
64613 1536
64719 1538
64826 1537
64932 1538
65040 1543
65146 1409
65252 1537
65358 1537
65464 1538
65571 1540
65677 1538
65784 1539
65890 1537
65998 1575
66104 1538
66210 1540
66316 1535
66422 1580
66529 1538
66635 1538
66742 1537
66848 1542
66956 1538
67062 1539
67168 1528
67274 1534
67380 1539
67487 1540
67593 1545
67700 1538
67806 1538
67913 1539
68020 1555
68126 1539
68232 1535
68338 1538
68445 1537
68551 1538
68658 1536
68764 1537
68871 1694
68978 1534
69084 1519
69190 1537
69296 1479
69403 1535
69509 1537
69616 1536
69722 1523
69829 1532
69935 1539
70042 1536
70149 1532
70255 1535
70361 1532
70467 1538
70574 1536
70680 1535
70787 1540
70893 1537
71000 1538
71107 1536
71213 1539
71319 1527
71425 1536
71532 1539
71638 1537
71745 1555
71851 1539
71958 1538
72065 1540
72171 1536
72277 1538
72383 1536
72490 1537
72596 1531
72703 1537
72809 1540
72915 1538
73023 1540
73129 1537
73235 1539
73341 1543
73448 1540
73554 1540
73661 1541
73767 1539
73873 1537
73981 1541
74087 1539
74193 1547
74299 1542
74406 1539
74512 1539
74619 1527
74725 1541
74831 1542
74938 1543
75045 1414
75151 1539
75258 1540
75364 1540
75470 1540
75577 1541
75683 1544
75789 1538
75896 1560
76003 1539
76109 1541
76216 1544
76322 1535
76428 1547
76535 1545
76641 1542
76747 1552
76854 1546
76961 1543
77067 1529
77174 1543
77280 1545
77386 1537
77493 1543
77599 1541
77705 1543
77812 1543
77918 1550
78026 1543
78132 1539
78238 1543
78344 1540
78451 1542
78557 1542
78663 1540
78770 1545
78876 1541
78984 1542
79090 1543
79196 1578
79302 1544
79409 1541
79515 1544
79621 1481
79728 1544
79834 1543
79941 1545
80048 1545
80154 1540
80260 1542
80367 1544
80473 1537
80579 1545
80686 1542
80792 1543
80899 1540
81006 1542
81112 1543
81218 1529
81325 1542
81431 1542
81537 1536
81644 1518
81750 1540
81857 1544
81964 1541
82070 1540
82176 1542
82283 1537
82389 1542
82495 1491
82602 1540
82708 1540
82815 1540
82921 1567
83029 1538
83135 1537
83241 1539
83347 1523
83453 1538
83560 1537
83666 1539
83773 1535
83879 1533
83987 1539
84093 1545
84199 1539
84305 1537
84411 1540
84518 1526
84624 1535
84731 1540
84837 1535
84944 1547
85051 1541
85157 1537
85264 1535
85370 1549
85477 1540
85583 1540
85690 1534
85796 1535
85902 1538
86010 1537
86116 1538
86222 1539
86328 1537
86435 1537
86541 1537
86648 1533
86754 1539
86860 1538
86968 1539
87074 1537
87180 1540
87286 1544
87393 1540
87499 1536
87606 1537
87712 1538
87818 1540
87925 1534
88032 1536
88139 1536
88245 1566
88351 1541
88457 1536
88564 1538
88670 1529
88776 1535
88883 1536
88990 1538
89097 1567
89203 1536
89309 1538
89415 1617
89522 1540
89628 1540
89734 1537
89841 1537
89947 1534
90054 1536
90161 1539
90267 1511
90373 1536
90480 1538
90586 1536
90693 1541
90799 1538
90906 1538
91013 1538
91119 1580
91225 1540
91331 1540
91438 1541
91544 1539
91651 1535
91757 1542
91864 1538
91971 1540
92077 1537
92183 1539
92289 1539
92396 1553
92502 1540
92609 1537
92715 1538
92822 1510
92928 1539
93036 1542
93142 1539
93248 1539
93354 1540
93460 1537
93567 1543
93673 1537
93780 1542
93886 1537
93994 1530
94100 1539
94206 1537
94312 1543
94418 1548
94525 1541
94631 1546
94738 1539
94844 1529
94952 1541
95058 1542
95164 1540
95270 1553
95376 1538
95483 1539
95589 1551
95696 1524
95802 1542
95908 1539
96016 1540
96122 1496
96228 1539
96334 1543
96441 1540
96547 1540
96654 1543
96760 1539
96866 1528
96974 1540
97080 1541
97186 1541
97292 1550
97399 1543
97505 1541
97612 1541
97718 1542
97824 1540
97931 1545
98038 1543
98145 1543
98251 1543
98357 1541
98463 1544
98570 1542
98676 1544
98782 1538
98889 1540
98996 1517
99103 1545
99209 1543
99315 1543
99421 1572
99528 1544
99634 1538
99740 1545
99847 1541
99954 1542
100061 1540
100167 1516
100273 1542
100379 1541
100486 1541
100592 1537
100698 1541
100805 1541
100911 1543
101019 1550
101125 1540
101231 1541
101337 1541
101444 1534
101550 1541
101656 1539
101763 1542
101869 1517
101977 1540
102083 1541
102189 1545
102295 1509
102402 1540
102508 1543
102614 1544
102721 1580
102827 1545
102934 1537
103041 1541
103147 1539
103253 1537
103360 1540
103466 1539
103572 1540
103679 1538
103785 1542
103892 1532
103999 1535
104105 1540
104211 1537
104318 1534
104424 1540
104530 1535
104637 1540
104743 1527
104850 1537
104957 1537
105063 1537
105169 1555
105276 1537
105382 1542
105488 1539
105595 1599
105701 1533
105808 1539
105914 1543
106022 1535
106128 1534
106234 1536
106340 1536
106446 1542
106553 1538
106659 1538
106766 1537
106872 1537
106980 1540
107086 1532
107192 1547
107298 1538
107404 1533
107511 1536
107617 1535
107724 1537
107830 1538
107937 1537
108044 1536
108150 1541
108256 1534
108362 1536
108469 1612
108575 1538
108682 1535
108788 1537
108895 1593
109002 1538
109108 1536
109214 1534
109320 1531
109427 1536
109533 1534
109640 1534
109746 1537
109853 1538
109960 1534
110066 1515
110172 1537
110278 1536
110385 1538
110491 1518
110598 1538
110704 1535
110811 1536
110917 1550
111025 1538
111131 1538
111237 1534
111343 1536
111449 1539
111556 1537
111662 1540
111769 1482
111875 1538
111983 1536
112089 1538
112195 1502
112301 1535
112407 1537
112514 1536
112620 1540
112727 1538
112833 1536
112939 1540
113047 1540
113153 1542
113259 1537
113365 1540
113472 1546
113578 1538
113685 1541
113791 1559
113897 1541
114005 1543
114111 1537
114217 1532
114323 1542
114430 1541
114536 1539
114643 1542
114749 1540
114855 1539
114963 1541
115069 1550
115175 1541
115281 1542
115388 1539
115494 1512
115601 1541
115707 1538
115813 1541
115920 1545
116027 1539
116134 1541
116240 1538
116346 1546
116452 1539
116559 1545
116665 1540
116771 1542
116878 1544
116985 1541
117092 1553
117198 1540
117304 1541
117410 1539
117517 1533
117623 1541
117729 1503
117836 1541
117942 1538
118050 1543
118156 1537
118262 1540
118368 1539
118475 1544
118581 1542
118687 1543
118794 1588
118900 1542
119008 1543
119114 1544
119220 1525
119326 1543
119433 1543
119539 1538
119645 1545
119752 1541
119858 1542
119966 1520
120072 1540
120178 1544
120284 1539
120391 1532
120497 1540
120603 1542
120710 1542
120816 1529
120923 1541
121030 1540
121136 1541
121242 1537
121349 1543
121455 1542
121561 1540
121668 1559
121774 1539
121881 1538
121988 1543
122094 1509
122200 1544
122307 1541
122413 1539
122519 1525
122626 1540
122732 1543
122839 1540
122945 1554
123051 1542
123158 1538
123264 1538
123371 1538
123477 1540
123584 1540
123690 1534
123796 1540
123903 1539
124010 1538
124117 1548
124223 1537
124329 1540
124435 1538
124542 1539
124648 1543
124754 1535
124861 1539
124968 1509
125075 1537
125181 1537
125287 1539
125393 1501
125500 1536
125606 1542
125712 1535
125819 1471
125925 1541
126033 1537
126139 1540
126245 1472
126351 1540
126458 1534
126564 1535
126670 1535
126777 1535
126883 1541
126991 1526
127097 1539
127203 1537
127309 1537
127416 1545
127522 1533
127628 1536
127735 1537
127841 1524
127948 1538
128055 1536
128162 1540
128268 1511
128375 1536
128481 1539
128587 1534
128694 1490
128800 1537
128907 1539
129014 1536
129121 1537
129227 1538
129333 1535
129440 1533
129546 1538
129653 1534
129759 1539
129866 1542
129973 1539
130079 1539
130185 1537
130291 1550
130398 1534
130504 1536
130611 1537
130717 1536
130824 1542
130930 1537
131038 1540
131144 1542
131250 1538
131356 1539
131462 1540
131569 1538
131675 1546
131782 1540
131888 1539
131996 1536
132102 1538
132208 1535
132314 1538
132420 1539
132527 1540
132633 1538
132740 1537
132846 1539
132954 1540
133060 1538
133166 1536
133272 1538
133378 1542
133485 1541
133591 1528
133698 1541
133804 1538
133910 1540
134018 1541
134124 1538
134230 1540
134336 1538
134443 1399
134549 1535
134656 1544
134762 1542
134868 1497
134976 1546
135082 1537
135188 1542
135294 1516
135401 1539
135507 1540
135614 1538
135720 1542
135826 1537
135933 1542
136040 1529
136147 1544
136253 1544
136359 1540
136465 1546
136572 1542
136678 1529
136784 1541
136891 1538
136998 1545
137105 1540
137211 1542
137317 1537
137423 1537
137530 1542
137636 1541
137742 1546
137849 1543
137956 1543
138063 1545
138169 1532
138275 1544
138381 1541
138488 1543
138594 1537
138700 1541
138807 1544
138913 1540
139021 1544
139127 1540
139233 1541
139339 1543
139446 1539
139552 1542
139658 1543
139765 1516
139871 1541
139979 1542
140085 1542
140191 1551
140297 1543
140404 1544
140510 1539
140616 1554
140723 1538
140829 1538
140936 1541
141043 1547
141149 1541
141255 1542
141362 1543
141468 1592
141574 1539
141681 1539
141787 1538
141894 1550
142001 1543
142107 1538
142213 1543
142320 1539
142426 1540
142532 1539
142639 1543
142745 1543
142852 1545
142959 1545
143065 1534
143171 1540
143278 1539
143384 1538
143490 1609
143597 1537
143703 1541
143810 1540
143916 1547
144024 1544
144130 1536
144236 1542
144342 1542
144448 1539
144555 1540
144661 1538
144768 1506
144874 1537
144982 1534
145088 1538
145194 1550
145300 1541
145406 1538
145513 1539
145619 1520
145726 1542
145832 1540
145939 1538
146046 1541
146152 1535
146258 1539
146364 1554
146471 1537
146577 1535
146684 1538
146790 1553
146897 1539
147004 1539
147110 1536
147216 1532
147322 1539
147429 1541
147535 1535
147642 1534
147748 1535
147855 1538
147962 1538
148068 1535
148174 1542
148280 1535
148387 1540
148493 1534
148600 1537
148706 1537
148813 1536
148919 1600
149027 1541
149133 1534
149239 1532
149345 1538
149451 1538
149558 1533
149664 1527
149771 1536
149877 1536
149985 1539
150091 1547
150197 1537
150303 1523
150409 1534
150516 1532
150622 1539
150729 1540
150835 1536
150941 1531
151049 1538
151155 1536
151261 1539
151367 1532
151474 1538
151580 1539
151687 1538
151793 1532
151899 1536
152007 1538
152113 1536
152219 1536
152325 1536
152432 1535
152538 1539
152645 1540
152751 1540
152857 1537
152965 1535
153071 1539
153177 1537
153283 1537
153390 1537
153496 1540
153603 1537
153709 1540
153815 1535
153922 1542
154029 1542
154136 1540
154242 1544
154348 1541
154454 1539
154561 1540
154667 1507
154773 1540
154880 1545
154987 1541
155094 1531
155200 1542
155306 1541
155412 1539
155519 1502
155625 1542
155731 1539
155838 1540
155944 1544
156051 1538
156157 1540
156264 1540
156370 1543
156476 1542
156583 1539
156689 1550
156795 1536
156902 1544
157009 1543
157115 1531
157222 1544
157328 1540
157434 1544
157541 1540
157647 1540
157753 1542
157860 1543
157967 1502
158073 1542
158180 1542
158286 1542
158392 1568
158499 1543
158605 1541
158711 1544
158818 1520
158924 1543
159032 1546
159138 1541
159244 1546
159350 1541
159457 1544
159563 1544
159669 1540
159776 1543
159882 1543
159990 1548
160096 1541
160202 1542
160308 1542
160415 1532
160521 1544
160627 1539
160734 1541
160840 1547
160947 1535
161054 1545
161161 1541
161267 1540
161373 1543
161480 1539
161586 1544
161693 1536
161799 1542
161906 1543
162013 1539
162119 1545
162226 1541
162332 1544
162439 1523
162545 1539
162652 1541
162758 1540
162864 1539
162972 1540
163078 1537
163184 1540
163290 1537
163397 1534
163503 1539
163610 1539
163716 1541
163822 1535
163929 1541
164036 1538
164143 1519
164249 1540
164355 1538
164461 1540
164568 1538
164674 1538
164780 1536
164887 1536
164994 1540
165101 1538
165207 1539
165313 1536
165419 1538
165526 1543
165632 1537
165738 1540
165845 1537
165952 1539
166059 1538
166165 1521
166271 1539
166377 1531
166484 1535
166590 1518
166696 1537
166803 1540
166909 1533
167017 1525
167123 1535
167229 1539
167335 1537
167442 1523
167548 1538
167654 1534
167761 1539
167867 1543
167975 1536
168081 1537
168187 1537
168293 1461
168400 1537
168506 1536
168612 1537
168719 1538
168825 1536
168932 1536
169039 1542
169145 1536
169251 1537
169358 1539
169464 1530
169570 1537
169677 1536
169783 1535
169890 1547
169997 1536
170103 1538
170209 1537
170316 1548
170422 1536
170528 1537
170635 1541
170741 1546
170848 1538
170955 1540
171061 1537
171167 1510
171274 1537
171380 1541
171486 1540
171593 1545
171699 1540
171806 1521
171912 1538
172020 1541
172126 1537
172232 1539
172338 1534
172444 1538
172551 1537
172657 1538
172764 1543
172870 1538
172978 1539
173084 1534
173190 1541
173296 1539
173402 1539
173509 1541
173615 1533
173722 1542
173828 1538
173935 1541
174042 1535
174148 1538
174254 1541
174360 1541
174467 1557
174573 1541
174680 1545
174786 1547
174893 1539
175000 1542
175106 1536
175212 1542
175318 1540
175425 1543
175531 1543
175638 1542
175744 1540
175851 1542
175958 1537
176064 1528
176170 1537
176276 1546
176383 1541
176489 1543
176596 1544
176702 1545
176809 1541
176915 1537
177023 1541
177129 1541
177235 1541
177341 1385
177447 1543
177554 1540
177660 1542
177767 1488
177873 1544
177981 1542
178087 1542
178193 1450
178299 1542
178405 1543
178512 1542
178618 1546
178725 1544
178831 1542
178937 1544
179045 1543
179151 1540
179257 1543
179363 1538
179470 1544
179576 1543
179683 1545
179789 1548
179895 1541
180003 1544
180109 1538
180215 1553
180321 1540
180428 1542
180534 1544
180641 1516
180747 1544
180853 1540
180961 1542
181067 1520
181173 1541
181279 1546
181386 1539
181492 1595
181599 1540
181705 1539
181811 1540
181918 1538
182025 1546
182132 1539
182238 1540
182344 1543
182450 1543
182557 1542
182663 1516
182769 1542
182876 1543
182983 1537
183090 1540
183196 1536
183302 1540
183408 1541
183515 1551
183621 1541
183727 1536
183834 1539
183940 1542
184048 1537
184154 1540
184260 1538
184366 1563
184473 1537
184579 1546
184685 1537
184792 1560
184898 1538
185006 1539
185112 1537
185218 1537
185324 1535
185431 1534
185537 1536
185643 1539
185750 1537
185856 1540
185964 1523
186070 1535
186176 1535
186282 1535
186389 1539
186495 1540
186601 1535
186708 1538
186814 1538
186921 1541
187028 1533
187134 1533
187240 1380
187347 1535
187453 1540
187559 1534
187666 1545
187772 1536
187879 1537
187986 1539
188092 1443
188198 1537
188305 1535
188411 1538
188517 1540
188624 1532
188730 1537
188837 1536
188943 1538
189051 1537
189157 1534
189263 1534
189369 1542
189476 1537
189582 1539
189689 1541
189795 1533
189901 1536
190009 1536
190115 1539
190221 1539
190327 1539
190434 1536
190540 1540
190647 1538
190753 1535
190859 1535
190967 1536
191073 1538
191179 1538
191285 1536
191392 1608
191498 1539
191605 1538
191711 1534
191817 1538
191924 1540
192031 1538
192138 1521
192244 1536
192350 1539
192456 1537
192563 1536
192669 1540
192775 1536
192882 1539
192989 1550
193096 1539
193202 1542
193308 1537
193414 1556
193521 1539
193627 1537
193733 1543
193840 1543
193946 1545
194054 1538
194160 1539
194266 1573
194372 1538
194479 1542
194585 1553
194692 1538
194798 1540
194904 1542
195012 1542
195118 1538
195224 1544
195330 1535
195437 1543
195543 1538
195650 1538
195756 1541
195862 1533
195970 1543
196076 1543
196182 1545
196288 1556
196395 1540
196501 1545
196608 1541
196714 1545
196820 1543
196927 1541
197034 1546
197140 1506
197247 1542
197353 1543
197459 1542
197566 1545
197672 1544
197778 1546
197885 1542
197992 1537
198098 1545
198205 1541
198311 1546
198417 1543
198524 1542
198630 1544
198736 1540
198843 1543
198950 1542
199056 1541
199163 1542
199269 1541
199375 1546
199482 1543
199588 1551
199694 1542
199801 1540
199907 1544
200015 1683
200121 1543
200227 1541
200333 1542
200440 1526
200546 1541
200652 1547
200759 1542
200865 1510
200973 1542
201079 1538
201185 1542
201291 1598
201398 1544
201504 1539
201610 1540
201717 1543
201823 1538
201930 1542
202037 1550
202143 1539
202249 1541
202356 1540
202462 1522
202568 1543
202675 1535
202781 1546
202888 1544
202995 1543
203101 1540
203207 1540
203314 1537
203420 1538
203526 1544
203633 1539
203739 1549
203846 1537
203953 1538
204059 1538
204165 1555
204272 1540
204378 1534
204484 1543
204591 1520
204697 1543
204804 1537
204910 1538
205018 1545
205124 1534
205230 1538
205336 1537
205442 1541
205549 1540
205655 1540
205762 1536
205868 1539
205976 1535
206082 1539
206188 1547
206294 1536
206400 1539
206507 1535
206613 1525
206720 1533
206826 1537
206933 1538
207040 1510
207146 1536
207252 1535
207358 1538
207465 1531
207571 1537
207678 1539
207784 1534
207891 1596
207998 1536
208104 1538
208210 1540
208316 1519
208423 1537
208529 1537
208636 1536
208742 1539
208849 1536
208956 1537
209062 1531
209168 1535
209274 1538
209381 1537
209487 1534
209594 1535
209700 1537
209807 1534
209913 1548
210020 1539
210127 1536
210233 1539
210339 1530
210445 1538
210552 1536
210658 1536
210765 1521
210871 1538
210978 1540
211085 1537
211191 1582
211297 1538
211403 1538
211510 1546
211616 1475
211723 1539
211829 1539
211935 1536
212043 1540
212149 1537
212255 1540
212361 1538
212468 1536
212574 1540
212681 1536
212787 1535
212893 1538
213001 1539
213107 1542
213213 1536
213319 1540
213426 1542
213532 1541
213639 1534
213745 1538
213851 1542
213959 1539
214065 1548
214171 1544
214277 1540
214384 1542
214490 1482
214597 1540
214703 1543
214809 1538
214916 1532
215023 1541
215129 1539
215236 1542
215342 1542
215448 1541
215555 1537
215661 1541
215767 1539
215874 1537
215981 1542
216087 1551
216194 1543
216300 1541
216406 1543
216513 1538
216619 1539
216725 1542
216832 1540
216938 1549
217046 1542
217152 1541
217258 1544
217364 1650
217471 1544
217577 1543
217683 1544
217790 1509
217896 1527
218004 1541
218110 1540
218216 1522
218322 1541
218429 1543
218535 1544
218641 1553
218748 1542
218854 1543
218962 1539
219068 1543
219174 1537
219280 1543
219387 1554
219493 1543
219599 1547
219706 1543
219812 1528
219919 1539
220026 1543
220132 1538
220238 1528
220345 1545
220451 1540
220557 1544
220664 1617
220770 1541
220877 1540
220984 1538
221090 1579
221196 1540
221303 1540
221409 1540
221515 1541
221622 1548
221728 1542
221835 1540
221941 1550
222049 1542
222155 1541
222261 1540
222367 1540
222473 1541
222580 1538
222686 1536
222793 1536
222899 1541
223007 1539
223113 1533
223219 1540
223325 1537
223431 1542
223538 1537
223644 1539
223751 1538
223857 1537
223965 1541
224071 1529
224177 1541
224283 1536
224389 1538
224496 1537
224602 1533
224709 1541
224815 1476
224922 1538
225029 1541
225135 1539
225241 1543
225347 1538
225454 1540
225560 1536
225667 1536
225773 1537
225880 1540
225987 1553
226093 1537
226199 1535
226305 1538
226412 1556
226518 1537
226625 1535
226731 1538
226838 1532
226944 1537
227051 1540
227157 1538
227263 1547
227370 1537
227476 1536
227582 1538
227689 1457
227795 1536
227901 1535
228009 1534
228115 1507
228221 1538
228327 1540
228434 1538
228540 1535
228647 1536
228753 1535
228859 1535
228967 1537
229073 1536
229179 1537
229285 1534
229392 1537
229498 1533
229605 1540
229711 1537
229817 1534
229924 1537
230031 1535
230137 1533
230244 1536
230350 1540
230456 1538
230563 1536
230669 1539
230775 1535
230882 1540
230989 1572
231095 1536
231202 1539
231308 1537
231414 1536
231521 1539
231627 1540
231733 1537
231840 1583
231946 1539
232053 1538
232160 1538
232266 1547
232372 1537
232478 1538
232585 1540
232691 1536
232798 1537
232904 1536
233011 1539
233118 1538
233224 1541
233330 1539
233436 1544
233543 1540
233649 1540
233756 1542
233862 1536
233969 1544
234076 1541
234182 1534
234288 1525
234394 1540
234501 1541
234607 1541
234714 1533
234820 1543
234926 1540
235034 1544
235140 1545
235246 1539
235352 1544
235459 1538
235565 1543
235672 1538
235778 1538
235884 1544
235992 1540
236098 1545
236204 1542
236310 1544
236417 1544
236523 1542
236630 1547
236736 1529
236842 1542
236950 1542
237056 1542
237162 1556
237269 1541
237375 1544
237482 1542
237588 1596
237694 1544
237801 1541
237907 1544
238015 1526
238121 1543
238227 1546
238333 1543
238440 1541
238546 1542
238652 1541
238759 1545
238865 1540
238973 1545
239079 1539
239185 1545
239291 1540
239398 1545
239504 1542
239610 1555
239717 1543
239823 1543
239930 1542
240037 1529
240143 1541
240249 1543
240356 1540
240462 1562
240568 1538
240675 1541
240781 1543
240888 1540
240995 1548
241101 1537
241207 1541
241314 1540
241420 1477
241526 1541
241633 1539
241739 1595
241846 1540
241953 1539
242059 1542
242165 1543
242272 1541
242378 1535
242484 1542
242591 1542
242697 1540
242804 1543
242910 1549
243018 1541
243124 1535
243230 1537
243336 1551
243442 1538
243549 1543
243655 1541
243762 1522
243868 1541
243976 1538
244082 1538
244188 1564
244294 1538
244400 1542
244507 1541
244613 1541
244720 1535
244826 1539
244933 1535
245040 1544
245146 1540
245252 1534
245358 1537
245465 1501
245571 1538
245678 1541
245784 1537
245891 1538
245998 1535
246104 1534
246210 1531
246316 1533
246423 1533
246529 1534
246636 1544
246742 1538
246849 1534
246956 1541
247062 1522
247168 1534
247274 1536
247381 1537
247487 1530
247594 1535
247700 1539
247807 1538
247913 1540
248021 1536
248127 1535
248233 1538
248339 1525
248445 1536
248552 1535
248658 1533
248765 1509
248871 1535
248979 1540
249085 1537
249191 1534
249297 1541
249403 1531
249510 1534
249616 1537
249723 1536
249829 1539
249935 1520
250043 1537
250149 1533
250255 1534
250361 1535
250468 1533
250574 1537
250681 1536
250787 1541
250893 1540
251001 1534
251107 1538
251213 1505
251319 1540
251426 1538
251532 1541
251639 1576
251745 1535
251851 1542
251959 1539
252065 1541
252171 1539
252277 1536
252384 1539
252490 1536
252597 1538
252703 1540
252809 1537
252916 1535
253023 1515
253130 1540
253236 1548
253342 1538
253448 1541
253555 1538
253661 1555
253767 1540
253874 1539
253981 1542
254088 1566
254194 1540
254300 1537
254406 1544
254513 1587
254619 1541
254725 1542
254832 1539
254938 1517
255046 1543
255152 1541
255258 1540
255364 1548
255471 1539
255577 1543
255683 1540
255790 1537
255896 1540
256004 1540
256110 1531
256216 1541
256322 1544
256429 1539
256535 1544
256641 1543
256748 1540
256854 1544
256962 1529
257068 1542
257174 1541
257280 1542
257387 1531
257493 1540
257599 1542
257706 1540
257812 1523
257919 1542
258026 1544
258132 1546
258238 1510
258345 1544
258451 1540
258557 1541
258664 1532
258770 1541
258877 1545
258984 1543
259090 1543
259196 1543
259303 1541
259409 1545
259515 1545
259622 1543
259728 1542
259835 1557
259941 1543
260049 1543
260155 1542
260261 1539
260367 1543
260473 1542
260580 1542
260686 1532
260793 1538
260899 1543
261007 1547
261113 1502
261219 1541
261325 1539
261431 1541
261538 1540
261644 1540
261751 1539
261857 1538
261965 1545
262071 1539
262177 1540
262283 1541
262389 1532
262496 1542
262602 1540
262709 1539
262815 1543
262922 1541
263029 1539
263135 1546
263241 1539
263347 1539
263454 1532
263560 1539
263667 1538
263773 1539
263880 1538
263987 1558
264093 1541
264199 1535
264305 1540
264412 1676
264518 1540
264625 1536
264731 1535
264838 1498
264944 1531
265051 1539
265157 1536
265264 1519
265370 1543
265476 1536
265583 1517
265689 1442
265795 1540
265902 1537
266009 1545
266115 1542
266222 1536
266328 1539
266434 1535
266541 1487
266647 1537
266753 1536
266860 1534
266967 1538
267073 1537
267180 1540
267286 1545
267392 1538
267499 1538
267605 1538
267711 1549
267818 1533
267924 1538
268032 1537
268138 1506
268244 1538
268350 1532
268457 1529
268563 1535
268669 1538
268776 1536
268882 1539
268990 1538
269096 1532
269202 1536
269308 1537
269415 1536
269521 1539
269627 1537
269734 1537
269840 1535
269947 1539
270054 1540
270161 1522
270267 1539
270373 1536
270480 1539
270586 1411
270693 1540
270799 1542
270906 1533
271013 1517
271119 1538
271226 1538
271332 1541
271439 1478
271545 1538
271652 1538
271758 1540
271864 1537
271972 1529
272078 1537
272184 1541
272290 1537
272397 1537
272503 1534
272610 1530
272716 1537
272822 1539
272929 1537
273036 1551
273143 1539
273249 1539
273355 1540
273461 1559
273568 1539
273674 1540
273780 1539
273887 1564
273994 1542
274101 1538
274207 1541
274313 1607
274419 1543
274526 1540
274632 1542
274738 1441
274845 1539
274952 1545
275059 1540
275165 1541
275271 1547
275377 1539
275484 1545
275590 1537
275696 1543
275803 1536
275909 1558
276017 1542
276123 1538
276229 1543
276335 1543
276442 1541
276548 1539
276654 1542
276761 1528
276867 1540
276975 1545
277081 1540
277187 1571
277293 1541
277400 1542
277506 1543
277612 1480
277719 1544
277825 1545
277932 1542
278039 1546
278145 1540
278251 1541
278358 1543
278464 1543
278570 1542
278677 1541
278783 1582
278890 1542
278997 1542
279103 1546
279209 1528
279316 1544
279422 1541
279528 1544
279635 1543
279741 1541
279848 1546
279955 1542
280061 1573
280167 1541
280274 1541
280380 1542
280486 1484
280593 1546
280699 1540
280806 1543
280912 1484
281020 1541
281126 1541
281232 1542
281338 1614
281444 1542
281551 1538
281657 1541
281764 1537
281870 1542
281978 1542
282084 1547
282190 1544
282296 1541
282402 1544
282509 1526
282615 1538
282722 1542
282828 1540
282935 1539
283042 1541
283148 1540
283254 1536
283360 1538
283467 1541
283573 1541
283680 1541
283786 1540
283893 1541
284000 1540
284106 1538
284212 1593
284318 1538
284425 1538
284531 1539
284638 1600
284744 1540
284851 1537
284958 1541
285064 1540
285170 1537
285276 1540
285383 1538
285489 1539
285596 1525
285702 1538
285809 1530
285915 1536
286023 1536
286129 1535
286235 1544
286341 1536
286447 1533
286554 1536
286660 1556
286767 1538
286873 1539
286981 1538
287087 1559
287193 1528
287299 1537
287405 1537
287512 1587
287618 1536
287725 1535
287831 1539
287937 1535
288045 1537
288151 1536
288257 1533
288363 1544
288470 1537
288576 1537
288683 1539
288789 1537
288895 1537
289003 1537
289109 1522
289215 1536
289321 1535
289428 1537
289534 1535
289641 1536
289747 1536
289853 1537
289961 1567
290067 1533
290173 1538
290279 1536
290386 1540
290492 1536
290599 1535
290705 1539
290811 1494
290918 1542
291025 1539
291132 1537
291238 1607
291344 1537
291450 1540
291557 1540
291663 1548
291769 1542
291876 1540
291983 1544
292090 1538
292196 1533
292302 1638
292408 1552
292515 1540
292621 1534
292727 1539
292834 1546
292940 1536
293048 1540
293154 1537
293260 1543
293366 1537
293473 1539
293579 1540
293685 1536
293792 1545
293898 1538
294006 1540
294112 1573
294218 1540
294324 1538
294431 1538
294537 1539
294643 1540
294750 1542
294856 1529
294964 1541
295070 1540
295176 1539
295282 1534
295389 1542
295495 1541
295601 1542
295708 1559
295814 1541
295921 1543
296028 1543
296134 1547
296240 1541
296347 1545
296453 1543
296559 1541
296666 1544
296772 1534
296879 1542
296986 1560
297092 1538
297198 1544
297305 1540
297411 1551
297517 1540
297624 1540
297730 1540
297837 1466
297943 1543
298051 1542
298157 1544
298263 1550
298369 1543
298476 1542
298582 1567
298689 1533
298795 1541
298901 1543
299009 1539
299115 1544
299221 1541
299327 1544
299434 1542
299540 1543
299647 1544
299753 1541
299859 1558
299967 1544
300073 1543
300179 1539
300285 1546
300392 1539
300498 1545
300605 1544
300711 1506
300817 1543
300924 1539
301031 1543
301138 1506
301244 1540
301350 1542
301456 1539
301563 1542
301669 1538
301775 1539
301882 1540
301989 1540
302096 1542
302202 1539
302308 1557
302414 1541
302521 1541
302627 1542
302733 1552
302840 1541
302946 1539
303054 1540
303160 1544
303266 1540
303372 1538
303479 1538
303585 1518
303692 1541
303798 1540
303904 1543
304012 1536
304118 1539
304224 1539
304330 1538
304437 1587
304543 1538
304650 1539
304756 1539
304862 1520
304970 1540
305076 1536
305182 1538
305288 1536
305395 1540
305501 1539
305608 1540
305714 1543
305820 1537
305927 1542
306034 1535
306140 1535
306247 1537
306353 1535
306459 1530
306566 1536
306672 1538
306778 1539
306885 1542
306992 1540
307098 1488
307205 1538
307311 1542
307417 1537
307524 1538
307630 1537
307736 1517
307843 1538
307950 1534
308056 1537
308163 1535
308269 1538
308375 1534
308482 1536
308588 1539
308694 1537
308801 1539
308907 1537
309015 1536
309121 1536
309227 1537
309333 1543
309440 1534
309546 1537
309652 1535
309759 1538
309865 1537
309973 1535
310079 1538
310185 1424
310291 1535
310398 1537
310504 1537
310610 1556
310717 1539
310823 1538
310930 1538
311037 1525
311143 1541
311249 1536
311356 1538
311462 1544
311568 1539
311675 1543
311781 1540
311888 1539
311995 1539
312101 1538
312207 1544
312314 1537
312420 1539
312526 1533
312633 1537
312739 1538
312846 1535
312953 1541
313059 1540
313165 1541
313272 1540
313378 1539
313484 1528
313591 1535
313697 1542
313804 1540
313910 1540
314018 1541
314124 1539
314230 1541
314336 1520
314442 1540
314549 1541
314655 1541
314762 1627
314868 1539
314976 1543
315082 1539
315188 1536
315294 1541
315400 1539
315507 1544
315613 1540
315720 1540
315826 1542
315933 1534
316040 1543
316146 1542
316252 1541
316358 1547
316465 1543
316571 1544
316678 1541
316784 1539
316891 1544
316998 1540
317104 1541
317210 1532
317316 1542
317423 1542
317529 1542
317636 1501
317742 1542
317849 1541
317956 1546
318062 1541
318168 1543
318274 1541
318381 1546
318487 1533
318594 1544
318700 1543
318807 1541
318913 1542
319020 1539
319127 1538
319233 1542
319339 1540
319445 1545
319552 1543
319658 1556
319765 1539
319871 1543
319978 1544
320085 1426
320191 1543
320297 1539
320403 1542
320510 1614
320616 1540
320723 1542
320829 1539
320935 1584
321043 1543
321149 1540
321255 1542
321361 1533
321468 1540
321574 1539
321681 1541
321787 1539
321893 1539
322001 1545
322107 1544
322213 1541
322319 1542
322426 1541
322532 1543
322639 1537
322745 1542
322851 1542
322959 1544
323065 1541
323171 1537
323277 1541
323384 1545
323490 1536
323597 1538
323703 1538
323809 1680
323916 1534
324023 1539
324129 1539
324236 1530
324342 1538
324448 1535
324555 1537
324661 1546
324767 1538
324874 1538
324981 1538
325087 1537
325194 1534
325300 1476
325406 1538
325513 1539
325619 1538
325725 1541
325832 1542
325938 1535
326046 1539
326152 1535
326258 1542
326364 1532
326471 1537
326577 1535
326683 1511
326790 1535
326896 1539
327004 1535
327110 1512
327216 1537
327322 1536
327429 1539
327535 1535
327641 1537
327748 1536
327854 1539
327962 1537
328068 1536
328174 1539
328280 1536
328387 1525
328493 1537
328599 1536
328706 1538
328812 1538
328919 1534
329026 1538
329132 1536
329238 1537
329345 1536
329451 1538
329557 1538
329664 1533
329770 1536
329877 1537
329984 1419
330090 1536
330196 1537
330303 1539
330409 1544
330515 1539
330622 1535
330728 1539
330835 1497
330941 1534
331049 1540
331155 1537
331261 1534
331367 1538
331473 1538
331580 1541
331686 1548
331793 1540
331899 1537
332007 1542
332113 1540
332219 1536
332325 1535
332431 1524
332538 1540
332644 1538
332751 1534
332857 1535
332965 1542
333071 1539
333177 1538
333283 1550
333389 1541
333496 1537
333602 1540
333709 1526
333815 1541
333922 1542
334029 1541
334135 1545
334241 1540
334347 1540
334454 1542
334560 1539
334667 1543
334773 1540
334880 1539
334987 1544
335093 1537
335199 1540
335305 1540
335412 1540
335518 1541
335625 1537
335731 1542
335838 1548
335944 1542
336051 1543
336157 1521
336263 1545
336370 1539
336476 1544
336582 1549
336689 1542
336795 1545
336901 1541
337009 1691
337115 1541
337221 1543
337327 1543
337434 1541
337540 1545
337647 1541
337753 1543
337859 1544
337967 1543
338073 1545
338179 1541
338285 1546
338392 1540
338498 1543
338605 1546
338711 1546
338817 1543
338924 1540
339031 1546
339137 1541
339244 1538
339350 1547
339456 1556
339563 1539
339669 1520
339775 1539
339882 1559
339989 1542
340095 1543
340202 1543
340308 1535
340414 1542
340521 1540
340627 1543
340733 1558
340840 1542
340946 1545
341053 1542
341160 1528
341266 1535
341372 1540
341478 1539
341585 1562
341691 1540
341798 1540
341904 1541
342011 1543
342118 1542
342224 1544
342330 1542
342436 1544
342543 1538
342649 1545
342756 1542
342862 1537
342969 1543
343076 1538
343182 1556
343288 1537
343394 1537
343501 1537
343607 1525
343714 1539
343820 1538
343926 1538
344034 1562
344140 1535
344246 1540
344352 1538
344459 1641
344565 1531
344672 1535
344778 1539
344884 1558
344992 1538
345098 1538
345204 1536
345310 1523
345417 1535
345523 1543
345630 1535
345736 1543
345842 1535
345950 1534
346056 1541
346162 1536
346269 1539
346375 1537
346482 1550
346588 1535
346694 1535
346801 1536
346907 1528
347015 1539
347121 1539
347227 1535
347333 1527
347440 1537
347546 1539
347652 1537
347759 1524
347865 1538
347973 1536
348079 1539
348185 1526
348291 1535
348398 1538
348504 1536
348610 1519
348717 1530
348823 1534
348930 1540
349037 1536
349143 1536
349249 1538
349356 1517
349462 1538
349568 1534
349675 1539
349781 1535
349888 1537
349995 1536
350101 1535
350207 1552
350314 1529
350420 1540
350526 1538
350633 1537
350739 1538
350846 1534
350953 1542
351059 1473
351165 1538
351272 1540
351378 1537
351484 1545
351591 1536
351697 1540
351804 1541
351910 1521
352018 1538
352124 1537
352230 1539
352336 1540
352442 1540
352549 1541
352655 1537
352762 1539
352868 1539
352976 1534
353082 1532
353188 1539
353294 1541
353400 1539
353507 1532
353613 1540
353720 1539
353826 1543
353933 1542
354040 1543
354146 1539
354252 1541
354358 1534
354465 1542
354571 1542
354678 1539
354784 1552
354891 1532
354998 1536
355104 1542
355210 1520
355316 1540
355423 1538
355529 1541
355636 1546
355742 1539
355849 1542
355956 1529
356062 1541
356168 1541
356274 1542
356381 1532
356487 1547
356594 1544
356700 1543
356807 1555
356913 1542
357021 1538
357127 1542
357233 1532
357339 1542
357445 1542
357552 1540
357658 1526
357765 1540
357871 1541
357979 1547
358085 1508
358191 1543
358297 1543
358403 1539
358510 1510
358616 1540
358723 1543
358829 1544
358935 1545
359043 1542
359149 1541
359255 1520
359361 1540
359468 1540
359574 1545
359681 1545
359787 1545
359893 1541
360001 1542
360107 1558
360213 1543
360319 1543
360426 1542
360532 1541
360639 1540
360745 1542
360851 1542
360959 1479
361065 1540
361171 1541
361277 1541
361384 1521
361490 1541
361597 1538
361703 1536
361809 1528
361916 1541
362023 1545
362130 1541
362236 1541
362342 1542
362448 1540
362555 1539
362661 1543
362767 1541
362874 1543
362981 1533
363088 1540
363194 1539
363300 1538
363406 1543
363513 1536
363619 1542
363725 1535
363832 1535
363938 1540
364046 1538
364152 1537
364258 1533
364364 1536
364471 1537
364577 1535
364683 1593
364790 1537
364896 1536
365004 1535
365110 1528
365216 1535
365322 1538
365429 1539
365535 1531
365641 1537
365748 1540
365854 1535
365962 1537
366068 1538
366174 1538
366280 1560
366387 1533
366493 1537
366599 1534
366706 1526
366812 1535
366919 1533
367026 1539
367132 1525
367238 1536
367345 1533
367451 1536
367557 1537
367664 1535
367770 1538
367877 1534
367984 1487
368090 1536
368196 1537
368303 1538
368409 1541
368515 1537
368622 1537
368728 1532
368835 1544
368941 1536
369049 1538
369155 1536
369261 1541
369367 1537
369473 1536
369580 1546
369686 1542
369793 1533
369899 1535
370007 1550
370113 1538
370219 1535
370325 1538
370431 1531
370538 1537
370644 1538
370751 1537
370857 1549
370965 1538
371071 1535
371177 1536
371283 1559
371389 1541
371496 1539
371602 1540
371709 1579
371815 1539
371922 1540
372029 1540
372135 1540
372241 1538
372347 1538
372454 1538
372560 1538
372667 1534
372773 1537
372880 1548
372987 1537
373093 1537
373199 1537
373305 1527
373412 1538
373518 1545
373625 1536
373731 1551
373838 1539
373944 1543
374051 1547
374157 1629
374264 1543
374370 1536
374476 1539
374583 1490
374689 1541
374795 1545
374902 1539
375009 1527
375115 1541
375222 1542
375328 1533
375434 1600
375541 1544
375647 1537
375753 1544
375860 1544
375967 1540
376073 1541
376180 1520
376286 1545
376392 1546
376499 1539
376605 1552
376711 1540
376818 1543
376924 1540
377032 1532
377138 1540
377244 1542
377350 1544
377457 1521
377563 1541
377669 1543
377776 1541
377882 1480
377990 1543
378096 1543
378202 1541
378308 1514
378415 1543
378521 1541
378627 1543
378734 1602
378840 1542
378947 1544
379054 1541
379161 1545
379267 1542
379373 1544
379480 1533
379586 1545
379693 1545
379799 1542
379906 1554
380013 1543
380119 1540
380226 1530
380332 1531
380439 1538
380545 1543
380652 1542
380758 1513
380864 1540
380972 1540
381078 1538
381184 1534
381290 1545
381397 1539
381503 1543
381610 1537
381716 1538
381822 1543
381929 1535
382036 1543
382143 1537
382249 1540
382355 1550
382461 1542
382568 1543
382674 1541
382780 1537
382887 1539
382994 1537
383101 1539
383207 1536
383313 1540
383419 1535
383526 1537
383632 1511
383738 1540
383845 1539
383952 1537
384059 1490
384165 1541
384271 1538
384377 1539
384484 1589
384590 1538
384696 1537
384803 1539
384909 1539
385017 1536
385123 1537
385229 1528
385335 1540
385442 1538
385548 1539
385654 1523
385761 1534
385867 1541
385975 1538
386081 1515
386187 1536
386293 1537
386400 1537
386506 1541
386612 1537
386719 1534
386825 1536
386932 1487
387039 1539
387145 1539
387251 1538
387358 1561
387464 1537
387570 1537
387677 1538
387783 1558
387890 1537
387997 1540
388103 1536
388209 1538
388316 1536
388422 1534
388528 1538
388635 1538
388741 1541
388848 1536
388955 1535
389061 1539
389167 1536
389274 1538
389380 1530
389486 1536
389593 1537
389699 1533
389806 1553
389912 1536
390020 1544
390126 1536
390232 1528
390338 1539
390444 1535
390551 1539
390657 1498
390764 1538
390870 1539
390978 1536
391084 1534
391190 1537
391296 1538
391402 1538
391509 1530
391615 1543
391722 1537
391828 1540
391935 1539
392042 1536
392148 1538
392254 1546
392360 1539
392467 1538
392573 1538
392680 1536
392786 1537
392893 1535
393000 1538
393106 1535
393212 1539
393318 1539
393425 1541
393531 1538
393638 1540
393744 1541
393851 1538
393958 1513
394064 1541
394170 1540
394276 1540
394383 1542
394489 1541
394596 1541
394702 1544
394809 1542
394915 1540
395023 1545
395129 1532
395235 1542
395341 1539
395447 1540
395554 1543
395660 1537
395767 1541
395873 1538
395981 1521
396087 1542
396193 1541
396299 1546
396405 1538
396512 1544
396618 1541
396725 1541
396831 1539
396937 1540
397045 1544
397151 1541
397257 1557
397363 1541
397470 1542
397576 1558
397683 1594
397789 1542
397895 1540
398003 1541
398109 1542
398215 1543
398321 1542
398428 1543
398534 1542
398641 1544
398747 1541
398853 1530
398961 1542
399067 1544
399173 1543
399279 1557
399386 1542
399492 1539
399599 1544
399705 1527
399811 1545
399918 1545
400025 1541
400132 1536
400238 1542
400344 1542
400450 1541
400557 1634
400663 1546
400769 1542
400876 1546
400983 1540
401090 1540
401196 1542
401302 1541
401408 1560
401515 1541
401621 1541
401727 1543
401834 1542
401940 1538
402048 1541
402154 1552
402260 1580
402366 1540
402473 1544
402579 1533
402685 1539
402792 1541
402898 1539
403006 1537
403112 1537
403218 1541
403324 1538
403431 1536
403537 1540
403643 1537
403750 1540
403856 1529
403964 1538
404070 1538
404176 1536
404282 1562
404389 1540
404495 1538
404601 1541
404708 1516
404814 1539
404921 1536
405028 1529
405134 1540
405240 1536
405347 1538
405453 1538
405559 1542
405666 1539
405772 1539
405879 1530
405986 1537
406092 1538
406198 1537
406305 1529
406411 1534
406517 1535
406624 1539
406730 1545
406837 1538
406943 1526
407051 1534
407157 1546
407263 1536
407369 1537
407476 1534
407582 1528
407689 1537
407795 1535
407901 1539
408009 1533
408115 1536
408221 1535
408327 1535
408434 1539
408540 1536
408647 1536
408753 1522
408859 1537
408967 1540
409073 1534
409179 1531
409285 1536
409392 1536
409498 1537
409605 1520
409711 1537
409817 1538
409924 1537
410031 1499
410138 1533
410244 1540
410350 1536
410456 1546
410563 1537
410669 1536
410775 1539
410882 1498
410989 1539
411096 1534
411202 1536
411308 1549
411414 1536
411521 1541
411627 1539
411733 1538
411840 1539
411946 1537
412054 1537
412160 1539
412266 1540
412372 1541
412479 1549
412585 1539
412692 1535
412798 1541
412904 1535
413012 1536
413118 1539
413224 1538
413330 1560
413437 1537
413543 1541
413650 1539
413756 1514
413862 1540
413970 1540
414076 1542
414182 1510
414288 1540
414395 1540
414501 1539
414608 1607
414714 1540
414820 1543
414927 1542
415034 1542
415140 1540
415247 1538
415353 1523
415459 1539
415566 1538
415672 1540
415778 1547
415885 1542
415992 1540
416098 1539
416205 1555
416311 1543
416417 1539
416524 1543
416630 1534
416736 1541
416843 1539
416950 1544
417056 1529
417163 1540
417269 1543
417375 1542
417482 1511
417588 1540
417694 1543
417801 1541
417907 1631
418015 1546
418121 1541
418227 1539
418333 1543
418440 1542
418546 1538
418652 1544
418759 1543
418865 1541
418973 1538
419079 1543
419185 1543
419291 1543
419398 1542
419504 1541
419610 1542
419717 1540
419823 1543
419930 1557
420037 1544
420143 1542
420249 1540
420356 1509
420462 1538
420568 1539
420675 1540
420781 1599
420888 1538
420995 1539
421101 1544
421207 1534
421314 1540
421420 1543
421526 1538
421633 1545
421739 1540
421846 1540
421953 1538
422059 1538
422165 1542
422272 1539
422378 1547
422484 1538
422591 1540
422697 1542
422804 1527
422910 1544
423018 1538
423124 1539
423230 1557
423336 1535
423442 1540
423549 1539
423655 1601
423762 1539
423868 1536
423976 1543
424082 1518
424188 1538
424294 1543
424400 1536
424507 1514
424613 1537
424720 1540
424826 1538
424933 1537
425040 1541
425146 1536
425252 1538
425358 1532
425465 1537
425571 1539
425678 1558
425784 1541
425891 1533
425998 1539
426104 1547
426210 1534
426316 1540
426423 1535
426529 1542
426636 1539
426742 1538
426849 1536
426956 1506
427062 1537
427168 1534
427274 1538
427381 1550
427487 1537
427594 1537
427700 1537
427807 1606
427913 1537
428020 1536
428127 1536
428233 1536
428339 1537
428445 1537
428552 1538
428658 1538
428765 1537
428871 1536
428978 1536
429085 1537
429191 1536
429297 1537
429403 1526
429510 1533
429616 1535
429723 1538
429829 1523
429935 1536
430043 1534
430149 1536
430255 1503
430361 1536
430468 1538
430574 1539
430681 1559
430787 1539
430893 1540
431001 1537
431107 1528
431213 1540
431319 1537
431426 1540
431532 1538
431639 1539
431745 1544
431851 1537
431959 1539
432065 1536
432171 1539
432277 1527
432384 1538
432490 1538
432597 1532
432703 1534
432809 1538
432916 1537
433023 1540
433129 1556
433236 1541
433342 1541
433448 1541
433555 1540
433661 1539
433767 1542
433874 1543
433981 1593
434087 1543
434194 1540
434300 1544
434406 1524
434513 1542
434619 1542
434725 1539
434832 1540
434938 1539
435046 1544
435152 1542
435258 1540
435364 1541
435471 1542
435577 1559
435683 1540
435790 1542
435896 1539
