1 0
107 0
214 0
320 0
426 0
533 0
639 0
745 0
852 0
959 0
1065 0
1172 0
1278 0
1384 0
1491 0
1597 0
1704 0
1810 0
1917 0
2024 0
2130 0
2236 0
2343 0
2449 0
2556 0
2662 0
2768 0
2875 0
2982 17
3088 0
3195 0
3301 0
3407 0
3514 0
3620 0
3727 0
3833 0
3940 0
4047 0
4153 0
4259 0
4366 0
4472 0
4579 0
4685 0
4791 0
4898 0
5005 0
5111 0
5218 0
5324 0
5430 0
5537 0
5643 0
5750 0
5856 28
5964 0
6070 0
6176 0
6282 0
6389 0
6495 0
6602 0
6708 65
6814 0
6921 0
7028 0
7134 0
7241 0
7347 0
7453 0
7560 0
7666 0
7773 0
7879 0
7987 0
8093 0
8199 0
8305 0
8412 0
8518 0
8625 0
8731 70
8837 0
8944 0
9051 0
9158 0
9264 0
9371 0
9477 0
9583 0
9690 0
9796 0
9903 0
10010 0
10116 0
10222 0
10329 0
10435 0
10542 0
10648 0
10755 0
10861 0
10969 0
11075 0
11181 0
11287 0
11394 0
11500 0
11606 0
11713 0
11819 0
11926 0
12033 0
12139 0
12245 0
12352 0
12458 0
12565 0
12671 0
12778 0
12884 0
12992 0
13098 0
13204 0
13310 0
13417 0
13523 0
13629 0
13736 0
13842 0
13950 0
14056 0
14163 0
14269 0
14375 0
14482 2
14588 0
14695 0
14801 0
14908 137
15015 0
15121 0
15227 0
15334 0
15440 0
15547 0
15653 0
15759 0
15866 0
15973 0
16080 0
16186 0
16292 0
16398 0
16505 0
16611 0
16718 0
16824 0
16931 89
17038 0
17144 0
17250 0
17357 6
17463 0
17570 0
17676 0
17782 0
17889 0
17996 0
18103 0
18209 0
18315 0
18421 0
18528 0
18634 0
18741 0
18847 0
18955 0
19061 0
19167 0
19273 0
19380 0
19486 0
19593 0
19699 0
19805 0
19912 0
20019 0
20126 0
20232 0
20338 0
20444 0
20551 0
20657 0
20764 0
20870 0
20978 0
21084 0
21190 0
21296 0
21403 0
21509 0
21616 0
21722 0
21828 0
21935 0
22042 0
22149 0
22255 0
22361 0
22467 0
22574 0
22680 138
22787 0
22893 0
23001 0
23107 0
23213 0
23319 0
23426 0
23532 0
23639 0
23745 0
23851 0
23959 0
24065 0
24171 0
24278 3
24384 0
24490 0
24597 0
24703 0
24810 0
24916 0
25024 0
25130 0
25236 0
25342 0
25449 0
25555 0
25662 0
25768 0
25874 0
25982 19
26088 0
26194 0
26301 0
26407 0
26513 0
26620 0
26726 0
26833 0
26939 0
27047 0
27153 0
27259 0
27365 0
27472 0
27578 0
27685 0
27791 0
27897 0
28005 2
28111 0
28217 0
28324 0
28430 0
28536 0
28643 0
28749 0
28856 0
28963 0
29069 0
29175 0
29282 38
29388 0
29495 0
29601 0
29708 0
29814 0
29920 0
30028 0
30134 0
30240 0
30347 0
30453 0
30559 0
30666 0
30772 0
30879 0
30986 0
31092 0
31198 0
31305 0
31411 0
31518 0
31624 0
31731 0
31837 0
31943 0
32051 0
32157 0
32264 0
32370 0
32477 0
32583 0
32690 0
32796 0
32902 0
33010 0
33116 0
33222 0
33329 0
33435 0
33541 0
33648 0
33754 0
33861 0
33968 0
34074 0
34180 0
34287 0
34393 0
34500 0
34606 0
34713 0
34819 0
34925 0
35033 0
35139 0
35245 0
35352 0
35458 0
35564 0
35671 0
35777 0
35884 0
35991 0
36097 0
36203 0
36310 0
36416 0
36523 0
36629 0
36736 0
36842 0
36950 0
37056 0
37162 0
37269 0
37375 0
37481 0
37588 0
37694 0
37801 0
37907 0
38015 0
38121 0
38227 0
38333 0
38440 0
38546 0
38653 0
38759 0
38865 0
38973 0
39079 0
39185 0
39292 0
39398 0
39504 8
39611 0
39717 0
39824 0
39930 0
40038 0
40144 0
40250 0
40356 4
40463 0
40569 0
40676 0
40782 0
40888 0
40996 0
41102 0
41208 0
41315 0
41421 0
41527 0
41634 0
41740 0
41847 0
41954 0
42060 0
42166 0
42273 0
42379 0
42486 0
42592 0
42699 0
42805 0
42911 0
43019 0
43125 0
43231 75
43338 0
43444 0
43550 0
43657 0
43763 0
43870 0
43977 0
44083 0
44189 0
44296 0
44402 0
44509 0
44615 0
44722 0
44828 7
44934 0
45042 0
45148 0
45254 0
45361 0
45467 0
45573 0
45680 0
45786 0
45893 0
46000 0
46106 46
46212 0
46319 0
46425 0
46532 0
46638 0
46745 0
46851 0
46958 0
47065 0
47171 0
47277 0
47384 0
47490 0
47596 0
47703 0
47809 0
47916 0
48023 0
48129 0
48235 0
48342 0
48448 0
48555 0
48661 0
48768 0
48874 0
48981 0
49088 0
49194 0
49300 0
49407 0
49513 0
49619 0
49726 0
49832 0
49939 0
50046 0
50152 0
50258 0
50365 0
50471 0
50578 0
50684 0
50791 0
50897 0
51004 0
51111 0
51217 0
51323 0
51430 0
51536 0
51642 0
51749 0
51855 0
51963 0
52069 0
52175 0
52281 0
52388 0
52494 0
52601 0
52707 0
52814 0
52920 0
53027 1
53134 0
53240 0
53346 0
53453 0
53559 0
53665 0
53772 0
53878 0
53986 0
54092 0
54198 0
54304 0
54411 0
54517 0
54624 0
54730 59
54837 0
54943 0
55050 0
55157 0
55263 0
55370 0
55476 0
55583 0
55689 0
55795 0
55902 0
56009 0
56115 0
56222 0
56328 0
56434 0
56541 0
56647 0
56754 2
56860 0
56968 0
57074 0
57180 0
57286 0
57393 0
57499 0
57606 0
57712 0
57818 0
57925 0
58032 0
58138 0
58245 0
58351 0
58457 0
58564 0
58670 0
58777 0
58883 0
58991 0
59097 0
59203 0
59309 0
59416 0
59522 0
59629 0
59735 0
59841 0
59948 0
60055 0
60161 0
60267 0
60373 0
60480 10
60586 0
60693 0
60799 0
60906 64
61013 0
61119 0
61225 4
61332 0
61438 0
61545 0
61651 0
61757 0
61864 0
61971 0
62077 0
62184 0
62290 0
62396 0
62503 2
62609 0
62716 0
62822 0
62929 0
63036 0
63142 0
63248 0
63355 0
63461 0
63568 0
63674 0
63780 0
63887 0
63994 0
64100 0
64207 0
64313 0
64419 0
64526 0
64632 0
64739 0
64845 0
64953 0
65059 0
65165 0
65271 0
65378 0
65484 0
65591 0
65697 0
65803 0
65910 0
66017 0
66123 0
66230 0
66336 0
66442 0
66549 0
66655 0
66762 0
66868 0
66976 0
67082 0
67188 0
67294 0
67401 0
67507 0
67614 0
67720 0
67826 0
67933 0
68040 0
68146 0
68253 0
68359 0
68465 0
68572 0
68678 0
68785 0
68891 0
68999 0
69105 0
69211 0
69317 0
69424 0
69530 0
69637 0
69743 0
69849 0
69957 0
70063 0
70169 0
70276 0
70382 0
70488 0
70595 0
70701 0
70808 0
70914 0
71022 0
71128 0
71234 0
71340 0
71447 0
71553 0
71660 0
71766 0
71872 0
71980 0
72086 0
72192 0
72299 0
72405 0
72511 0
72618 0
72724 0
72831 0
72937 0
73045 0
73151 0
73257 0
73363 0
73470 0
73576 0
73683 0
73789 0
73895 0
74003 0
74109 0
74215 0
74322 0
74428 0
74534 0
74641 0
74747 0
74854 4
74961 0
75067 0
75173 0
75280 0
75386 0
75493 0
75599 0
75706 0
75812 0
75918 0
76026 0
76132 0
76238 0
76345 0
76451 0
76557 0
76664 0
76770 0
76877 0
76984 0
77090 0
77196 0
77303 0
77409 0
77516 0
77622 0
77729 0
77835 0
77941 0
78049 0
78155 0
78261 0
78368 0
78474 0
78580 0
78687 0
78793 0
78900 0
79007 0
79113 0
79219 0
79326 0
79432 0
79539 0
79645 0
79752 0
79858 0
79965 0
80072 0
80178 0
80284 0
80391 0
80497 0
80603 0
80710 0
80816 0
80923 0
81030 0
81136 0
81242 0
81349 0
81455 0
81562 0
81668 0
81775 0
81881 0
81988 0
82095 0
82201 0
82307 0
82414 0
82520 0
82626 0
82733 0
82839 0
82946 0
83053 60
83159 0
83266 0
83372 0
83479 37
83585 0
83692 0
83798 0
83904 0
84012 0
84118 0
84224 0
84331 0
84437 0
84543 0
84650 0
84756 0
84863 0
84970 0
85076 0
85182 0
85289 0
85395 0
85502 0
85608 0
85715 0
85821 0
85927 4
86035 0
86141 0
86247 0
86354 0
86460 0
86566 0
86673 0
86779 0
86886 0
86993 0
87099 0
87205 0
87312 0
87418 0
87525 0
87631 0
87738 0
87844 0
87951 0
88058 0
88164 0
88270 0
88377 5
88483 0
88589 0
88696 0
88802 0
88909 0
89016 0
89122 0
89228 0
89335 0
89441 0
89548 0
89654 0
89761 0
89867 0
89974 0
90081 0
90187 0
90293 0
90400 0
90506 0
90612 0
90719 0
90825 0
90932 0
91039 0
91145 0
91251 0
91358 0
91464 0
91571 0
91677 0
91784 0
91890 0
91997 0
92104 0
92210 0
92316 0
92423 0
92529 0
92635 0
92742 0
92848 0
92956 0
93062 0
93168 0
93274 0
93381 0
93487 0
93594 0
93700 0
93807 0
93913 0
94020 0
94127 0
94233 0
94339 0
94446 0
94552 0
94658 0
94765 0
94871 0
94979 0
95085 0
95191 0
95297 0
95404 0
95510 0
95617 0
95723 0
95830 0
95936 0
96043 0
96150 0
96256 0
96362 0
96469 0
96575 0
96681 0
96788 0
96894 0
97002 0
97108 0
97214 0
97320 0
97427 0
97533 0
97640 0
97746 0
97853 0
97960 0
98066 0
98172 0
98279 0
98385 0
98492 0
98598 0
98704 0
98811 0
98917 0
99025 0
99131 0
99237 0
99343 0
99450 0
99556 0
99663 0
99769 0
99876 0
99983 0
100089 0
100195 0
100302 0
100408 0
100515 0
100621 0
100727 0
100834 0
100940 0
101048 0
101154 0
101260 0
101366 0
101473 0
101579 0
101686 0
101792 0
101899 0
102006 0
102112 0
102218 0
102325 5
102431 0
102538 0
102644 0
102750 0
102857 0
102964 0
103070 0
103177 0
103283 0
103389 0
103496 0
103602 0
103709 0
103815 0
103922 0
104029 100
104135 0
104241 0
104348 0
104454 0
104561 0
104667 0
104773 0
104880 0
104987 0
105093 0
105200 0
105306 0
105412 0
105519 0
105625 0
105732 0
105838 0
105945 0
106051 0
106158 0
106264 0
106370 0
106477 188
106583 0
106690 0
106796 0
106903 43
107010 0
107116 0
107222 0
107329 0
107435 0
107542 0
107648 0
107754 0
107861 0
107968 0
108075 0
108181 0
108287 0
108393 0
108500 0
108606 0
108713 0
108819 0
108926 6
109033 0
109139 0
109245 0
109352 0
109458 0
109565 0
109671 0
109777 0
109884 0
109991 0
110098 0
110204 0
110310 0
110416 0
110523 0
110629 0
110736 0
110842 0
110950 0
111056 0
111162 0
111268 0
111375 0
111481 0
111588 0
111694 0
111801 0
111907 0
112014 0
112121 0
112227 0
112333 0
112440 0
112546 0
112652 41
112759 0
112865 0
112973 0
113079 0
113185 0
113291 0
113398 0
113504 0
113611 0
113717 0
113824 0
113930 0
114037 0
114144 0
114250 0
114356 0
114463 0
114569 0
114675 0
114782 0
114888 0
114996 0
115102 0
115208 0
115314 0
115421 0
115527 0
115634 0
115740 0
115847 0
115954 0
116060 0
116166 0
116273 0
116379 0
116486 0
116592 0
116698 0
116805 0
116911 0
117019 0
117125 0
117231 0
117337 0
117444 0
117550 0
117657 0
117763 0
117870 0
117977 0
118083 0
118189 0
118296 0
118402 24
118509 0
118615 0
118721 0
118828 0
118934 0
119042 0
119148 0
119254 0
119360 0
119467 0
119573 0
119680 0
119786 0
119893 0
120000 0
120106 0
120212 0
120319 0
120425 0
120532 0
120638 0
120744 0
120851 0
120958 0
121064 0
121171 0
121277 0
121383 0
121490 0
121596 0
121703 0
121809 0
121916 0
122023 0
122129 0
122235 0
122342 0
122448 0
122555 0
122661 0
122767 0
122874 0
122981 0
123087 0
123194 0
123300 0
123406 0
123513 0
123619 0
123726 0
123832 0
123939 0
124046 0
124152 9
124258 0
124365 0
124471 0
124578 0
124684 0
124790 0
124897 0
125004 0
125110 0
125217 0
125323 0
125429 0
125536 0
125642 0
125749 0
125855 0
125963 0
126069 0
126175 0
126281 0
126388 0
126494 0
126601 0
126707 0
126813 0
126920 0
127027 0
127133 0
127240 0
127346 0
127452 0
127559 0
127665 0
127772 0
127878 0
127986 0
128092 0
128198 0
128304 0
128411 0
128517 0
128624 0
128730 0
128836 0
128943 0
129050 0
129156 0
129263 0
129369 0
129475 0
129582 0
129688 0
129794 0
129901 6
130008 0
130114 0
130221 0
130327 59
130433 0
130540 0
130646 0
130753 0
130859 0
130967 0
131073 0
131179 0
131285 0
131392 0
131498 0
131605 0
131711 0
131817 0
131924 0
132031 0
132137 0
132244 0
132350 0
132456 0
132563 0
132669 0
132776 0
132882 0
132990 0
133096 0
133202 0
133308 0
133415 0
133521 0
133628 0
133734 0
133840 0
133947 0
134054 0
134161 0
134267 0
134374 0
134480 0
134586 0
134693 0
134799 0
134906 0
135013 0
135119 0
135225 0
135332 0
135438 0
135545 0
135651 38
135758 0
135864 0
135972 0
136078 4
136184 0
136290 0
136397 0
136503 0
136609 0
136716 0
136822 0
136929 0
137036 0
137142 0
137248 0
137355 0
137461 0
137568 0
137674 0
137781 0
137887 0
137995 0
138101 0
138207 0
138313 0
138420 0
138526 0
138632 0
138739 0
138845 0
138953 0
139059 0
139165 0
139271 0
139378 0
139484 0
139591 0
139697 0
139804 0
139910 0
140018 0
140124 0
140230 0
140336 0
140443 0
140549 0
140655 0
140762 0
140868 0
140976 0
141082 0
141188 0
141294 0
141401 0
141507 0
141614 0
141720 0
141827 0
141933 0
142041 0
142147 0
142253 0
142359 0
142466 0
142572 0
142678 0
142785 0
142891 0
142999 0
143105 0
143211 0
143317 0
143424 0
143530 0
143637 0
143743 0
143850 0
143957 0
144063 0
144169 0
144276 0
144382 0
144489 0
144595 0
144701 0
144808 0
144914 0
145022 0
145128 0
145234 0
145340 0
145447 0
145553 0
145660 0
145766 0
145873 0
145980 0
146086 0
146192 0
146299 0
146405 0
146512 0
146618 0
146724 0
146831 0
146937 0
147045 0
147151 0
147257 0
147363 0
147470 0
147576 0
147683 0
147789 0
147896 0
148003 0
148109 0
148215 0
148322 0
148428 0
148535 0
148641 0
148747 0
148854 0
148961 0
149068 0
149174 0
149280 0
149386 0
149493 0
149599 0
149706 0
149812 0
149919 0
150026 0
150132 0
150238 0
150345 0
150451 0
150558 0
150664 0
150770 0
150877 55
150984 0
151091 0
151197 0
151303 0
151409 0
151516 0
151622 0
151729 0
151835 0
151942 0
152049 0
152155 0
152261 0
152368 0
152474 0
152581 0
152687 0
152793 0
152900 154
153007 0
153114 0
153220 0
153326 0
153432 0
153539 0
153645 0
153752 0
153858 0
153966 0
154072 0
154178 0
154284 0
154391 0
154497 0
154604 0
154710 0
154816 0
154923 0
155030 0
155137 0
155243 0
155349 1
155455 0
155562 0
155668 0
155775 0
155881 0
155989 0
156095 0
156201 0
156307 0
156414 0
156520 0
156627 0
156733 0
156839 0
156946 0
157053 0
157160 0
157266 0
157373 0
157479 0
157586 0
157692 0
157798 0
157905 0
158012 0
158118 0
158225 0
158331 0
158437 0
158544 0
158650 0
158757 0
158863 0
158971 0
159077 23
159183 0
159289 0
159396 0
159502 0
159609 0
159715 0
159821 0
159928 0
160035 0
160141 0
160248 0
160354 0
160460 0
160567 0
160673 3
160780 0
160886 0
160994 0
161100 0
161206 0
161312 0
161419 0
161525 12
161632 0
161738 0
161844 0
161952 0
162058 0
162164 0
162271 0
162377 0
162483 0
162590 0
162696 0
162803 0
162909 0
163017 0
163123 0
163229 0
163335 0
163442 0
163548 0
163655 0
163761 0
163867 0
163975 0
164081 0
164187 0
164294 0
164400 0
164506 0
164613 0
164719 0
164826 11
164932 0
165040 0
165146 0
165252 0
165358 0
165465 0
165571 0
165678 0
165784 0
165890 0
165998 0
166104 0
166210 0
166317 0
166423 0
166529 0
166636 0
166742 0
166849 1
166956 0
167062 0
167168 0
167275 47
167381 0
167488 0
167594 0
167701 0
167807 0
167913 0
168021 0
168127 0
168233 0
168340 0
168446 0
168552 0
168659 0
168765 0
168872 0
168979 0
169085 0
169191 0
169298 0
169404 0
169511 0
169617 0
169724 0
169830 0
169936 0
170044 0
170150 0
170256 0
170363 0
170469 0
170575 62
170682 0
170788 0
170895 0
171002 0
171108 0
171214 0
171321 0
171427 0
171534 0
171640 0
171747 0
171853 0
171960 0
172067 0
172173 0
172279 0
172386 0
172492 0
172598 0
172705 0
172811 0
172918 0
173025 46
173131 0
173237 0
173344 0
173450 0
173557 0
173663 0
173770 0
173876 0
173983 0
174090 0
174196 0
174302 0
174409 0
174515 0
174621 3
174728 0
174834 0
174941 0
175048 0
175154 0
175260 0
175367 0
175473 0
175580 0
175686 0
175793 0
175899 75
176006 0
176113 0
176219 0
176325 0
176432 0
176538 0
176644 0
176751 94
176857 0
176965 0
177071 0
177177 0
177283 0
177390 0
177496 0
177603 0
177709 0
177816 0
177922 0
178029 0
178136 0
178242 0
178348 0
178455 0
178561 0
178667 0
178774 0
178880 0
178988 0
179094 0
179200 0
179306 0
179413 0
179519 0
179626 0
179732 0
179839 0
179945 0
180051 0
180157 0
180264 0
180370 0
180476 0
180583 0
180689 0
180795 0
180902 0
181009 0
181115 0
181222 0
181328 0
181434 0
181541 0
181647 0
181754 0
181860 0
181968 0
182074 0
182180 0
182286 0
182393 0
182499 0
182606 0
182712 0
182818 0
182925 0
183032 0
183138 0
183245 0
183351 0
183457 0
183564 0
183670 0
183777 0
183883 0
183991 0
184097 0
184203 0
184309 0
184416 0
184522 0
184629 0
184735 0
184841 0
184948 0
185055 0
185161 0
185267 0
185373 0
185480 0
185586 0
185693 0
185799 0
185906 0
186013 0
186119 0
186225 0
186332 0
186438 0
186545 0
186651 0
186757 0
186864 0
186971 0
187077 0
187184 0
187290 0
187396 0
187503 0
187609 0
187716 0
187822 0
187929 0
188036 0
188142 0
188248 66
188355 0
188461 0
188568 0
188674 0
188780 0
188887 0
188994 0
189100 0
189207 0
189313 0
189419 0
189526 0
189632 0
189739 0
189845 0
189953 0
190059 0
190165 0
190271 0
190378 0
190484 0
190591 0
190697 0
190803 0
190910 0
191017 0
191123 17
191230 0
191336 0
191442 0
191549 9
191655 0
191762 0
191868 0
191976 0
192082 0
192188 0
192294 0
192401 0
192507 0
192614 0
192720 0
192826 0
192933 0
193040 0
193146 0
193253 0
193359 0
193465 0
193572 0
193678 0
193785 0
193891 0
193999 0
194105 0
194211 0
194317 0
194424 0
194530 0
194637 0
194743 0
194849 0
194957 0
195063 0
195169 0
195276 0
195382 0
195488 0
195595 0
195701 0
195808 0
195914 0
196022 0
196128 0
196234 0
196340 0
196447 0
196553 0
196660 0
196766 0
196872 0
196980 0
197086 0
197192 0
197299 51
197405 0
197511 0
197618 0
197724 43
197831 0
197937 0
198045 0
198151 0
198257 0
198363 0
198470 0
198576 0
198683 0
198789 0
198895 0
199003 0
199109 0
199215 0
199322 0
199428 0
199534 0
199641 0
199747 0
199854 0
199961 0
200067 0
200173 0
200280 0
200386 0
200493 0
200599 0
200706 0
200812 0
200918 0
201026 0
201132 0
201238 0
201345 0
201451 0
201557 0
201664 0
201770 0
201877 0
201984 0
202090 0
202196 0
202303 0
202409 0
202516 0
202622 8
202729 0
202835 0
202941 0
203049 40
203155 0
203261 0
203368 0
203474 0
203580 0
203687 0
203793 0
203900 1
204007 0
204113 0
204219 0
204326 0
204432 0
204539 0
204645 0
204752 0
204858 0
204965 0
205072 0
205178 0
205284 0
205391 0
205497 0
205603 0
205710 0
205816 0
205923 0
206030 0
206136 0
206242 0
206349 0
206455 0
206562 0
206668 0
206775 0
206881 0
206988 0
207095 0
207201 0
207307 0
207414 0
207520 0
207626 0
207733 0
207839 0
207946 0
208053 0
208159 0
208266 0
208372 0
208479 0
208585 0
208692 0
208798 0
208904 0
209012 0
209118 0
209224 96
209331 0
209437 0
209543 0
209650 0
209756 0
209863 0
209970 0
210076 0
210182 0
210289 0
210395 0
210502 0
210608 0
210715 0
210821 0
210927 0
211035 0
211141 0
211247 0
211354 0
211460 0
211566 0
211673 62
211779 0
211886 0
211993 0
212099 41
212205 0
212312 0
212418 0
212525 0
212631 0
212738 0
212844 0
212951 0
213058 0
213164 0
213270 0
213377 0
213483 0
213589 0
213696 0
213802 0
213909 0
214016 0
214122 181
214228 0
214335 0
214441 0
214548 0
214654 0
214761 0
214867 0
214974 0
215081 0
215187 0
215293 0
215400 0
215506 0
215612 0
215719 0
215825 0
215932 0
216039 0
216145 0
216251 0
216358 0
216464 0
216571 0
216677 0
216784 0
216890 0
216997 0
217104 0
217210 0
217316 0
217423 37
217529 0
217635 0
217742 0
217848 0
217956 0
218062 0
218168 0
218274 0
218381 0
218487 0
218594 0
218700 0
218807 0
218913 0
219020 0
219127 0
219233 0
219339 0
219446 0
219552 0
219658 0
219765 0
219871 3
219979 0
220085 0
220191 0
220297 0
220404 0
220510 0
220617 0
220723 13
220830 0
220936 0
221043 0
221150 0
221256 0
221362 0
221469 0
221575 0
221681 0
221788 0
221894 3
222002 0
222108 0
222214 0
222320 0
222427 0
222533 0
222640 0
222746 0
222853 0
222960 0
223066 0
223172 0
223279 0
223385 0
223492 0
223598 0
223704 0
223811 0
223917 0
224025 0
224131 0
224237 0
224343 0
224450 0
224556 0
224663 0
224769 0
224876 0
224983 0
225089 0
225195 0
225302 0
225408 0
225515 0
225621 0
225727 0
225834 0
225940 0
226048 34
226154 0
226260 0
226366 0
226473 0
226579 0
226686 0
226792 0
226899 15
227006 0
227112 0
227218 6
227325 0
227431 0
227538 0
227644 0
227750 0
227857 0
227964 0
228070 0
228177 0
228283 0
228389 0
228496 0
228602 0
228709 0
228815 0
228922 0
229029 0
229135 0
229241 0
229348 12
229454 0
229561 0
229667 0
229773 0
229880 0
229987 0
230093 0
230200 0
230306 0
230412 0
230519 4
230625 0
230732 0
230838 0
230945 0
231051 0
231158 0
231264 0
231370 0
231477 0
231583 0
231690 0
231796 0
231903 0
232010 0
232116 0
232222 0
232329 0
232435 0
232542 0
232648 0
232754 0
232861 0
232968 0
233075 0
233181 0
233287 0
233393 0
233500 0
233606 0
233713 0
233819 0
233926 0
234033 0
234139 0
234245 0
234352 0
234458 0
234565 0
234671 4
234777 0
234884 0
234991 0
235098 0
235204 0
235310 0
235416 0
235523 0
235629 0
235736 0
235842 0
235950 0
236056 0
236162 0
236268 0
236375 0
236481 0
236588 0
236694 0
236801 0
236907 0
237014 0
237121 0
237227 0
237333 0
237440 0
237546 0
237652 0
237759 0
237865 0
237973 32
238079 0
238185 0
238291 0
238398 0
238504 0
238611 0
238717 0
238824 0
238930 0
239037 0
239144 0
239250 0
239356 0
239463 0
239569 0
239675 0
239782 0
239888 0
239996 0
240102 0
240208 0
240314 0
240421 0
240527 0
240634 0
240740 0
240847 65
240954 0
241060 0
241166 0
241273 0
241379 0
241486 0
241592 0
241698 0
241805 0
241911 0
242019 0
242125 0
242231 0
242337 0
242444 0
242550 0
242657 0
242763 0
242870 0
242977 0
243083 0
243189 0
243296 0
243402 0
243509 0
243615 0
243721 0
243828 0
243934 0
244042 0
244148 9
244254 0
244360 0
244467 0
244573 0
244680 0
244786 0
244893 0
245000 0
245106 0
245212 0
245319 0
245425 0
245532 0
245638 0
245744 0
245851 0
245958 0
246064 0
246171 0
246277 0
246383 0
246490 0
246596 0
246703 0
246809 0
246916 0
247023 0
247129 0
247235 0
247342 0
247448 0
247555 0
247661 0
247767 0
247874 0
247981 0
248087 0
248194 0
248300 0
248406 0
248513 0
248619 0
248726 0
248832 0
248939 0
249046 0
249152 0
249258 0
249365 0
249471 0
249578 0
249684 0
249790 0
249897 0
250004 0
250110 0
250217 0
250323 0
250429 0
250536 0
250642 0
250749 0
250855 0
250963 0
251069 0
251175 0
251281 0
251388 0
251494 0
251601 0
251707 0
251813 0
251920 0
252027 0
252133 0
252240 0
252346 0
252452 0
252559 0
252665 0
252772 0
252878 0
252986 0
253092 0
253198 0
253304 0
253411 0
253517 0
253624 0
253730 0
253836 0
253943 0
254050 0
254156 0
254263 0
254369 0
254475 0
254582 0
254688 0
254794 0
254901 0
255008 0
255114 0
255221 0
255327 0
255433 0
255540 0
255646 0
255753 0
255859 0
255967 0
256073 0
256179 0
256285 0
256392 0
256498 0
256605 0
256711 0
256817 0
256924 0
257031 0
257137 0
257244 0
257350 0
257456 0
257563 0
257669 0
257776 0
257882 0
257990 0
258096 0
258202 0
258308 0
258415 0
258521 60
258628 0
258734 0
258840 0
258947 0
259054 0
259161 0
259267 0
259374 0
259480 0
259586 0
259693 8
259799 0
259906 0
260013 0
260119 2
260225 0
260332 0
260438 0
260545 0
260651 0
260758 0
260864 0
260972 0
261078 0
261184 0
261290 0
261397 0
261503 0
261609 0
261716 0
261822 0
261929 0
262036 0
262142 0
262248 0
262355 0
262461 0
262568 0
262674 0
262781 0
262887 0
262995 0
263101 0
263207 0
263313 0
263420 0
263526 0
263632 0
263739 0
263845 0
263953 0
264059 0
264165 0
264271 0
264378 0
264484 0
264591 0
264697 0
264804 0
264910 0
265018 0
265124 0
265230 0
265336 0
265443 1
265549 0
265655 0
265762 0
265868 0
265976 0
266082 0
266188 0
266294 0
266401 0
266507 0
266614 0
266720 0
266827 0
266933 0
267041 0
267147 0
267253 0
267359 0
267466 0
267572 0
267678 0
267785 0
267891 0
267999 0
268105 0
268211 0
268317 0
268424 0
268530 0
268637 0
268743 0
268850 0
268957 0
269063 0
269169 0
269276 0
269382 0
269489 0
269595 0
269701 0
269808 0
269914 0
270022 53
270128 0
270234 0
270340 0
270447 0
270553 0
270660 0
270766 0
270873 0
270980 0
271086 0
271192 0
271299 0
271405 0
271512 0
271618 0
271724 0
271831 0
271937 0
272045 189
272151 0
272257 0
272363 0
272470 18
272576 0
272683 0
272789 0
272896 5
273003 0
273109 0
273215 0
273322 23
273428 0
273535 0
273641 0
273747 0
273854 0
273961 0
274068 0
274174 0
274280 0
274386 0
274493 0
274599 0
274706 0
274812 0
274919 0
275026 0
275132 0
275238 0
275345 0
275451 0
275558 0
275664 0
275770 0
275877 0
275984 0
276091 0
276197 0
276303 0
276409 0
276516 0
276622 0
276729 0
276835 0
276942 0
277049 0
277155 0
277261 0
277368 0
277474 0
277581 0
277687 0
277793 0
277900 0
278007 0
278114 0
278220 0
278326 0
278432 0
278539 0
278645 0
278752 0
278858 0
278966 0
279072 0
279178 0
279284 0
279391 0
279497 0
279604 0
279710 0
279816 0
279923 0
280030 0
280137 0
280243 0
280349 0
280455 0
280562 0
280668 0
280775 0
280881 0
280989 0
281095 0
281201 0
281307 0
281414 0
281520 18
281627 0
281733 0
281839 0
281946 0
282053 0
282160 0
282266 0
282373 0
282479 0
282586 0
282692 3
282798 0
282905 0
283012 0
283118 0
283225 0
283331 0
283437 0
283544 0
283650 0
283757 0
283863 0
283971 0
284077 0
284183 0
284289 0
284396 0
284502 0
284609 0
284715 0
284821 0
284928 0
285035 0
285141 0
285248 0
285354 0
285460 0
285567 0
285673 0
285780 0
285886 0
285994 0
286100 0
286206 0
286312 0
286419 0
286525 0
286632 0
286738 0
286844 0
286952 0
287058 0
287164 0
287271 0
287377 0
287483 0
287590 0
287696 0
287803 0
287909 0
288017 0
288123 0
288229 0
288335 0
288442 0
288548 0
288655 0
288761 0
288867 0
288975 0
289081 0
289187 0
289294 0
289400 0
289506 0
289613 0
289719 0
289826 0
289932 0
290040 0
290146 0
290252 0
290358 0
290465 0
290571 0
290678 0
290784 0
290890 0
290998 0
291104 0
291210 0
291317 0
291423 0
291529 0
291636 0
291742 0
291849 0
291956 0
292062 0
292168 0
292275 0
292381 0
292488 0
292594 0
292701 0
292807 0
292913 0
293021 0
293127 0
293233 0
293340 0
293446 0
293552 0
293659 0
293765 0
293872 0
293979 0
294085 0
294191 0
294298 0
294404 0
294511 0
294617 0
294724 0
294830 0
294936 0
295044 79
295150 0
295256 0
295363 0
295469 0
295575 0
295682 0
295788 0
295895 0
296002 0
296108 0
296214 0
296321 0
296427 0
296534 0
296640 0
296747 0
296853 0
296960 0
297067 0
297173 0
297279 0
297386 0
297492 0
297598 0
297705 0
297811 0
297918 0
298025 0
298131 0
298237 0
298344 0
298450 0
298557 0
298663 0
298770 54
298876 0
298983 0
299090 0
299196 0
299302 0
299409 0
299515 0
299621 0
299728 0
299834 0
299941 0
300048 0
300154 0
300260 0
300367 0
300473 0
300580 0
300686 0
300793 8
300899 0
301006 0
301113 0
301219 0
301325 0
301432 0
301538 0
301644 0
301751 0
301857 0
301965 0
302071 0
302177 0
302283 0
302390 0
302496 0
302603 0
302709 0
302816 0
302922 0
303029 0
303136 0
303242 0
303348 0
303455 0
303561 0
303667 0
303774 0
303880 0
303988 0
304094 0
304200 0
304306 0
304413 0
304519 0
304626 0
304732 0
304839 0
304945 0
305051 0
305157 0
305264 0
305370 7
305476 0
305583 0
305689 0
305795 0
305902 0
306009 0
306115 0
306222 0
306328 0
306434 0
306541 0
306647 0
306754 0
306860 0
306968 0
307074 0
307180 0
307286 0
307393 0
307499 0
307606 0
307712 0
307818 0
307925 0
308032 0
308138 0
308245 0
308351 0
308457 0
308564 0
308670 0
308777 0
308883 0
308991 0
309097 0
309203 0
309309 0
309416 0
309522 0
309629 0
309735 0
309841 0
309948 0
310055 0
310161 0
310267 0
310373 0
310480 0
310586 0
310693 0
310799 0
310906 0
311013 0
311119 0
311225 0
311332 0
311438 0
311545 0
311651 0
311757 0
311864 0
311971 0
312077 0
312184 0
312290 0
312396 0
312503 0
312609 0
312716 0
312822 0
312929 0
313036 0
313142 0
313248 0
313355 0
313461 0
313568 0
313674 0
313780 0
313887 0
313994 0
314100 0
314207 0
314313 0
314419 0
314526 0
314632 0
314739 0
314845 0
314953 0
315059 0
315165 0
315271 0
315378 0
315484 0
315591 0
315697 0
315803 0
315910 0
316017 0
316123 0
316230 0
316336 0
316442 0
316549 0
316655 0
316762 0
316868 0
316976 0
317082 0
317188 0
317294 0
317401 0
317507 0
317614 0
317720 0
317826 0
317933 0
318040 0
318146 0
318253 0
318359 0
318465 0
318572 0
318678 0
318785 0
318891 0
318999 0
319105 0
319211 0
319317 0
319424 0
319530 0
319637 0
319743 0
319849 0
319957 0
320063 0
320169 0
320276 0
320382 0
320488 0
320595 0
320701 0
320808 0
320914 0
321022 0
321128 0
321234 0
321340 0
321447 0
321553 0
321660 0
321766 0
321872 0
321980 0
322086 0
322192 0
322299 0
322405 0
322511 0
322618 0
322724 0
322831 0
322937 0
323045 7
323151 0
323257 0
323363 0
323470 0
323576 0
323683 0
323789 0
323895 0
324003 0
324109 0
324215 0
324322 0
324428 0
324534 0
324641 0
324747 0
324854 0
324961 0
325067 0
325173 0
325280 0
325386 0
325493 0
325599 0
325706 0
325812 0
325918 59
326026 0
326132 0
326238 0
326345 0
326451 0
326557 0
326664 0
326770 0
326877 0
326984 0
327090 0
327196 0
327303 0
327409 0
327516 0
327622 0
327729 0
327835 0
327941 0
328049 0
328155 0
328261 0
328368 0
328474 0
328580 0
328687 0
328793 0
328900 0
329007 0
329113 0
329219 0
329326 0
329432 0
329539 0
329645 0
329752 0
329858 0
329965 0
330072 0
330178 0
330284 0
330391 0
330497 0
330603 0
330710 0
330816 0
330923 0
331030 0
331136 0
331242 0
331349 0
331455 0
331562 0
331668 20
331775 0
331881 0
331988 0
332095 0
332201 0
332307 0
332414 0
332520 0
332626 0
332733 0
332839 0
332946 0
333053 0
333159 0
333266 0
333372 0
333479 0
333585 0
333692 0
333798 0
333904 0
334012 0
334118 50
334224 0
334331 0
334437 0
334543 0
334650 0
334756 0
334863 0
334970 0
335076 0
335182 0
335289 0
335395 0
335502 0
335608 0
335715 0
335821 0
335927 0
336035 0
336141 0
336247 0
336354 0
336460 0
336566 0
336673 0
336779 0
336886 0
336993 0
337099 0
337205 0
337312 0
337418 11
337525 0
337631 0
337738 0
337844 0
337951 0
338058 0
338164 0
338270 0
338377 0
338483 0
338589 0
338696 0
338802 0
338909 0
339016 7
339122 0
339228 0
339335 0
339441 0
339548 0
339654 0
339761 0
339867 0
339974 0
340081 0
340187 0
340293 0
340400 0
340506 0
340612 0
340719 0
340825 0
340932 0
341039 0
341145 0
341251 0
341358 0
341464 0
341571 0
341677 0
341784 0
341890 0
341997 0
342104 0
342210 0
342316 2
342423 0
342529 0
342635 0
342742 0
342848 0
342956 0
343062 0
343168 0
343274 0
343381 0
343487 0
343594 0
343700 0
343807 0
343913 0
344020 0
344127 0
344233 0
344339 0
344446 0
344552 0
344658 0
344765 0
344871 0
344979 0
345085 0
345191 0
345297 0
345404 0
345510 0
345617 4
345723 0
345830 0
345936 0
346043 5
346150 0
346256 0
346362 0
346469 0
346575 0
346681 0
346788 0
346894 0
347002 0
347108 0
347214 0
347320 0
347427 0
347533 0
347640 0
347746 0
347853 0
347960 0
348066 0
348172 0
348279 0
348385 0
348492 0
348598 0
348704 0
348811 0
348917 0
349025 0
349131 0
349237 0
349343 8
349450 0
349556 0
349663 0
349769 0
349876 0
349983 0
350089 0
350195 0
350302 0
350408 0
350515 0
350621 0
350727 0
350834 0
350940 0
351048 0
351154 0
351260 0
351366 79
351473 0
351579 0
351686 0
351792 0
351899 0
352006 0
352112 0
352218 0
352325 0
352431 0
352538 0
352644 0
352750 0
352857 0
352964 0
353070 0
353177 0
353283 0
353389 0
353496 0
353602 0
353709 0
353815 0
353922 0
354029 0
354135 0
354241 0
354348 0
354454 0
354561 0
354667 0
354773 0
354880 0
354987 0
355093 0
355200 0
355306 0
355412 0
355519 0
355625 0
355732 0
355838 0
355945 0
356051 0
356158 0
356264 0
356370 0
356477 0
356583 0
356690 0
356796 0
356903 0
357010 0
357116 26
357222 0
357329 0
357435 0
357542 0
357648 0
357754 0
357861 0
357968 0
358075 0
358181 0
358287 0
358393 0
358500 0
358606 0
358713 0
358819 0
358926 0
359033 0
359139 0
359245 0
359352 0
359458 0
359565 0
359671 0
359777 0
359884 0
359991 0
360098 0
360204 0
360310 0
360416 0
360523 0
360629 0
360736 0
360842 0
360950 0
361056 0
361162 0
361268 0
361375 0
361481 0
361588 0
361694 0
361801 0
361907 0
362014 0
362121 0
362227 0
362333 0
362440 0
362546 0
362652 0
362759 0
362865 0
362973 0
363079 0
363185 0
363291 0
363398 0
363504 0
363611 0
363717 38
363824 0
363930 0
364037 0
364144 0
364250 0
364356 0
364463 0
364569 0
364675 0
364782 0
364888 1
364996 0
365102 0
365208 0
365314 0
365421 0
365527 0
365634 0
365740 0
365847 0
365954 0
366060 0
366166 0
366273 0
366379 0
366486 0
366592 0
366698 0
366805 0
366911 0
367019 0
367125 0
367231 0
367337 0
367444 0
367550 0
367657 0
367763 0
367870 0
367977 0
368083 0
368189 0
368296 0
368402 0
368509 0
368615 0
368721 0
368828 0
368934 0
369042 0
369148 0
369254 0
369360 0
369467 0
369573 0
369680 0
369786 0
369893 0
370000 0
370106 0
370212 0
370319 0
370425 0
370532 0
370638 0
370744 0
370851 0
370958 0
371064 1
371171 0
371277 0
371383 0
371490 10
371596 0
371703 0
371809 0
371916 24
372023 0
372129 0
372235 0
372342 0
372448 0
372555 0
372661 0
372767 0
372874 0
372981 0
373087 0
373194 0
373300 0
373406 0
373513 0
373619 0
373726 0
373832 0
373939 0
374046 0
374152 0
374258 0
374365 0
374471 0
374578 0
374684 0
374790 0
374897 0
375004 0
375110 0
375217 51
375323 0
375429 0
375536 0
375642 5
375749 0
375855 0
375963 0
376069 0
376175 0
376281 0
376388 0
376494 0
376601 0
376707 0
376813 0
376920 0
377027 0
377133 0
377240 0
377346 0
377452 0
377559 0
377665 6
377772 0
377878 0
377986 0
378092 10
378198 0
378304 0
378411 0
378517 11
378624 0
378730 0
378836 0
378943 0
379050 0
379156 0
379263 0
379369 0
379475 0
379582 0
379688 0
379794 0
379901 0
380008 0
380114 0
380221 0
380327 0
380433 0
380540 0
380646 0
380753 0
380859 0
380967 0
381073 0
381179 0
381285 0
381392 0
381498 0
381605 0
381711 0
381817 0
381924 0
382031 0
382137 0
382244 0
382350 0
382456 0
382563 0
382669 0
382776 0
382882 0
382990 0
383096 0
383202 0
383308 0
383415 0
383521 0
383628 0
383734 0
383840 46
383947 0
384054 0
384161 0
384267 0
384374 0
384480 0
384586 0
384693 0
384799 0
384906 0
385013 0
385119 0
385225 0
385332 0
385438 0
385545 0
385651 0
385758 0
385864 0
385972 0
386078 0
386184 0
386290 0
386397 0
386503 0
386609 0
386716 24
386822 0
386929 0
387036 0
387142 0
387248 0
387355 0
387461 0
387568 0
387674 0
387781 0
387887 0
387995 0
388101 0
388207 0
388313 0
388420 0
388526 0
388632 0
388739 0
388845 0
388953 0
389059 0
389165 0
389271 0
389378 0
389484 0
389591 0
389697 0
389804 0
389910 0
390018 0
390124 0
390230 0
390336 0
390443 0
390549 0
390655 0
390762 0
390868 0
390976 0
391082 0
391188 0
391294 0
391401 0
391507 0
391614 0
391720 0
391827 0
391933 0
392041 27
392147 0
392253 0
392359 0
392466 0
392572 0
392678 0
392785 0
392891 0
392999 0
393105 0
393211 34
393317 0
393424 0
393530 0
393637 0
393743 0
393850 0
393957 0
394063 0
394169 0
394276 0
394382 0
394489 0
394595 0
394701 0
394808 0
394914 21
395022 0
395128 0
395234 0
395340 0
395447 0
395553 0
395660 0
395766 94
395873 0
395980 0
396086 0
396192 0
396299 0
396405 0
396512 0
396618 0
396724 0
396831 0
396937 0
397045 0
397151 0
397257 0
397363 0
397470 0
397576 0
397683 0
397789 79
397896 0
398003 0
398109 0
398215 0
398322 0
398428 0
398535 0
398641 0
398747 0
398854 0
398961 0
399068 0
399174 0
399280 0
399386 0
399493 0
399599 0
399706 0
399812 0
399919 0
400026 0
400132 0
400238 0
400345 0
400451 0
400558 0
400664 0
400770 0
400877 0
400984 0
401091 0
401197 0
401303 0
401409 0
401516 0
401622 0
401729 0
401835 0
401942 0
402049 0
402155 0
402261 0
402368 0
402474 0
402581 0
402687 0
402793 0
402900 0
403007 0
403114 0
403220 0
403326 0
403432 0
403539 106
403645 0
403752 0
403858 0
403966 16
404072 0
404178 0
404284 0
404391 0
404497 0
404604 0
404710 0
404816 3
404923 0
405030 0
405137 0
405243 0
405349 0
405455 0
405562 0
405668 0
405775 0
405881 0
405989 0
406095 0
406201 0
406307 0
406414 0
406520 0
406627 0
406733 0
406839 0
406946 0
407053 0
407160 0
407266 0
407373 0
407479 0
407586 0
407692 0
407798 0
407905 0
408012 0
408118 0
408225 0
408331 0
408437 0
408544 0
408650 0
408757 0
408863 0
408971 0
409077 0
409183 0
409289 0
409396 0
409502 0
409609 0
409715 0
409821 0
409928 0
410035 0
410141 0
410248 0
410354 0
410460 0
410567 0
410673 0
410780 0
410886 0
410994 0
411100 0
411206 0
411312 0
411419 0
411525 0
411632 0
411738 2
411844 0
411952 0
412058 0
412164 0
412271 0
412377 0
412483 0
412590 46
412696 0
412803 0
412909 0
413017 0
413123 0
413229 0
413335 0
413442 0
413548 0
413655 0
413761 0
413867 0
413975 0
414081 0
414187 0
414294 0
414400 0
414506 0
414613 0
414719 0
414826 0
414932 0
415040 0
415146 0
415252 0
415358 0
415465 0
415571 0
415678 0
415784 0
415890 0
415998 0
416104 0
416210 22
416317 0
416423 0
416529 0
416636 0
416742 0
416849 0
416956 0
417062 1
417168 0
417275 0
417381 0
417488 0
417594 0
417701 0
417807 0
417913 0
418021 0
418127 0
418233 0
418340 19
418446 0
418552 0
418659 0
418765 3
418872 0
418979 0
419085 0
419191 0
419298 0
419404 0
419511 0
419617 0
419724 0
419830 0
419936 0
420044 0
420150 0
420256 0
420363 0
420469 0
420575 0
420682 0
420788 18
420895 0
421002 0
421108 0
421214 0
421321 0
421427 0
421534 0
421640 17
421747 0
421853 0
421960 0
422067 0
422173 0
422279 0
422386 0
422492 0
422598 0
422705 0
422811 0
422918 0
423025 0
423131 0
423237 0
423344 0
423450 0
423557 0
423663 0
423770 0
423876 0
423983 0
424090 6
424196 0
424302 0
424409 0
424515 0
424621 0
424728 0
424834 0
424941 0
425048 0
425154 0
425260 0
425367 0
425473 0
425580 0
425686 0
425793 0
425899 0
426006 0
426113 0
426219 0
426325 0
426432 0
426538 108
426644 0
426751 0
426857 0
426965 0
427071 0
427177 0
427283 0
427390 0
427496 0
427603 0
427709 0
427816 0
427922 0
428029 0
428136 0
428242 0
428348 0
428455 0
428561 0
428667 0
428774 0
428880 0
428988 0
429094 0
429200 0
429306 0
429413 0
429519 0
429626 0
429732 0
429839 0
429945 0
430051 0
430157 0
430264 0
430370 0
430476 0
430583 0
430689 0
430795 0
430902 0
431009 0
431115 0
431222 0
431328 0
431434 0
431541 0
431647 0
431754 0
431860 0
431968 0
432074 0
432180 0
432286 7
432393 0
432499 0
432606 0
432712 0
432818 0
432925 0
433032 0
433138 56
433245 0
433351 0
433457 0
433564 5
433670 0
433777 0
433883 0
433991 0
434097 0
434203 0
434309 0
434416 0
434522 0
434629 0
434735 0
434841 0
434948 0
435055 0
435161 0
435267 0
435373 0
435480 0
435586 0
435693 0
435799 0
435906 0
436013 0
