2 3395
145 3425
251 3426
358 3426
464 3401
570 3430
677 3425
783 3428
889 3428
997 3423
1103 3427
1210 3415
1316 3426
1423 3426
1529 3426
1635 3435
1742 3426
1848 3427
1954 3426
2062 3313
2168 3429
2275 3426
2381 3427
2488 3378
2594 3426
2700 3427
2807 3424
2913 3424
3020 3426
3127 3427
3233 3428
3340 3430
3446 3427
3553 3428
3659 3426
3765 3427
3872 3426
3978 3431
4086 3418
4192 3430
4298 3427
4405 3430
4511 3430
4618 3425
4724 3427
4830 3427
4937 3513
5044 3431
5151 3429
5257 3427
5364 3337
5470 3425
5576 3427
5683 3427
5789 3430
5895 3425
6003 3426
6109 3429
6216 3428
6322 3430
6429 3427
6535 3430
6641 3429
6748 3428
6854 3427
6960 3431
7068 3429
7174 3428
7281 3429
7387 3376
7494 3428
7600 3428
7706 3428
7813 3428
7919 3429
8027 3428
8133 3429
8239 3427
8346 3432
8452 3428
8559 3425
8665 3429
8771 3428
8878 3431
8985 3442
9092 3433
9198 3429
9304 3430
9411 3421
9517 3427
9624 3429
9730 3425
9836 3445
9943 3430
10050 3426
10157 3429
10263 3413
10369 3426
10476 3429
10582 3426
10689 3430
10795 3427
10901 3429
11009 3428
11116 3428
11222 3429
11328 3430
11435 3418
11541 3427
11647 3428
11754 3432
11860 3410
11966 3433
12074 3429
12181 3430
12287 3435
12393 3429
12500 3430
12606 3427
12712 3451
12819 3428
12925 3426
13033 3429
13139 3430
13246 3427
13352 3430
13458 3426
13565 3426
13671 3427
13777 3428
13884 3436
13991 3428
14098 3431
14204 3428
14311 3446
14417 3427
14523 3428
14630 3427
14736 3422
14842 3427
14949 3427
15056 3430
15163 3390
15269 3427
15376 3429
15482 3430
15588 3422
15695 3426
15801 3429
15907 3428
16015 3426
16121 3429
16228 3429
16334 3424
16441 3429
16547 3425
16653 3428
16760 3418
16866 3428
16972 3427
17080 3426
17186 3371
17293 3428
17399 3428
17506 3426
17612 3376
17718 3425
17825 3426
17931 3431
18039 3429
18145 3424
18252 3426
18358 3426
18464 3427
18571 3427
18677 3426
18783 3427
18890 3427
18997 3427
19104 3426
19210 3421
19317 3425
19423 3425
19529 3426
19636 3410
19742 3428
19848 3430
19955 3425
20062 3463
20169 3428
20275 3429
20382 3427
20488 3419
20594 3427
20701 3428
20807 3425
20913 3427
21021 3426
21128 3425
21234 3428
21341 3430
21447 3425
21553 3429
21659 3421
21766 3429
21872 3428
21978 3427
22085 3433
22192 3427
22298 3426
22405 3427
22511 3427
22617 3426
22724 3427
22830 3427
22936 3421
23044 3424
23150 3427
23257 3427
23363 3431
23470 3426
23576 3427
23682 3429
23789 3426
23895 3424
24002 3427
24109 3420
24215 3424
24322 3427
24428 3430
24535 3427
24641 3427
24747 3428
24854 3427
24960 3420
25067 3425
25174 3429
25280 3427
25387 3409
25493 3427
25600 3425
25706 3427
25812 3426
25919 3428
26026 3429
26133 3427
26239 3428
26346 3429
26452 3428
26558 3442
26665 3427
26771 3427
26877 3426
26985 3419
27091 3430
27198 3428
27304 3428
27411 3450
27517 3427
27623 3427
27730 3428
27836 3413
27942 3427
28050 3427
28156 3427
28263 3469
28369 3427
28476 3429
28582 3426
28688 3428
28795 3429
28901 3430
29008 3438
29115 3428
29221 3426
29328 3432
29434 3440
29541 3427
29647 3426
29753 3426
29860 3437
29966 3429
30073 3430
30180 3429
30286 3401
30393 3431
30499 3429
30606 3427
30712 3372
30818 3429
30925 3429
31032 3425
31138 3431
31245 3430
31351 3428
31458 3420
31564 3427
31671 3436
31777 3427
31883 3425
31991 3427
32097 3429
32204 3428
32310 3430
32417 3426
32523 3430
32629 3426
32736 3331
32842 3428
32948 3429
33056 3432
33162 3429
33269 3431
33375 3429
33482 3431
33588 3424
33694 3427
33801 3426
33907 3426
34015 3428
34121 3428
34227 3427
34334 3445
34440 3428
34547 3431
34653 3429
34759 3436
34866 3428
34972 3427
35080 3430
35186 3424
35292 3427
35399 3428
35505 3428
35612 3410
35718 3428
35824 3429
35931 3429
36038 3427
36145 3428
36251 3425
36358 3446
36464 3426
36570 3429
36677 3428
36783 3416
36889 3423
36997 3426
37103 3426
37210 3438
37316 3426
37423 3428
37529 3425
37635 3314
37742 3427
37848 3428
37954 3427
38062 3399
38168 3429
38275 3426
38381 3429
38488 3431
38594 3427
38700 3426
38807 3425
38913 3428
39021 3428
39127 3430
39233 3432
39340 3424
39446 3424
39553 3427
39659 3420
39765 3426
39872 3426
39978 3428
40086 3430
40192 3425
40298 3427
40405 3424
40511 3427
40618 3427
40724 3426
40830 3428
40937 3423
41044 3427
41151 3426
41257 3427
41363 3428
41470 3427
41576 3426
41683 3436
41789 3426
41895 3427
42003 3426
42110 3421
42216 3425
42322 3430
42429 3425
42535 3425
42641 3421
42748 3425
42854 3427
42960 3410
43068 3428
43175 3430
43281 3425
43387 3424
43494 3425
43600 3428
43706 3426
43813 3428
43919 3429
44027 3423
44133 3434
44240 3426
44346 3428
44452 3429
44559 3441
44665 3427
44771 3424
44878 3430
44985 3442
45092 3428
45198 3428
45305 3429
45411 3502
45517 3428
45624 3425
45730 3429
45836 3427
45943 3428
46050 3426
46157 3430
46263 3430
46370 3429
46476 3426
46582 3437
46689 3428
46795 3429
46901 3427
47009 3430
47115 3430
47222 3428
47328 3430
47435 3249
47541 3428
47647 3426
47754 3427
47860 3412
47966 3428
48074 3428
48180 3430
48287 3377
48393 3428
48500 3430
48606 3427
48712 3428
48819 3429
48925 3430
49033 3417
49139 3429
49246 3429
49352 3431
49458 3421
49565 3430
49671 3428
49777 3431
49884 3417
49991 3432
50098 3431
50204 3428
50311 3409
50417 3429
50523 3427
50630 3431
50736 3378
50842 3427
50949 3428
51056 3427
51163 3430
51269 3428
51376 3427
51482 3422
51588 3428
51695 3431
51801 3427
51907 3444
52015 3429
52122 3428
52228 3429
52335 3407
52441 3428
52547 3428
52653 3427
52760 3510
52866 3427
52972 3429
53080 3432
53187 3442
53293 3430
53400 3428
53506 3427
53612 3426
53718 3426
53825 3429
53931 3427
54039 3426
54145 3430
54252 3426
54358 3412
54465 3424
54571 3428
54677 3430
54783 3444
54890 3428
54997 3427
55104 3429
55210 3420
55317 3431
55423 3427
55530 3426
55636 3404
55742 3429
55848 3428
55955 3427
56062 3426
56169 3427
56275 3426
56382 3414
56488 3426
56595 3426
56701 3425
56807 3409
56913 3427
57021 3423
57127 3428
57234 3435
57340 3427
57447 3429
57553 3443
57660 3420
57766 3424
57872 3429
57978 3425
58085 3459
58192 3432
58298 3425
58405 3427
58511 3428
58617 3427
58724 3427
58830 3427
58936 3441
59044 3423
59150 3429
59257 3436
59363 3428
59470 3429
59576 3424
59682 3426
59789 3429
59895 3427
60003 3427
60109 3439
60215 3427
60322 3425
60428 3425
60535 3474
60641 3425
60747 3427
60854 3428
60960 3485
61068 3425
61174 3427
61280 3425
61387 3426
61493 3424
61600 3426
61706 3424
61812 3426
61919 3428
62026 3426
62133 3433
62239 3435
62345 3427
62452 3427
62558 3419
62665 3428
62771 3425
62877 3428
62985 3389
63092 3426
63198 3426
63304 3426
63411 3502
63517 3427
63623 3427
63730 3427
63836 3452
63942 3428
64050 3425
64157 3433
64263 3429
64369 3427
64476 3426
64582 3432
64688 3426
64795 3427
64901 3426
65009 3407
65115 3424
65222 3424
65328 3425
65434 3417
65541 3426
65647 3428
65753 3423
65860 3436
65966 3427
66074 3428
66180 3427
66287 3427
66393 3426
66499 3429
66606 3428
66712 3431
66818 3424
66925 3427
67032 3422
67139 3429
67245 3430
67352 3430
67458 3437
67564 3430
67671 3428
67777 3430
67883 3448
67991 3429
68097 3431
68204 3428
68310 3395
68417 3426
68523 3425
68629 3428
68736 3449
68842 3431
68948 3426
69056 3430
69162 3429
69269 3431
69375 3430
69482 3418
69588 3427
69694 3425
69801 3424
69907 3415
70015 3429
70121 3430
70228 3427
70334 3436
70440 3432
70547 3429
70653 3428
70759 3377
70866 3428
70972 3425
71080 3431
71186 3432
71293 3428
71399 3430
71505 3431
71612 3432
71718 3427
71824 3428
71931 3429
72038 3427
72145 3431
72251 3431
72358 3425
72464 3430
72570 3428
72677 3430
72783 3417
72889 3429
72997 3428
73104 3427
73210 3391
73317 3429
73423 3426
73529 3429
73635 3497
73742 3430
73848 3426
73954 3429
74062 3448
74169 3428
74275 3428
74382 3434
74488 3427
74594 3429
74700 3428
74807 3427
74913 3429
75021 3436
75127 3430
75234 3428
75340 3430
75447 3426
75553 3429
75659 3408
75765 3429
75872 3432
75978 3426
76085 3425
76192 3427
76298 3426
76404 3428
76511 3424
76617 3427
76723 3424
76830 3429
76936 3428
77043 3425
77150 3430
77256 3415
77363 3430
77469 3428
77576 3425
77682 3434
77788 3424
77895 3428
78002 3424
78109 3405
78215 3426
78322 3425
78428 3427
78534 3428
78641 3427
78747 3428
78853 3426
78960 3440
79067 3426
79174 3428
79280 3428
79387 3427
79493 3424
79599 3428
79706 3426
79812 3426
79918 3427
80026 3426
80132 3415
80239 3429
80345 3430
80452 3426
80558 3429
80664 3445
80771 3428
80877 3423
80984 3427
81091 3424
81197 3423
81304 3428
81410 3425
81517 3426
81623 3426
81729 3426
81836 3425
81942 3429
82049 3427
82156 3419
82262 3427
82369 3427
82475 3425
82582 3414
82688 3424
82794 3426
82901 3425
83008 3421
83114 3430
83221 3425
83327 3428
83434 3395
83540 3426
83647 3427
83753 3426
83859 3382
83966 3424
84073 3425
84179 3428
84286 3424
84392 3428
84499 3426
84605 3428
84712 3429
84818 3425
84924 3430
85032 3440
85138 3422
85245 3427
85351 3427
85458 3410
85564 3428
85670 3427
85777 3426
85883 3431
85991 3428
86097 3428
86203 3427
86310 3479
86416 3429
86523 3428
86629 3427
86735 3417
86842 3426
86948 3428
87056 3405
87162 3430
87268 3428
87375 3428
87481 3434
87588 3428
87694 3435
87800 3428
87907 3427
88014 3430
88121 3429
88227 3429
88334 3389
88440 3429
88546 3430
88653 3428
88759 3426
88865 3427
88972 3427
89079 3431
89186 3428
89292 3432
89399 3429
89505 3424
89611 3429
89718 3427
89824 3430
89930 3436
90038 3428
90144 3430
90251 3428
90357 3418
90464 3426
90570 3427
90676 3429
90783 3433
90889 3430
90997 3430
91103 3425
91209 3429
91316 3430
91422 3428
91529 3430
91635 3423
91741 3430
91848 3429
91954 3431
92062 3430
92168 3430
92274 3430
92381 3423
92487 3429
92594 3427
92700 3427
92806 3429
92913 3427
93020 3428
93127 3430
93233 3424
93339 3428
93446 3429
93552 3410
93659 3448
93765 3428
93871 3428
93978 3428
94085 3426
94192 3427
94298 3432
94404 3426
94511 3428
94617 3426
94723 3428
94830 3428
94936 3432
95044 3432
95150 3429
95257 3427
95363 3429
95469 3427
95576 3430
95682 3425
95788 3432
95895 3427
96002 3426
96109 3502
96215 3426
96322 3429
96428 3428
96534 3426
96641 3430
96747 3426
96853 3430
96960 3474
97067 3424
97174 3428
97280 3408
97387 3428
97493 3425
97599 3426
97706 3438
97812 3424
97918 3427
98026 3425
98133 3582
98239 3428
98346 3423
98452 3426
98558 3409
98664 3427
98771 3427
98877 3427
98985 3378
99091 3429
99198 3428
99304 3427
99411 3428
99517 3427
99623 3426
99729 3427
99836 3427
99942 3429
100050 3425
100156 3420
100263 3427
100369 3425
100476 3429
100582 3427
100688 3425
100794 3423
100901 3427
101008 3423
101115 3425
101221 3426
101328 3429
101434 3428
101541 3427
101647 3425
101753 3427
101859 3468
101966 3426
102073 3428
102180 3426
102286 3427
102393 3437
102499 3424
102606 3428
102712 3424
102818 3429
102924 3425
103032 3436
103138 3426
103245 3422
103351 3429
103458 3422
103564 3425
103671 3427
103777 3425
103883 3486
103991 3429
104097 3428
104204 3426
104310 3426
104417 3427
104523 3429
104629 3426
104736 3428
104842 3425
104948 3427
105056 3441
105162 3427
105269 3425
105375 3427
105482 3426
105588 3428
105694 3425
105801 3428
105907 3416
106014 3426
106121 3428
106227 3428
106334 3424
106440 3427
106547 3428
106653 3427
106759 3486
106866 3429
106972 3428
107079 3426
107186 3427
107292 3429
107399 3428
107505 3432
107612 3426
107718 3432
107824 3428
107931 3421
108038 3431
108145 3427
108251 3428
108358 3423
108464 3426
108570 3429
108677 3427
108783 3381
108889 3429
108997 3428
109103 3431
109210 3428
109316 3430
109423 3431
109529 3427
109635 3430
109742 3424
109848 3430
109954 3424
110062 3427
110168 3430
110275 3428
110381 3430
110488 3428
110594 3429
110700 3429
110807 3445
110913 3431
111020 3429
111127 3428
111233 3439
111340 3429
111446 3429
111553 3436
111659 3563
111765 3428
111872 3428
111978 3432
112085 3427
112192 3431
112298 3427
112405 3447
112511 3429
112617 3428
112724 3431
112830 3426
112936 3427
113044 3430
113150 3428
113257 3425
113363 3428
113470 3430
113576 3426
113682 3433
113789 3428
113895 3428
114003 3429
114109 3444
114215 3428
114322 3429
114428 3425
114535 3428
114641 3424
114747 3429
114854 3427
114960 3428
115068 3432
115174 3429
115280 3431
115387 3427
115493 3425
115600 3430
115706 3409
115812 3429
115919 3428
116026 3425
116133 3442
116239 3428
116345 3427
116452 3429
116558 3316
116665 3429
116771 3426
116877 3429
116985 3425
117092 3427
117198 3427
117304 3441
117411 3427
117517 3426
117623 3427
117730 3436
117836 3428
117942 3428
118050 3426
118157 3448
118263 3426
118369 3429
118476 3428
118582 3413
118688 3427
118795 3426
118901 3426
119009 3461
119115 3423
119222 3428
119328 3424
119434 3430
119541 3428
119647 3430
119753 3425
119860 3425
119966 3426
120074 3423
120180 3419
120287 3429
120393 3426
120499 3428
120606 3413
120712 3430
120818 3426
120925 3426
121032 3486
121139 3427
121245 3426
121352 3428
121458 3425
121564 3429
121671 3425
121777 3427
121883 3368
121991 3424
122097 3427
122204 3415
122310 3427
122417 3426
122523 3425
122629 3421
122736 3425
122842 3428
122948 3427
123056 3436
123162 3428
123269 3425
123375 3429
123482 3410
123588 3428
123694 3427
123801 3427
123907 3469
124015 3425
124121 3426
124228 3427
124334 3426
124440 3429
124547 3428
124653 3426
124759 3426
124866 3425
124972 3429
125080 3425
125186 3429
125293 3425
125399 3426
125505 3426
125612 3427
125718 3428
125824 3427
125931 3424
126038 3426
126145 3428
126251 3428
126358 3428
126464 3430
126570 3425
126677 3429
126783 3437
126889 3428
126997 3429
127104 3428
127210 3429
127317 3430
127423 3429
127529 3430
127635 3426
127742 3430
127848 3428
127954 3416
128062 3429
128169 3429
128275 3431
128382 3359
128488 3429
128594 3430
128700 3427
128807 3428
128913 3426
129021 3427
129127 3432
129234 3427
129340 3429
129447 3428
129553 3322
129659 3431
129765 3427
129872 3431
129978 3426
130085 3428
130192 3425
130298 3426
130404 3421
130511 3426
130617 3429
130723 3424
130830 3445
130936 3428
131043 3425
131150 3432
131256 3518
131363 3428
131469 3430
131576 3434
131682 3384
131788 3426
131895 3428
132002 3430
132109 3428
132215 3430
132322 3428
132428 3432
132534 3429
132641 3427
132747 3429
132853 3425
132960 3430
133067 3428
133174 3424
133280 3417
133387 3432
133493 3425
133599 3428
133706 3445
133812 3430
133918 3428
134026 3429
134132 3377
134239 3428
134345 3427
134452 3430
134558 3426
134664 3427
134771 3428
134877 3429
134984 3424
135091 3428
135197 3426
135304 3427
135410 3428
135517 3429
135623 3428
135729 3433
135836 3428
135942 3427
136049 3429
136156 3401
136262 3426
136369 3427
136475 3424
136582 3470
136688 3424
136794 3429
136901 3425
137008 3407
137114 3427
137221 3431
137327 3429
137434 3428
137540 3427
137647 3427
137753 3425
137859 3428
137966 3424
138073 3426
138179 3421
138286 3425
138392 3429
138499 3428
138605 3431
138712 3427
138818 3427
138924 3427
139032 3456
139138 3427
139245 3426
139351 3425
139458 3376
139564 3424
139670 3425
139777 3425
139883 3439
139991 3426
140097 3428
140203 3425
140310 3424
140416 3426
140523 3427
140629 3426
140735 3424
140842 3426
140948 3426
141056 3427
141162 3425
141268 3429
141375 3428
141481 3456
141588 3430
141694 3445
141800 3427
141907 3422
142014 3427
142121 3427
142227 3426
142334 3426
142440 3424
142546 3435
142653 3426
142759 3427
142865 3425
142972 3429
143079 3434
143186 3427
143292 3426
143399 3427
143505 3427
143611 3428
143718 3424
143824 3430
143930 3418
144038 3426
144144 3427
144251 3424
144357 3423
144464 3431
144570 3426
144676 3429
144783 3374
144889 3428
144997 3430
145103 3411
145209 3426
145316 3422
145422 3427
145529 3428
145635 3425
145741 3429
145848 3427
145954 3436
146062 3429
146168 3429
146274 3428
146381 3429
146487 3427
146594 3428
146700 3427
146806 3390
146913 3427
147020 3427
147127 3429
147233 3428
147339 3430
147446 3428
147552 3427
147659 3427
147765 3429
147871 3432
147978 3425
148085 3427
148192 3429
148298 3431
148404 3446
148511 3427
148617 3427
148723 3430
148830 3419
148936 3430
149044 3427
149150 3429
149257 3423
149363 3431
149469 3427
149576 3429
149682 3414
149788 3430
149895 3430
150002 3425
150109 3432
150215 3429
150322 3428
150428 3428
150534 3427
150641 3428
150747 3427
150853 3429
150960 3427
151067 3430
151174 3429
151280 3408
151387 3431
151493 3429
151599 3428
151706 3428
151812 3427
151918 3429
152026 3429
152133 3426
152239 3428
152346 3427
152452 3426
152558 3428
152664 3427
152771 3432
152877 3429
152985 3428
153091 3428
153198 3427
153304 3447
153411 3428
153517 3429
153623 3428
153729 3438
153836 3425
153942 3425
154050 3424
154156 3424
154263 3428
154369 3427
154476 3430
154582 3365
154688 3431
154794 3428
154901 3426
155008 3428
155115 3428
155221 3430
155328 3438
155434 3427
155541 3429
155647 3426
155753 3426
155859 3426
155966 3423
156073 3429
156180 3419
156286 3428
156393 3428
156499 3424
156606 3431
156712 3423
156818 3428
156924 3426
157032 3403
157138 3429
157245 3425
157351 3426
157458 3430
157564 3426
157671 3427
157777 3424
157883 3427
157991 3426
158097 3428
158204 3436
158310 3426
158417 3429
158523 3428
158629 3409
158736 3429
158842 3425
158948 3430
159056 3486
159162 3428
159269 3424
159375 3424
159482 3428
159588 3426
159694 3425
159801 3426
159907 3393
160014 3427
160121 3425
160227 3438
160334 3427
160440 3427
160547 3431
160653 3434
160759 3428
160866 3428
160972 3427
161079 3436
161186 3430
161292 3428
161399 3428
161505 3427
161612 3418
161718 3428
161824 3429
161931 3443
162038 3408
162145 3424
162251 3426
162358 3427
162464 3423
162570 3428
162677 3423
162783 3426
162889 3425
162997 3424
163103 3425
163210 3425
163316 3426
163423 3428
163529 3423
163635 3430
163742 3426
163848 3428
163954 3419
164062 3428
164168 3430
164275 3428
164381 3483
164488 3427
164594 3427
164700 3429
164807 3367
164913 3427
165020 3427
165127 3418
165233 3427
165340 3426
165446 3426
165553 3427
165659 3426
165765 3425
165872 3423
165978 3433
166085 3427
166192 3430
166298 3427
166405 3489
166511 3425
166617 3427
166724 3426
166830 3429
166936 3427
167044 3429
167150 3428
167257 3435
167363 3429
167470 3430
167576 3427
167682 3432
167789 3428
167895 3429
168003 3428
168109 3428
168215 3429
168322 3431
168428 3425
168535 3431
168641 3425
168747 3430
168854 3441
168960 3430
169068 3433
169174 3428
169280 3384
169387 3431
169493 3420
169600 3429
169706 3426
169812 3431
169919 3427
170026 3427
170133 3429
170239 3430
170345 3432
170452 3443
170558 3426
170665 3428
170771 3427
170877 3433
170985 3429
171092 3429
171198 3430
171304 3413
171411 3429
171517 3429
171623 3429
171730 3434
171836 3423
171942 3433
172050 3429
172157 3384
172263 3429
172369 3429
172476 3428
172582 3430
172688 3429
172795 3429
172901 3425
173009 3428
173115 3429
173222 3430
173328 3425
173434 3429
173541 3428
173647 3428
173753 3420
173860 3429
173966 3428
174074 3426
174180 3376
174287 3428
174393 3427
174499 3429
174606 3436
174712 3431
174818 3428
174925 3427
175032 3430
175139 3424
175245 3429
175352 3434
175458 3429
175564 3428
175671 3425
175777 3437
175883 3426
175991 3425
176097 3429
176204 3426
176310 3428
176417 3428
176523 3426
176629 3479
176736 3423
176842 3430
176948 3425
177056 3446
177162 3429
177269 3425
177375 3429
177482 3428
177588 3424
177694 3428
177801 3424
177907 3426
178015 3426
178121 3428
178228 3430
178334 3425
178440 3427
178547 3427
178653 3409
178759 3424
178866 3427
178972 3427
179080 3416
179186 3428
179293 3426
179399 3428
179505 3426
179612 3426
179718 3427
179824 3424
179931 3384
180038 3425
180145 3426
180251 3427
180358 3427
180464 3427
180570 3427
180677 3440
180783 3426
180889 3426
180997 3428
181104 3408
181210 3424
181317 3429
181423 3426
181529 3428
181635 3424
181742 3429
181848 3426
181954 3437
182062 3429
182169 3427
182275 3426
182382 3502
182488 3426
182594 3428
182700 3425
182807 3427
182913 3424
183021 3426
183127 3419
183234 3426
183340 3429
183447 3425
183553 3431
183659 3427
183765 3427
183872 3427
183978 3411
184085 3452
184192 3428
184298 3426
184404 3430
184511 3426
184617 3429
184723 3425
184830 3407
184936 3426
185043 3425
185150 3429
185256 3425
185363 3426
185469 3426
185576 3426
185682 3428
185788 3427
185895 3430
186002 3437
186109 3423
186215 3429
186322 3428
186428 3430
186534 3427
186641 3426
186747 3429
186853 3414
186960 3428
187067 3428
187174 3428
187280 3427
187387 3429
187493 3427
187599 3429
187706 3508
187812 3429
187918 3424
188026 3427
188132 3429
188239 3429
188345 3427
188452 3430
188558 3428
188664 3428
188771 3428
188877 3434
188984 3431
189091 3430
189197 3429
189304 3444
189410 3428
189517 3430
189623 3427
189729 3394
189836 3429
189942 3427
190049 3430
190156 3425
190262 3429
190369 3430
190475 3426
190582 3429
190688 3427
190794 3429
190901 3428
191008 3425
191114 3430
191221 3428
191327 3430
191434 3429
191540 3427
191647 3431
191753 3438
191859 3430
191966 3426
192073 3427
192179 3383
192286 3426
192392 3431
192499 3431
192605 3475
192712 3430
192818 3429
192924 3431
193032 3433
193138 3430
193245 3431
193351 3421
193458 3430
193564 3429
193670 3427
193777 3416
193883 3426
193991 3428
194097 3431
194203 3265
194310 3429
194416 3427
194523 3428
194629 3399
194735 3428
194842 3429
194948 3426
195056 3457
195162 3429
195268 3429
195375 3426
195481 3430
195588 3428
195694 3429
195800 3429
195907 3428
196014 3428
196121 3426
196227 3419
196334 3430
196440 3427
196546 3428
196653 3417
196759 3427
196865 3426
196972 3428
197079 3421
197186 3420
197292 3429
197399 3429
197505 3425
197611 3428
197718 3423
197824 3426
197930 3355
198038 3428
198144 3426
198251 3421
198357 3428
198464 3427
198570 3427
198676 3427
198783 3425
198889 3430
198997 3428
199103 3407
199209 3426
199316 3426
199422 3425
199529 3428
199635 3426
199741 3426
199848 3422
199954 3415
200062 3427
200168 3427
200274 3428
200381 3425
200487 3425
200594 3426
200700 3427
200806 3427
200913 3425
201020 3426
201127 3409
201233 3428
201339 3427
201446 3428
201552 3419
201659 3426
201765 3428
201871 3427
201978 3437
202085 3427
202192 3426
202298 3428
202404 3407
202511 3427
202617 3425
202723 3427
202830 3383
202936 3426
203044 3428
203150 3427
203257 3427
203363 3427
203469 3422
203576 3415
203682 3426
203788 3429
203895 3424
204002 3424
204109 3428
204215 3428
204322 3428
204428 3480
204534 3425
204641 3427
204747 3427
204853 3429
204960 3427
205067 3426
205174 3428
205280 3407
205387 3428
205493 3429
205599 3425
205706 3426
205812 3425
205918 3430
206026 3417
206133 3429
206239 3428
206346 3428
206452 3424
206558 3429
206664 3427
206771 3428
206877 3436
206985 3429
207091 3431
207198 3429
207304 3413
207411 3427
207517 3428
207623 3429
207729 3403
207836 3428
207942 3424
208050 3428
208156 3429
208263 3429
208369 3431
208476 3417
208582 3429
208688 3428
208794 3428
208901 3429
209008 3427
209115 3430
209221 3430
209328 3432
209434 3476
209541 3431
209647 3427
209753 3437
209859 3430
209966 3431
210073 3430
210180 3437
210286 3426
210393 3430
210499 3426
210606 3430
210712 3424
210818 3430
210924 3430
211032 3429
211138 3431
211245 3428
211351 3426
211458 3430
211564 3428
211671 3431
211777 3444
211883 3430
211991 3430
212097 3430
212204 3391
212310 3428
212417 3429
212523 3429
212629 3438
212736 3430
212842 3426
212948 3430
213056 3428
213162 3428
213269 3429
213375 3434
213482 3425
213588 3429
213694 3424
213801 3419
213907 3425
214014 3430
214121 3428
214227 3423
214334 3427
214440 3429
214547 3444
214653 3439
214759 3431
214866 3427
214972 3429
215079 3417
215186 3429
215292 3428
215399 3429
215505 3429
215612 3425
215718 3428
215824 3427
215931 3426
216038 3430
216145 3428
216251 3422
216358 3429
216464 3428
216570 3429
216677 3420
216783 3429
216889 3428
216997 3425
217103 3435
217210 3427
217316 3428
217423 3428
217529 3425
217635 3430
217742 3425
217848 3429
217954 3412
218062 3424
218168 3429
218275 3427
218381 3432
218488 3428
218594 3426
218700 3430
218807 3423
218913 3432
219020 3428
219127 3434
219233 3425
219340 3427
219446 3426
219553 3427
219659 3426
219765 3427
219872 3425
219978 3437
220085 3425
220192 3430
220298 3427
220405 3428
220511 3426
220617 3426
220724 3428
220830 3426
220936 3428
221044 3425
221150 3415
221257 3429
221363 3427
221470 3428
221576 3422
221682 3431
221789 3426
221895 3426
222003 3440
222109 3428
222215 3428
222322 3428
222428 3426
222535 3427
222641 3423
222747 3424
222854 3403
222960 3426
223068 3429
223174 3427
223280 3429
223387 3428
223493 3425
223600 3421
223706 3427
223812 3428
223919 3425
224026 3427
224133 3429
224239 3424
224345 3433
224452 3422
224558 3425
224665 3428
224771 3424
224877 3426
224985 3428
225092 3426
225198 3425
225304 3430
225411 3428
225517 3430
225623 3426
225730 3426
225836 3425
225942 3429
226050 3434
226157 3430
226263 3428
226369 3429
226476 3441
226582 3428
226688 3429
226795 3428
226901 3441
227009 3428
227115 3430
227222 3432
227328 3379
227434 3427
227541 3430
227647 3430
227753 3372
227860 3429
227966 3428
228074 3428
228180 3432
228287 3430
228393 3426
228499 3429
228606 3427
228712 3432
228818 3428
228925 3416
229032 3431
229139 3423
229245 3429
229352 3436
229458 3427
229564 3430
229671 3415
229777 3341
229883 3427
229991 3429
230097 3432
230204 3436
230310 3430
230417 3430
230523 3427
230629 3431
230736 3427
230842 3429
230948 3426
231056 3429
231162 3430
231269 3428
231375 3445
231482 3426
231588 3430
231694 3431
231801 3430
231907 3427
232015 3428
232121 3427
232228 3442
232334 3429
232440 3430
232547 3427
232653 3439
232759 3430
232866 3429
232972 3429
233080 3428
233186 3428
233293 3432
233399 3436
233505 3428
233612 3427
233718 3428
233824 3430
233931 3428
234038 3423
234145 3427
234251 3436
234358 3428
234464 3429
234570 3430
234677 3467
234783 3428
234889 3427
234997 3430
235104 3426
235210 3426
235317 3428
235423 3427
235529 3429
235635 3426
235742 3430
235848 3426
235954 3427
236062 3428
236169 3428
236275 3433
236382 3423
236488 3427
236594 3430
236700 3443
236807 3431
236913 3425
237021 3426
237127 3429
237234 3427
237340 3427
237447 3427
237553 3425
237659 3427
237765 3428
237872 3427
237978 3428
238085 3427
238192 3455
238298 3426
238404 3426
238511 3427
238617 3430
238723 3425
238830 3429
238936 3426
239043 3424
239150 3431
239256 3423
239363 3426
239469 3424
239576 3414
239682 3426
239788 3424
239895 3425
240002 3384
240109 3427
240215 3427
240322 3426
240428 3425
240534 3425
240641 3424
240747 3428
240853 3361
240960 3429
241067 3428
241174 3437
241280 3427
241387 3426
241493 3426
241599 3440
241706 3427
241812 3428
241918 3424
242026 3419
242132 3424
242239 3428
242345 3425
242452 3412
242558 3425
242664 3427
242771 3420
242877 3369
242984 3426
243091 3428
243197 3416
243304 3431
243410 3426
243517 3427
243623 3427
243729 3425
243836 3425
243942 3425
244049 3421
244156 3427
244262 3427
244369 3429
244475 3412
244582 3428
244688 3425
244794 3428
244901 3443
245008 3428
245114 3428
245221 3427
245327 3426
245434 3428
245540 3425
245647 3427
245753 3433
245859 3428
245966 3425
246073 3430
246179 3429
246286 3427
246392 3430
246499 3430
246605 3426
246712 3430
246818 3427
246924 3434
247032 3430
247138 3428
247245 3428
247351 3530
247458 3427
247564 3430
247670 3429
247777 3429
247883 3427
247991 3425
248097 3428
248203 3427
248310 3427
248416 3429
248523 3425
248629 3429
248735 3428
248842 3429
248948 3427
249056 3426
249162 3429
249268 3427
249375 3419
249481 3429
249588 3427
249694 3429
249800 3420
249907 3430
250014 3440
250121 3431
250227 3480
250334 3430
250440 3429
250546 3421
250653 3502
250759 3426
250865 3439
250972 3428
251079 3430
251186 3427
251292 3429
251399 3419
251505 3427
251611 3430
251718 3429
251824 3435
251930 3427
252038 3428
252144 3430
252251 3427
252357 3430
252464 3428
252570 3426
252676 3429
252783 3424
252889 3429
252997 3430
253103 3415
253209 3430
253316 3427
253422 3429
253529 3426
253635 3426
253741 3428
253848 3425
253954 3426
254062 3430
254168 3427
254274 3408
254381 3427
254487 3426
254594 3425
254700 3436
254806 3431
254913 3428
255020 3429
255127 3375
255233 3426
255339 3427
255446 3429
255552 3379
255659 3426
255765 3425
255871 3428
255978 3444
256085 3430
256192 3429
256298 3432
256404 3425
256511 3427
256617 3428
256723 3433
256830 3427
256936 3423
257044 3427
257150 3408
257257 3426
257363 3424
257469 3424
257576 3430
257682 3426
257788 3426
257895 3425
258002 3427
258109 3427
258215 3426
258322 3423
258428 3431
258534 3424
258641 3427
258747 3424
258853 3429
258960 3425
259067 3425
259174 3430
259280 3428
259387 3427
259493 3427
259599 3433
259706 3427
259812 3425
259918 3427
260026 3417
260133 3428
260239 3427
260346 3427
260452 3372
260558 3426
260664 3429
260771 3426
260877 3421
260985 3427
261091 3427
261198 3428
261304 3426
261411 3426
261517 3427
261623 3427
261729 3426
261836 3427
261942 3424
262050 3439
262156 3427
262263 3428
262369 3426
262476 3317
262582 3427
262688 3425
262794 3425
262901 3417
263008 3427
263115 3429
263221 3425
263328 3426
263434 3424
263541 3429
263647 3427
263753 3425
263859 3427
263966 3424
264073 3417
264180 3429
264286 3426
264393 3428
264499 3425
264606 3427
264712 3423
264818 3426
264924 3427
265032 3430
265138 3431
265245 3425
265351 3490
265458 3428
265564 3423
265671 3428
265777 3440
265883 3429
265991 3429
266097 3427
266204 3427
266310 3428
266417 3428
266523 3426
266629 3428
266736 3430
266842 3427
266948 3424
267056 3428
267162 3430
267269 3429
267375 3408
267482 3425
267588 3425
267694 3427
267801 3444
267907 3428
268014 3430
268121 3428
268227 3419
268334 3427
268440 3429
268547 3421
268653 3428
268759 3429
268866 3421
268972 3428
269079 3430
269186 3431
269292 3430
269399 3416
269505 3430
269612 3428
269718 3430
269824 3429
269931 3427
270038 3431
270145 3429
270251 3404
270358 3427
270464 3425
270570 3429
270677 3381
270783 3430
270889 3428
270997 3426
271103 3431
271210 3427
271316 3429
271423 3421
271529 3426
271635 3429
271742 3426
271848 3415
271954 3428
272062 3427
272168 3427
272275 3435
272381 3429
272488 3429
272594 3428
272700 3368
272807 3428
272913 3431
273020 3429
273127 3371
273233 3429
273340 3428
273446 3426
273553 3429
273659 3427
273765 3426
273872 3427
273978 3431
274085 3427
274192 3431
274298 3413
274405 3428
274511 3427
274617 3424
274724 3413
274830 3426
274936 3430
275044 3430
275150 3410
275257 3431
275363 3426
275470 3425
275576 3466
275682 3429
275789 3428
275895 3427
276003 3427
276109 3425
276215 3429
276322 3427
276428 3424
276535 3428
276641 3424
276747 3446
276854 3424
276960 3428
277068 3427
277174 3419
277280 3427
277387 3426
277493 3426
277600 3429
277706 3426
277812 3429
277919 3427
278026 3428
278133 3430
278239 3423
278345 3429
278452 3427
278558 3427
278665 3428
278771 3426
278877 3427
278985 3427
279092 3426
279198 3438
279304 3427
279411 3427
279517 3432
279623 3431
279730 3427
279836 3425
279942 3428
280050 3358
280157 3429
280263 3424
280369 3428
280476 3491
280582 3427
280688 3426
280795 3425
280901 3416
281009 3425
281115 3426
281222 3428
281328 3426
281434 3426
281541 3425
281647 3412
281753 3424
281860 3426
281966 3425
282074 3419
282180 3426
282287 3426
282393 3426
282499 3426
282606 3422
282712 3426
282818 3426
282925 3406
283032 3428
283139 3426
283245 3427
283352 3414
283458 3423
283564 3429
283671 3422
283777 3425
283883 3424
283991 3426
284097 3416
284204 3426
284310 3429
284417 3429
284523 3425
284629 3430
284736 3424
284842 3427
284948 3422
285056 3425
285162 3430
285269 3424
285375 3385
285482 3426
285588 3426
285694 3428
285801 3376
285907 3430
286015 3427
286121 3430
286228 3429
286334 3428
286440 3427
286547 3441
286653 3426
286759 3431
286866 3428
286972 3431
287080 3427
287186 3428
287293 3428
287399 3418
287505 3426
287612 3428
287718 3428
287824 3428
287931 3426
288038 3428
288145 3430
288251 3378
288358 3427
288464 3430
288570 3430
288677 3433
288783 3428
288889 3430
288997 3437
289104 3432
289210 3429
289317 3429
289423 3420
289529 3429
289635 3428
289742 3428
289848 3426
289954 3429
290062 3430
290169 3426
290275 3431
290382 3431
290488 3426
290594 3429
290700 3411
290807 3434
290913 3429
291021 3435
291127 3431
291234 3430
291340 3428
291447 3426
291553 3428
291659 3430
291765 3427
291872 3406
291978 3427
292085 3429
292192 3428
292298 3434
292404 3431
292511 3425
292617 3429
292723 3432
292830 3429
292936 3428
293043 3426
293150 3401
293256 3427
293363 3430
293469 3430
293576 3417
293682 3431
293788 3427
293895 3429
294002 3429
294109 3426
294215 3426
294322 3428
294428 3428
294534 3429
294641 3425
294747 3416
294853 3427
294960 3431
295067 3428
295174 3444
295280 3428
295387 3427
295493 3428
295599 3368
295706 3428
295812 3429
295918 3427
296026 3405
296132 3427
296239 3427
296345 3427
296452 3428
296558 3429
296664 3427
296771 3427
296877 3426
296984 3427
297091 3426
297197 3431
297304 3428
297410 3423
297517 3428
297623 3427
297729 3425
297836 3426
297942 3425
298049 3423
298156 3428
298262 3425
298369 3429
298475 3440
298582 3427
298688 3426
298794 3425
298901 3446
299008 3427
299114 3429
299221 3426
299327 3426
299434 3428
299540 3424
299647 3436
299753 3424
299859 3427
299966 3425
300073 3416
300179 3429
300286 3422
300392 3427
300499 3428
300605 3426
300712 3429
300818 3423
300924 3437
301032 3425
301138 3426
301245 3428
301351 3424
301458 3426
301564 3426
301670 3426
301777 3429
301883 3425
301991 3427
302097 3425
302203 3427
302310 3428
302416 3428
302523 3427
302629 3426
302735 3430
302842 3427
302948 3429
303056 3426
303162 3428
303268 3426
303375 3420
303481 3428
303588 3426
303694 3426
303800 3506
303907 3428
304014 3427
304121 3429
304227 3426
304334 3429
304440 3428
304546 3440
304653 3427
304759 3428
304865 3428
304972 3421
305079 3430
305186 3429
305292 3426
305399 3437
305505 3425
305611 3430
305718 3427
305824 3426
305930 3427
306038 3426
306144 3430
306251 3440
306357 3426
306464 3428
306570 3425
306676 3429
306783 3426
306889 3431
306997 3434
307103 3426
307209 3430
307316 3428
307422 3436
307529 3428
307635 3428
307741 3431
307848 3408
307954 3430
308062 3429
308168 3427
308274 3454
308381 3426
308487 3429
308594 3427
308700 3422
308806 3430
308913 3427
309020 3428
309127 3432
309233 3429
309339 3429
309446 3431
309552 3428
309659 3428
309765 3429
309871 3438
309978 3429
310085 3429
310192 3429
310298 3438
310404 3425
310511 3430
310617 3430
310723 3550
310830 3427
310936 3429
311044 3427
311150 3495
311257 3428
311363 3430
311469 3427
311576 3432
311682 3428
311788 3429
311895 3432
312002 3429
312109 3430
312215 3427
312322 3419
312428 3429
312534 3429
312641 3430
312747 3429
312853 3427
312960 3425
313067 3428
313174 3411
313280 3428
313387 3428
313493 3429
313599 3388
313706 3430
313812 3425
313918 3429
314026 3429
314133 3427
314239 3428
314346 3427
314452 3429
314558 3428
314664 3430
314771 3429
314877 3428
314985 3427
315091 3428
315198 3426
315304 3429
315411 3428
315517 3427
315623 3550
315729 3429
315836 3429
315942 3427
316050 3378
316156 3428
316263 3429
316369 3427
316476 3427
316582 3428
316688 3425
316794 3430
316901 3425
317008 3428
317115 3427
317221 3416
317328 3429
317434 3426
317541 3429
317647 3417
317753 3427
317859 3428
317966 3428
318073 3411
318180 3429
318286 3427
318393 3429
318499 3425
318606 3430
318712 3425
318818 3430
318924 3499
319032 3422
319138 3426
319245 3426
319351 3426
319458 3428
319564 3424
319671 3441
319777 3424
319883 3428
319991 3429
320097 3426
320204 3428
320310 3426
320417 3427
320523 3427
320629 3426
320736 3428
320842 3425
320948 3412
321056 3428
321162 3427
321269 3428
321375 3423
321482 3427
321588 3428
321694 3427
321801 3426
321907 3427
322014 3426
322121 3428
322227 3427
322334 3425
322440 3429
322547 3434
322653 3426
322759 3425
322866 3427
322972 3405
323079 3426
323186 3427
323292 3428
323399 3378
323505 3428
323612 3426
323718 3428
323824 3416
323931 3425
324038 3427
324145 3426
324251 3429
324358 3426
324464 3424
324570 3423
324677 3427
324783 3428
324889 3426
324997 3419
325103 3425
325210 3424
325316 3428
325423 3431
325529 3424
325635 3428
325742 3426
325848 3415
325954 3428
326062 3429
326168 3430
326275 3419
326381 3429
326488 3429
326594 3428
326700 3428
326807 3425
326913 3428
327020 3407
327127 3429
327233 3428
327340 3428
327446 3434
327553 3430
327659 3425
327765 3427
327872 3426
327978 3428
328085 3427
328192 3430
328298 3382
328405 3428
328511 3427
328617 3426
328724 3386
328830 3425
328936 3426
329044 3429
329150 3431
329257 3431
329363 3425
329470 3432
329576 3427
329682 3428
329789 3427
329895 3435
330003 3431
330109 3428
330215 3429
330322 3413
330428 3426
330535 3429
330641 3426
330747 3434
330854 3428
330960 3428
331068 3429
331174 3445
331280 3431
331387 3431
331493 3429
331600 3438
331706 3426
331812 3429
331919 3428
332026 3442
332133 3432
332239 3425
332345 3431
332452 3430
332558 3426
332665 3432
332771 3421
332877 3434
332985 3427
333092 3428
333198 3427
333304 3428
333411 3428
333517 3429
333623 3382
333730 3429
333836 3427
333942 3430
334050 3430
334157 3431
334263 3428
334369 3429
334476 3427
334582 3428
334688 3429
334795 3420
334901 3426
335009 3429
335115 3427
335222 3420
335328 3428
335434 3430
335541 3427
335647 3443
335753 3428
335860 3428
335966 3425
336074 3450
336180 3428
336287 3428
336393 3428
336499 3429
336606 3422
336712 3426
336818 3425
336925 3431
337032 3428
337139 3425
337245 3425
337352 3445
337458 3424
337564 3427
337671 3432
337777 3429
337883 3423
337991 3424
338097 3392
338204 3424
338310 3429
338417 3426
338523 3428
338629 3428
338736 3424
338842 3428
338948 3372
339056 3426
339162 3426
339269 3427
339375 3426
339482 3426
339588 3426
339694 3418
339801 3427
339907 3428
340015 3426
340121 3416
340228 3428
340334 3429
340440 3425
340547 3525
340653 3426
340759 3426
340866 3427
340972 3295
341080 3426
341186 3428
341293 3426
341399 3436
341505 3427
341612 3427
341718 3425
341824 3424
341931 3424
342038 3426
342145 3413
342251 3429
342358 3425
342464 3426
342570 3414
342677 3425
342783 3425
342889 3426
342997 3513
343104 3429
343210 3428
343317 3429
343423 3474
343529 3428
343635 3426
343742 3428
343848 3433
343954 3426
344062 3426
344169 3426
344275 3430
344382 3432
344488 3426
344594 3428
344700 3438
344807 3431
344913 3427
345021 3422
345127 3429
345234 3426
345340 3428
345447 3437
345553 3437
345659 3426
345765 3425
345872 3412
345978 3427
346085 3428
346192 3429
346298 3412
346404 3432
346511 3426
346617 3429
346723 3470
346830 3428
346936 3427
347043 3427
347150 3429
347256 3427
347363 3427
347469 3441
347576 3425
347682 3429
347788 3426
347895 3430
348002 3430
348109 3428
348215 3426
348322 3419
348428 3426
348534 3429
348641 3427
348747 3531
348853 3428
348960 3429
349067 3430
349174 3467
349280 3431
349387 3429
349493 3427
349599 3432
349706 3429
349812 3432
349918 3425
350026 3429
350132 3429
350239 3431
350345 3413
350452 3428
350558 3428
350664 3428
350771 3430
350877 3428
350984 3430
351091 3426
351197 3483
351304 3430
351410 3426
351517 3428
351623 3415
351729 3427
351836 3428
351942 3429
352049 3429
352156 3429
352262 3429
352369 3414
352475 3427
352582 3428
352688 3426
352794 3425
352901 3428
353008 3424
353114 3431
353221 3436
353327 3427
353434 3430
353540 3436
353647 3417
353753 3427
353859 3429
353966 3428
354073 3429
354179 3430
354286 3428
354392 3428
354499 3427
354605 3428
354712 3432
354818 3425
354924 3429
355032 3425
355138 3427
355245 3424
355351 3429
355458 3427
355564 3428
355670 3427
355777 3427
355883 3425
355991 3425
356097 3430
356203 3426
356310 3429
356416 3427
356523 3426
356629 3425
356735 3425
356842 3429
356948 3424
357056 3427
357162 3427
357268 3427
357375 3428
357481 3427
357588 3426
357694 3419
357800 3427
357907 3427
358014 3430
358121 3425
358227 3427
358334 3428
358440 3427
358546 3419
358653 3426
358759 3427
358865 3425
358972 3440
359079 3430
359186 3428
359292 3426
359399 3431
359505 3424
359611 3428
359718 3426
359824 3423
359930 3426
360038 3426
360144 3436
360251 3428
360357 3426
360464 3430
360570 3430
360676 3424
360783 3426
360889 3429
360997 3408
361103 3426
361209 3427
361316 3427
361422 3399
361529 3427
361635 3426
361741 3428
361848 3415
361954 3427
362062 3424
362168 3426
362274 3424
362381 3423
362487 3427
362594 3422
362700 3427
362806 3426
362913 3425
363020 3420
363127 3426
363233 3428
363339 3427
363446 3561
363552 3427
363659 3427
363765 3426
363871 3427
363978 3425
364085 3427
364192 3429
364298 3368
364404 3426
364511 3427
364617 3426
364723 3421
364830 3428
364936 3283
365044 3436
365150 3429
365257 3426
365363 3428
365469 3422
365576 3428
365682 3425
365788 3426
365895 3430
366002 3425
366109 3430
366215 3426
366322 3377
366428 3430
366534 3428
366641 3430
366747 3398
366853 3427
366960 3427
367067 3424
367174 3436
367280 3428
367387 3429
367493 3431
367599 3428
367706 3431
367812 3427
367918 3421
368026 3434
368133 3429
368239 3429
368346 3434
368452 3427
368558 3427
368664 3427
368771 3409
368877 3426
368985 3429
369091 3429
369198 3474
369304 3430
369411 3427
369517 3426
369623 3425
369729 3427
369836 3429
369942 3427
370050 3428
370156 3425
370263 3429
370369 3418
370476 3430
370582 3429
370688 3428
370794 3444
370901 3427
371008 3432
371115 3429
371221 3439
371328 3430
371434 3425
371541 3413
371647 3379
371753 3428
371859 3429
371966 3430
372073 3431
372180 3430
372286 3430
372393 3429
372499 3430
372606 3430
372712 3428
372818 3427
372924 3425
373032 3426
373138 3430
373245 3448
373351 3429
373458 3429
373564 3427
373671 3433
373777 3425
373883 3429
373991 3427
374097 3429
374204 3426
374310 3426
374417 3425
374523 3427
374629 3429
374736 3427
374842 3427
374948 3429
375056 3430
375162 3427
375269 3428
375375 3429
375482 3429
375588 3429
375694 3424
375801 3429
375907 3427
376014 3426
376121 3566
376227 3427
376334 3426
376440 3428
376547 3407
376653 3428
376759 3428
376866 3427
376972 3447
377079 3426
377186 3429
377292 3431
377399 3424
377505 3424
377612 3426
377718 3429
377824 3425
377931 3428
378038 3429
378145 3425
378251 3426
378358 3428
378464 3423
378570 3445
378677 3424
378783 3428
378889 3422
378997 3361
379103 3422
379210 3423
379316 3429
379423 3395
379529 3424
379635 3428
379742 3424
379848 3422
379954 3426
380062 3424
380168 3423
380275 3425
380381 3428
380488 3427
380594 3440
380700 3429
380807 3425
380913 3427
381020 3374
381127 3424
381233 3426
381340 3425
381446 3502
381553 3428
381659 3426
381765 3426
381872 3504
381978 3426
382085 3427
382192 3427
382298 3424
382405 3427
382511 3425
382617 3432
382724 3428
382830 3426
382936 3426
383044 3424
383150 3425
383257 3429
383363 3425
383470 3432
383576 3427
383682 3429
383789 3428
383895 3412
384003 3425
384109 3427
384215 3426
384322 3472
384428 3427
384535 3428
384641 3425
384747 3419
384854 3426
384960 3428
385068 3436
385174 3427
385280 3425
385387 3426
385493 3426
385600 3430
385706 3424
385812 3429
385919 3425
386026 3425
386133 3427
386239 3428
386345 3444
386452 3428
386558 3427
386665 3430
386771 3426
386877 3428
386985 3426
387092 3428
387198 3428
387304 3428
387411 3429
387517 3425
387623 3428
387730 3428
387836 3427
387942 3448
388050 3429
388157 3427
388263 3429
388369 3446
388476 3426
388582 3426
388688 3427
388795 3434
388901 3428
389009 3428
389115 3429
389222 3404
389328 3428
389434 3429
389541 3430
389647 3341
389753 3427
389860 3428
389966 3427
390074 3427
390180 3431
390287 3432
390393 3417
390499 3430
390606 3425
390712 3427
390818 3431
390925 3426
391032 3432
391139 3429
391245 3446
391352 3428
391458 3426
391564 3429
391671 3386
391777 3430
391883 3429
391991 3426
392097 3432
392204 3426
392310 3429
392417 3431
392523 3428
392629 3429
392736 3425
392842 3430
392948 3426
393056 3426
393162 3429
393269 3432
393375 3428
393482 3427
393588 3428
393694 3419
393801 3427
393907 3430
394015 3430
394121 3369
394228 3427
394334 3428
394440 3429
394547 3437
394653 3426
394759 3427
394866 3428
394972 3428
395080 3430
395186 3429
395293 3417
395399 3430
395505 3428
395612 3426
395718 3416
395824 3425
395931 3426
396038 3425
396145 3418
396251 3429
396358 3426
396464 3427
396570 3420
396677 3427
396783 3425
396889 3427
396997 3430
397104 3425
397210 3428
397317 3427
397423 3422
397529 3428
397635 3421
397742 3427
397848 3424
397954 3426
398062 3427
398169 3420
398275 3428
398382 3428
398488 3426
398594 3418
398700 3424
398807 3428
398913 3427
399021 3451
399127 3428
399234 3423
399340 3428
399447 3327
399553 3427
399659 3429
399765 3426
399872 3429
399978 3425
400085 3428
400192 3428
400298 3427
400404 3427
400511 3425
400617 3447
400723 3426
400830 3426
400936 3427
401043 3429
401150 3427
401256 3426
401363 3427
401469 3443
401576 3423
401682 3427
401788 3426
401895 3340
402002 3428
402109 3427
402215 3428
402322 3409
402428 3425
402534 3426
402641 3425
402747 3428
402853 3426
402960 3429
403067 3417
403174 3428
403280 3427
403387 3427
403493 3426
403599 3427
403706 3428
403812 3428
403918 3424
404026 3427
404132 3427
404239 3429
404345 3412
404452 3427
404558 3428
404664 3426
404771 3439
404877 3427
404984 3429
405091 3425
405197 3426
405304 3429
405410 3426
405517 3427
405623 3421
405729 3425
405836 3427
405942 3443
406049 3429
406156 3427
406262 3427
406369 3413
406475 3427
406582 3428
406688 3425
406794 3366
406901 3428
407008 3425
407114 3428
407221 3367
407327 3428
407434 3430
407540 3427
407647 3426
407753 3426
407859 3428
407966 3428
408073 3426
408179 3430
408286 3429
408392 3432
408499 3429
408605 3430
408712 3429
408818 3430
408924 3430
409032 3428
409138 3429
409245 3429
409351 3429
409458 3427
409564 3428
409670 3491
409777 3432
409883 3426
409991 3426
410097 3429
410203 3427
410310 3429
410416 3426
410523 3427
410629 3427
410735 3427
410842 3427
410948 3427
411056 3428
411162 3430
411268 3435
411375 3428
411481 3429
411588 3427
411694 3261
411800 3428
411907 3429
412014 3428
412121 3438
412227 3429
412334 3432
412440 3424
412546 3434
412653 3428
412759 3431
412865 3428
412972 3428
413079 3430
413186 3430
413292 3436
413399 3429
413505 3428
413611 3428
413718 3428
413824 3430
413930 3424
414038 3429
414144 3445
414251 3426
414357 3427
414464 3428
414570 3426
414676 3426
414783 3427
414889 3432
414997 3430
415103 3427
415209 3428
415316 3425
415422 3429
415529 3430
415635 3428
415741 3419
415848 3426
415954 3430
416062 3429
416168 3420
416274 3427
416381 3428
416487 3427
416594 3408
416700 3428
416806 3428
416913 3425
417020 3496
417127 3427
417233 3430
417339 3428
417446 3424
417552 3426
417659 3427
417765 3426
417871 3426
417978 3424
418085 3428
418192 3426
418298 3428
418404 3425
418511 3427
418617 3417
418723 3426
418830 3428
418936 3427
419044 3412
419150 3427
419257 3425
419363 3428
419469 3421
419576 3425
419682 3421
419788 3426
419895 3462
420002 3426
420109 3428
420215 3425
420322 3424
420428 3423
420534 3425
420641 3429
420747 3424
420853 3427
420960 3425
421067 3430
421174 3428
421280 3427
421387 3427
421493 3426
421599 3425
421706 3429
421812 3424
421918 3423
422026 3425
422133 3426
422239 3428
422346 3409
422452 3426
422558 3425
422664 3426
422771 3414
422877 3425
422985 3426
423091 3419
423198 3426
423304 3429
423411 3426
423517 3427
423623 3427
423729 3425
423836 3427
423942 3419
424050 3429
424156 3426
424263 3428
424369 3439
424476 3430
424582 3427
424688 3428
424794 3465
424901 3428
425008 3429
425115 3424
425221 3425
425328 3429
425434 3424
425541 3438
425647 3427
425753 3426
425859 3427
425966 3425
426073 3429
426180 3428
426286 3429
426393 3437
426499 3426
426606 3430
426712 3427
426818 3414
426924 3430
427032 3427
427138 3431
427245 3423
427351 3430
427458 3433
427564 3429
427671 3444
427777 3428
427883 3429
427991 3433
428097 3427
428204 3429
428310 3428
428417 3419
428523 3430
428629 3427
428736 3431
428842 3421
428948 3433
429056 3430
429162 3428
429269 3443
429375 3428
429482 3427
429588 3428
429694 3370
429801 3430
429907 3428
430014 3426
430121 3426
430227 3428
430334 3430
430440 3428
430547 3429
430653 3430
430759 3428
430866 3452
430972 3427
431079 3427
431186 3429
431292 3436
431399 3430
431505 3430
431612 3429
431718 3435
431824 3430
431931 3425
432038 3430
432145 3438
432251 3427
432358 3431
432464 3427
432570 3418
432677 3425
432783 3427
432889 3427
432997 3428
433103 3430
433210 3426
433316 3422
433423 3427
433529 3424
433635 3427
433742 3424
433848 3428
433954 3425
434062 3426
434168 3475
434275 3428
434381 3428
434488 3427
434594 3417
434700 3429
434807 3428
434913 3428
435020 3429
435127 3431
435233 3432
435340 3427
435446 3428
435553 3427
435659 3428
435765 3429
435872 3427
435978 3427
436085 3426
436192 3434
