2 1869
145 1920
251 1886
358 1889
464 1887
570 1889
677 1888
783 1886
889 1879
997 1886
1103 1890
1210 1889
1316 1930
1423 1889
1529 1890
1635 1893
1742 1829
1848 1890
1954 1892
2062 1888
2168 1890
2275 1890
2381 1888
2488 1902
2594 1889
2700 1890
2807 1888
2913 1874
3021 1888
3127 1890
3233 1891
3340 1896
3446 1889
3553 1892
3659 1886
3765 1987
3872 1890
3978 1890
4086 1890
4192 1881
4298 1888
4404 1889
4511 1889
4617 1906
4723 1890
4830 1883
4936 1888
5044 1884
5150 1888
5257 1891
5363 1884
5469 1888
5576 1889
5682 1887
5788 1896
5895 1891
6002 1888
6109 1890
6215 1960
6322 1886
6428 1889
6534 1891
6641 1923
6747 1887
6853 1890
6960 1890
7067 1942
7174 1886
7280 1887
7387 1889
7493 1886
7599 1892
7706 1886
7812 1887
7918 1890
8026 1883
8132 1888
8239 1890
8345 1885
8452 1889
8558 1887
8664 1894
8771 1885
8877 1889
8985 1891
9091 1921
9198 1890
9304 1889
9411 1888
9517 1872
9623 1886
9729 1893
9836 1885
9942 1889
10050 1886
10156 1884
10263 1887
10369 1888
10476 1885
10582 1884
10688 1899
10794 1886
10901 1883
11008 1886
11115 1884
11221 1885
11328 1887
11434 1884
11541 1885
11647 1881
11753 1882
11859 1886
11966 1837
12073 1885
12180 1884
12286 1887
12393 1885
12499 1885
12606 1880
12712 1887
12818 1885
12924 1884
13032 1887
13139 1865
13245 1872
13352 1883
13458 1885
13564 1881
13671 1884
13777 1886
13883 1882
13991 1939
14097 1886
14204 1886
14310 1885
14417 1837
14523 1878
14629 1887
14736 1883
14842 1821
14948 1883
15056 1882
15162 1886
15269 1889
15375 1883
15482 1885
15588 1881
15694 1887
15801 1882
15907 1885
16014 1896
16121 1884
16227 1886
16334 1887
16440 1884
16547 1883
16653 1882
16759 1885
16866 1836
16972 1886
17079 1885
17186 1883
17292 1882
17399 1885
17505 1884
17612 1885
17718 1884
17824 1887
17931 1888
18038 1878
18144 1885
18251 1885
18357 1885
18464 1905
18570 1887
18677 1800
18783 1884
18889 1907
18997 1884
19103 1886
19210 1884
19316 2032
19423 1880
19529 1884
19635 1885
19742 1828
19848 1882
19954 1885
20062 1887
20168 1888
20275 1888
20381 1890
20488 1893
20594 1887
20700 1887
20807 1887
20913 1882
21020 1887
21127 1889
21233 1890
21340 1870
21446 1888
21553 1889
21659 1890
21765 1941
21872 1889
21978 1888
22085 1890
22192 1883
22298 1887
22405 1888
22511 1888
22617 1887
22724 1889
22830 1891
22936 1887
23044 1891
23150 1893
23257 1887
23363 1888
23470 1889
23576 1888
23682 1888
23789 1871
23895 1888
24003 1888
24109 1889
24215 1921
24322 1892
24428 1887
24535 1889
24641 1890
24747 1891
24854 1893
24960 1887
25068 1891
25174 1887
25280 1891
25387 1875
25493 1892
25600 1889
25706 1889
25812 1885
25919 1890
26026 1892
26133 1892
26239 1887
26346 1892
26452 1889
26558 1890
26665 1898
26771 1886
26877 1892
26985 1888
27091 1805
27198 1889
27304 1890
27411 1893
27517 1886
27623 1890
27730 1886
27836 1888
27942 1886
28050 1880
28156 1890
28263 1888
28369 1886
28476 1890
28582 1887
28688 1877
28795 1884
28901 1888
29009 1890
29115 1943
29222 1889
29328 1893
29434 1887
29541 1883
29647 1888
29753 1888
29860 1885
29966 1822
30074 1888
30180 1887
30287 1887
30393 1887
30499 1885
30606 1883
30712 1894
30818 1888
30925 1882
31032 1886
31139 1893
31245 1885
31352 1886
31458 1886
31564 1880
31671 1883
31777 1884
31883 1885
31991 1963
32098 1885
32204 1844
32310 1887
32417 1883
32523 1887
32629 1885
32736 1883
32842 1886
32948 1885
33056 1888
33163 1873
33269 1883
33375 1884
33482 1881
33588 1894
33694 1884
33801 1883
33907 1882
34015 1827
34121 1886
34228 1885
34334 1884
34440 1853
34547 1883
34653 1886
34759 1881
34866 1892
34972 1882
35080 1883
35186 1886
35293 1879
35399 1885
35505 1884
35612 1875
35718 1884
35824 1882
35931 1887
36038 1899
36145 1882
36251 1882
36358 1883
36464 1867
36570 1880
36677 1882
36783 1882
36889 1952
36997 1884
37103 1884
37210 1885
37316 1884
37423 1882
37529 1886
37635 1886
37742 1881
37848 1886
37954 1884
38062 1891
38168 1887
38275 1883
38381 1887
38488 1892
38594 1882
38700 1884
38807 1884
38913 1886
39021 1884
39127 1885
39234 1884
39340 1893
39447 1884
39553 1886
39659 1884
39765 1946
39872 1887
39978 1887
40085 1884
40192 1889
40298 1888
40404 1887
40511 1888
40617 1886
40723 1890
40830 1885
40936 1890
41043 1888
41150 1889
41256 1888
41363 1902
41469 1886
41576 1888
41682 1889
41788 1905
41895 1889
42002 1885
42108 1888
42215 1881
42321 1887
42428 1891
42534 1881
42641 1844
42747 1888
42853 1889
42960 1886
43067 1887
43173 1890
43280 1889
43386 1889
43493 1889
43599 1886
43706 1890
43812 1904
43918 1888
44026 1892
44132 1887
44239 2004
44345 1891
44452 1888
44558 1890
44664 1845
44771 1892
44877 1887
44984 1890
45091 1890
45197 1888
45304 1890
45410 1888
45517 1888
45623 1891
45729 1888
45836 1888
45942 1885
46049 1890
46156 1889
46262 1886
46369 1890
46475 1889
46582 1889
46688 1884
46794 1889
46901 1890
47008 1890
47115 1844
47221 1887
47328 1891
47434 1890
47540 1831
47647 1889
47753 1887
47859 1888
47966 1908
48073 1890
48180 1890
48286 1886
48393 1887
48499 1886
48605 1888
48712 1891
48818 1888
48924 1889
49032 1890
49138 1913
49245 1891
49351 1887
49458 1888
49564 1950
49670 1889
49777 1889
49883 1885
49991 1869
50097 1886
50203 1884
50310 1888
50416 1884
50523 1884
50629 1882
50735 1887
50842 1882
50948 1886
51056 1885
51162 1885
51268 1886
51375 1884
51481 1885
51588 1882
51694 1882
51800 1882
51907 1882
52014 1841
52121 1887
52227 1882
52333 1887
52440 1926
52546 1888
52653 1888
52759 1886
52865 1823
52972 1889
53079 1884
53186 1868
53292 1885
53398 1884
53505 1884
53611 1895
53718 1886
53824 1880
53930 1886
54038 1868
54144 1885
54251 1885
54357 1885
54464 1888
54570 1882
54676 1884
54783 1884
54889 1883
54997 1883
55103 1883
55209 1884
55316 1883
55422 1885
55529 1882
55635 1889
55741 1884
55848 1883
55954 1883
56062 1879
56168 1884
56274 1884
56381 1883
56487 1886
56594 1878
56700 1883
56806 1881
56913 1879
57020 1886
57127 1882
57233 1884
57340 1864
57446 1880
57552 1886
57659 1883
57765 1886
57871 1884
57978 1885
58085 1884
58192 1886
58298 1886
58404 1885
58511 1886
58617 1884
58723 1884
58830 1887
58936 1867
59044 1884
59150 1884
59257 1882
59363 1704
59469 1883
59576 1885
59682 1884
59788 1862
59895 1887
60002 1887
60109 1886
60215 1884
60322 1887
60428 1884
60534 1888
60641 1891
60747 1887
60853 1888
60960 1890
61067 1889
61174 1889
61280 1885
61387 1866
61493 1887
61599 1891
61706 1890
61812 1894
61918 1888
62026 1884
62132 1891
62239 1848
62345 1883
62452 1887
62558 1884
62664 1836
62771 1884
62877 1887
62985 1892
63091 1888
63198 1890
63304 1891
63411 1898
63517 1890
63623 1888
63729 1893
63836 1897
63942 1890
64050 1892
64156 1887
64263 1890
64369 1892
64476 1891
64582 1891
64688 1878
64794 1891
64901 1887
65008 1889
65115 1904
65221 1887
65328 1892
65434 1889
65541 1886
65647 1888
65753 1887
65859 1892
65966 1887
66073 1887
66180 1891
66286 1888
66393 1892
66499 1890
66606 1890
66712 1873
66818 1890
66924 1892
67032 1890
67139 1958
67245 1889
67352 1890
67458 1888
67564 1889
67671 1889
67777 1888
67883 1886
67991 1888
68097 1888
68204 1890
68310 1896
68417 1889
68523 1887
68629 1887
68736 1884
68842 1889
68948 1888
69056 1887
69162 1905
69269 1887
69375 1886
69482 1889
69588 1891
69694 1889
69801 1890
69907 1885
70014 1878
70121 1881
70227 1886
70334 1889
70440 1884
70547 1886
70653 1882
70759 1887
70866 1883
70972 1885
71079 1889
71186 1900
71292 1886
71399 1885
71505 1886
71612 1874
71718 1882
71824 1886
71931 1883
72038 1871
72144 1881
72251 1886
72357 1886
72464 1885
72570 1888
72677 1887
72783 1884
72889 1837
72997 1879
73103 1883
73210 1879
73316 1880
73423 1884
73529 1884
73635 1897
73742 1881
73848 1881
73954 1881
74062 1889
74168 1882
74275 1883
74381 1885
74488 1878
74594 1883
74700 1880
74807 1882
74913 1904
75020 1882
75127 1886
75233 1884
75340 1880
75446 1886
75553 1883
75659 1883
75765 1884
75872 1882
75978 1885
76085 1875
76192 1883
76298 1885
76405 1881
76511 1887
76617 1881
76724 1883
76830 1883
76936 1880
77044 1886
77150 1882
77257 1884
77363 1940
77470 1882
77576 1886
77682 1882
77789 1889
77895 1884
78003 1883
78109 1885
78215 1884
78322 1888
78428 1886
78535 1887
78641 1889
78747 1884
78854 1886
78960 1875
79068 1885
79174 1887
79280 1884
79387 1874
79493 1885
79600 1936
79706 1886
79812 1876
79919 1890
80026 1886
80133 1891
80239 1897
80346 1887
80452 1887
80558 1885
80665 1889
80771 1887
80877 1890
80985 1877
81091 1889
81198 1890
81304 1905
81411 1879
81517 1886
81623 1890
81730 1887
81836 1878
81942 1886
82050 1886
82156 1889
82263 1888
82369 1885
82476 1889
82582 1894
82688 1885
82795 1887
82901 1888
83009 1891
83115 1887
83222 1893
83328 1891
83434 1907
83541 1890
83647 1888
83753 1891
83860 1899
83966 1889
84074 1891
84180 1888
84287 1891
84393 1888
84499 1888
84606 1887
84712 1869
84818 1892
84925 1889
85032 1888
85139 1896
85245 1886
85352 1886
85458 1889
85564 1887
85671 1894
85777 1888
85883 1891
85991 1883
86098 1892
86204 1888
86310 1857
86417 1889
86523 1889
86629 1890
86736 1887
86842 1887
86948 1890
87056 1887
87163 1888
87269 1887
87375 1888
87482 1889
87588 1924
87694 1887
87801 1888
87907 1887
88015 1886
88121 1891
88228 1889
88334 1885
88440 1887
88547 1885
88653 1888
88759 1905
88866 1888
88972 1886
89080 1887
89186 1890
89293 1888
89399 1888
89505 1891
89612 1989
89718 1890
89824 1884
89931 1887
90038 1908
90145 1883
90251 1885
90358 1885
90464 1883
90570 1884
90677 1884
90783 1888
90889 1883
90997 1883
91103 1885
91210 1880
91316 1885
91423 1885
91529 1884
91635 1887
91742 1882
91848 1884
91954 1883
92062 1896
92168 1887
92275 1885
92381 1888
92488 1889
92594 1884
92700 1886
92807 1886
92913 1881
93021 1883
93127 1954
93234 1882
93340 1886
93447 1884
93553 1886
93659 1875
93765 1884
93872 1883
93978 1887
94085 1881
94192 1883
94298 1887
94404 1881
94511 1898
94617 1882
94723 1884
94830 1913
94936 1895
95043 1884
95150 1882
95256 1888
95363 1897
95469 1885
95576 1883
95682 1884
95788 1995
95895 1882
96002 1885
96108 1883
96215 1885
96321 1884
96428 1882
96534 1887
96641 1881
96747 1880
96853 1886
96960 1874
97067 1884
97173 1884
97280 1884
97386 1885
97493 1950
97599 1884
97706 1880
97812 1884
97918 1846
98026 1887
98132 1886
98239 1886
98345 1886
98452 1886
98558 1887
98664 1885
98771 1884
98877 1886
98984 1890
99091 1887
99197 1884
99304 1885
99410 1899
99517 1878
99623 1883
99729 1884
99836 1884
99942 1864
100049 1883
100156 1889
100262 1886
100369 1885
100475 1890
100582 1885
100688 1925
100794 1887
100901 1890
101008 1892
101115 1886
101221 1886
101328 1888
101434 1874
101540 1886
101647 1887
101753 1888
101859 1874
101966 1887
102073 1888
102180 1887
102286 1887
102393 1890
102499 1887
102605 1889
102712 1848
102818 1888
102924 1886
103032 1888
103138 1867
103245 1890
103351 1891
103458 1891
103564 1889
103670 1892
103777 1890
103883 1890
103991 1888
104097 1887
104203 1889
104310 1887
104416 1888
104523 1887
104629 1889
104735 1887
104842 1891
104948 1891
105056 1889
105162 1884
105268 1889
105375 1892
105481 1886
105588 1897
105694 1887
105800 1890
105907 1891
106014 1889
106121 1891
106227 1889
106333 1878
106440 1893
106546 1888
106653 1891
106759 1877
106865 1890
106972 1888
107079 1889
107186 1887
107292 1888
107398 1890
107505 1891
107611 1856
107718 1888
107824 1883
107930 1890
108038 1880
108144 1888
108251 1888
108357 1889
108464 1886
108570 1888
108676 1887
108783 1893
108889 1886
108997 1890
109103 1889
109209 1901
109316 1890
109422 1889
109529 1887
109635 1887
109741 1889
109848 1888
109954 1883
110062 1936
110168 1885
110274 1885
110381 1884
110487 1844
110594 1886
110700 1884
110806 1885
110913 1945
111020 1888
111127 1888
111233 1872
111340 1886
111446 1887
111552 1884
111659 1895
111765 1885
111871 1884
111978 1886
112085 1880
112192 1888
112298 1883
112404 1887
112511 1863
112617 1885
112723 1884
112830 1885
112936 1877
113044 1878
113150 1884
113257 1883
113363 1884
113469 1881
113576 1882
113682 1883
113788 1884
113895 1884
114002 1885
114109 1893
114215 1884
114322 1884
114428 1881
114534 1872
114641 1881
114747 1885
114853 1882
114960 1902
115067 1884
115174 1882
115280 1883
115387 1874
115493 1884
115599 1884
115706 1883
115812 1887
115918 1881
116026 1882
116132 1884
116239 1883
116345 1881
116452 1884
116558 1862
116664 1883
116771 1883
116877 1883
116985 1868
117091 1884
117198 1882
117304 1864
117411 1751
117517 1886
117623 1884
117729 1886
117836 1885
117942 1886
118050 1884
118156 1885
118263 1884
118369 1887
118476 1883
118582 1888
118688 1886
118794 1885
118901 1887
119008 1890
119115 1887
119221 1883
119328 1884
119434 1891
119541 1882
119647 1888
119753 1881
119859 1883
119966 1886
120073 1886
120180 1889
120286 1888
120393 1888
120499 1888
120606 1887
120712 1893
120818 1887
120924 1886
121032 1887
121139 1885
121245 1889
121352 1885
121458 1876
121564 1887
121671 1891
121777 1892
121883 1877
121991 1885
122097 1889
122204 1888
122310 1911
122417 1887
122523 1887
122629 1888
122736 1877
122842 1890
122948 1886
123056 1889
123162 1832
123269 1893
123375 1888
123482 1891
123588 1889
123694 1890
123801 1890
123907 1888
124014 1890
124121 1890
124227 1891
124334 1879
124440 1888
124547 1890
124653 1886
124759 1878
124866 1889
124972 1890
125079 1891
125186 1880
125292 1882
125399 1891
125505 1888
125612 1905
125718 1888
125824 1889
125931 1890
126038 1889
126144 1890
126251 1890
126357 1903
126464 1890
126570 1889
126677 1891
126783 1901
126889 1891
126997 1886
127103 1886
127210 1899
127316 1887
127423 1885
127529 1891
127635 1867
127742 1891
127848 1886
127954 1889
128062 1884
128168 1886
128275 1890
128381 1886
128488 1887
128594 1886
128700 1887
128807 1889
128913 1885
129020 1889
129127 1890
129233 1876
129340 1889
129446 1886
129553 1889
129659 1885
129765 1890
129872 1886
129978 1883
130085 1861
130192 1884
130298 1886
130405 1885
130511 1894
130617 1886
130724 1883
130830 1884
130936 1861
131044 1885
131150 1889
131257 1883
131363 1880
131470 1882
131576 1885
131682 1872
131789 1884
131895 1887
132003 1884
132109 1880
132215 1886
132322 1886
132428 1887
132535 1989
132641 1887
132747 1883
132854 1887
132960 1908
133068 1883
133174 1886
133280 1886
133387 1966
133493 1884
133600 1881
133706 1887
133812 1883
133919 1887
134026 1886
134133 1878
134239 1887
134346 1884
134452 1885
134558 1874
134665 1880
134771 1886
134877 1881
134985 1906
135091 1880
135198 1886
135304 1904
135411 1949
135517 1886
135623 1883
135730 1883
135836 1818
135942 1881
136050 1884
136156 1887
136263 1887
136369 1881
136476 1883
136582 1889
136688 1881
136795 1884
136901 1884
137009 1882
137115 1887
137222 1881
137328 1887
137434 1901
137541 1885
137647 1886
137753 1882
137860 1821
137966 1887
138074 1886
138180 1886
138287 1883
138393 1889
138499 1885
138606 1888
138712 1886
138818 1885
138925 1885
139032 1871
139139 1887
139245 1883
139352 1886
139458 1867
139564 1883
139671 1887
139777 1882
139883 1880
139991 1889
140098 1887
140204 1888
140310 1865
140417 1885
140523 1885
140629 1886
140736 1900
140842 1886
140948 1892
141056 1887
141163 1886
141269 1891
141375 1884
141482 1902
141588 1891
141694 1886
141801 1893
141907 1902
142015 1886
142121 1889
142228 1884
142334 1888
142440 1886
142547 1887
142653 1887
142759 1936
142866 1890
142972 1887
143080 1888
143186 1956
143293 1889
143399 1890
143505 1892
143612 1891
143718 1883
143824 1887
143931 1890
144038 1890
144145 1891
144251 1886
144358 1889
144464 1887
144570 1892
144677 1886
144783 1900
144889 1890
144997 1888
145103 1886
145210 1844
145316 1888
145423 1891
145529 1887
145635 1964
145742 1887
145848 1889
145954 1889
146062 1885
146168 1893
146275 1890
146381 1889
146488 1888
146594 1888
146700 1892
146807 1890
146913 1893
147021 1890
147127 1887
147234 1868
147340 1890
147447 1888
147553 1888
147659 1855
147765 1888
147872 1888
147978 1891
148085 1870
148192 1888
148298 1888
148404 1880
148511 1889
148617 1883
148723 1889
148830 1887
148936 1821
149043 1893
149150 1886
149256 1889
149363 1891
149469 1886
149576 1893
149682 1895
149788 1891
149895 1881
150002 1888
150108 1902
150215 1887
150321 1889
150428 1888
150534 1871
150641 1886
150747 1884
150853 1889
150960 1878
151067 1886
151173 1888
151280 1884
151386 1888
151493 1885
151599 1885
151706 1877
151812 1882
151918 1887
152026 1891
152132 1884
152239 1886
152345 1885
152452 1886
152558 1885
152664 1886
152771 1883
152877 1883
152984 1853
153091 1883
153197 1884
153304 1890
153410 1908
153517 1885
153623 1882
153729 1885
153836 1890
153942 1884
154049 1880
154156 1880
154262 1885
154369 1882
154475 1883
154582 1876
154688 1886
154794 1881
154901 1882
155008 1896
155115 1883
155221 1882
155328 1884
155434 1864
155540 1887
155647 1881
155753 1882
155859 1916
155966 1883
156073 1887
156180 1884
156286 1883
156393 1880
156499 1881
156605 1885
156712 1882
156818 1889
156924 1883
157032 1894
157138 1884
157245 1883
157351 1886
157458 1902
157564 1889
157670 1886
157777 1885
157883 1885
157991 1883
158097 1884
158203 1884
158310 1837
158416 1886
158523 1885
158629 1886
158735 1958
158842 1885
158948 1887
159056 1883
159162 1884
159268 1883
159375 1886
159481 1877
159588 1886
159694 1885
159800 1884
159907 1875
160014 1888
160121 1888
160227 1889
160333 1883
160440 1889
160546 1886
160653 1890
160759 1949
160865 1887
160972 1891
161079 1886
161186 1893
161292 1890
161398 1887
161505 1891
161611 1889
161718 1893
161824 1888
161930 1889
162038 1890
162144 1888
162251 1886
162357 1879
162464 1909
162570 1887
162676 1883
162783 1900
162889 1886
162997 1887
163103 1889
163209 1851
163316 1892
163422 1888
163529 1889
163635 1894
163741 1887
163848 1891
163954 1889
164062 1888
164168 1891
164274 1888
164381 1880
164487 1889
164594 1891
164700 1887
164806 1886
164913 1890
165020 1888
165127 1891
165233 1877
165340 1888
165446 1889
165552 1891
165659 1890
165765 1888
165871 1889
165978 1888
166085 1951
166192 1892
166298 1889
166404 1892
166511 1889
166617 1890
166723 1892
166830 1889
166936 1889
167044 1890
167150 1889
167257 1890
167363 1888
167469 1888
167576 1868
167682 1880
167788 1891
167895 1889
168002 1888
168109 1836
168215 1889
168322 1889
168428 1883
168534 1823
168641 1884
168747 1890
168853 1888
168960 1886
169067 1890
169174 1886
169280 1890
169387 1888
169493 1889
169599 1890
169706 1876
169812 1888
169918 1886
170026 1883
170132 1876
170239 1885
170345 1886
170452 1885
170558 1850
170664 1886
170771 1881
170877 1888
170985 1887
171091 1885
171198 1885
171304 1872
171411 1886
171517 1884
171623 1882
171729 1884
171836 1883
171942 1887
172050 1884
172156 1881
172263 1888
172369 1888
172476 1886
172582 1894
172688 1886
172794 1885
172901 1885
173008 1875
173115 1884
173221 1884
173328 1883
173434 1884
173541 1884
173647 1884
173753 1885
173859 1883
173966 1886
174073 1881
174180 1885
174286 1883
174393 1925
174499 1886
174606 1872
174712 1884
174818 1882
174924 1883
175032 1880
175139 1882
175245 1883
175352 1887
175458 1985
175564 1882
175671 1882
175777 1887
175883 1907
175991 1882
176097 1902
176204 1882
176310 1886
176417 1883
176523 1884
176629 1886
176736 1882
176842 1887
176948 1883
177056 1885
177162 1885
177269 1884
177375 1887
177482 1873
177588 1884
177694 1884
177801 1883
177907 1887
178014 1887
178121 1887
178227 1884
178334 1960
178440 1887
178547 1885
178653 1882
178759 1818
178866 1883
178972 1886
179079 1884
179186 1887
179292 1882
179399 1886
179505 1890
179612 1885
179718 1885
179824 1884
179931 1877
180038 1885
180144 1886
180251 1890
180357 1900
180464 1888
180570 1886
180677 1882
180783 1823
180889 1888
180997 1889
181103 1866
181210 1891
181316 1890
181423 1886
181529 1893
181635 1887
181742 1891
181848 1889
181954 1887
182062 1892
182168 1885
182275 1891
182381 1867
182488 1887
182594 1889
182700 1885
182807 1882
182913 1886
183020 1889
183127 1894
183233 1837
183340 1886
183446 1890
183553 1889
183659 1889
183765 1886
183872 1890
183978 1887
184085 1888
184192 1888
184298 1890
184405 1891
184511 1890
184617 1889
184724 1890
184830 1888
184936 1889
185044 1889
185150 1894
185257 1887
185363 1890
185470 1891
185576 1890
185682 1871
185789 1889
185895 1889
186003 1889
186109 1921
186215 1891
186322 1889
186428 1893
186535 1885
186641 1889
186747 1888
186854 1888
186960 1889
187068 1889
187174 1890
187280 1891
187387 1889
187493 1893
187600 1887
187706 1904
187812 1889
187919 1889
188026 1891
188133 1884
188239 1887
188346 1887
188452 1888
188558 1840
188665 1884
188771 1887
188877 1886
188985 1885
189091 1892
189198 1887
189304 1893
189411 1888
189517 1888
189623 1891
189730 1880
189836 1890
189942 1884
190050 1885
190156 1863
190263 1886
190369 1887
190476 1887
190582 1886
190688 1888
190795 1883
190901 1886
191009 1882
191115 1887
191222 1885
191328 1883
191434 1876
191541 1881
191647 1884
191753 1884
191860 1884
191966 1888
192074 1883
192180 1887
192287 1882
192393 1887
192499 1884
192606 1875
192712 1885
192818 1884
192925 1886
193032 1873
193139 1885
193245 1883
193352 1882
193458 1839
193564 1882
193671 1885
193777 1885
193883 1855
193991 1886
194098 1883
194204 1886
194310 1885
194417 1882
194523 1884
194629 1881
194736 1886
194842 1880
194948 1883
195056 1884
195163 1882
195269 1886
195375 1883
195482 1892
195588 1884
195694 1881
195801 1886
195907 1909
196015 1882
196121 1882
196228 1879
196334 1837
196440 1884
196547 1881
196653 1883
196759 1878
196866 1885
196972 1882
197080 1895
197186 1885
197293 1884
197399 1887
197505 1892
197612 1883
197718 1883
197824 1882
197931 1891
198038 1886
198145 1887
198251 1883
198358 1937
198464 1887
198570 1888
198677 1887
198783 1886
198889 1883
198997 1884
199103 1884
199210 1885
199316 1882
199423 1886
199529 1867
199635 1884
199742 1886
199848 1889
199954 1893
200062 1886
200168 1889
200275 1888
200381 1875
200488 1887
200594 1885
200700 1888
200807 1956
200913 1889
201021 1888
201127 1888
201234 1859
201340 1888
201447 1888
201553 1894
201659 1889
201765 1891
201872 1888
201978 1887
202085 1887
202192 1886
202298 1892
202404 1905
202511 1891
202617 1887
202723 1876
202830 1897
202936 1889
203043 1893
203150 1888
203256 1892
203363 1896
203469 1886
203576 1890
203682 1880
203788 1890
203895 1891
204002 1883
204108 1888
204215 1888
204321 1890
204428 1892
204534 1887
204641 1887
204747 1887
204853 1889
204960 1889
205067 1889
205173 1892
205280 1887
205386 1889
205493 1891
205599 1887
205706 1873
205812 1884
205918 1890
206026 1889
206132 1877
206239 1892
206345 1888
206452 1890
206558 1961
206664 1890
206771 1891
206877 1887
206984 1887
207091 1887
207197 1887
207304 1898
207410 1890
207517 1888
207623 1888
207729 1906
207836 1888
207942 1886
208049 1888
208156 1885
208262 1886
208369 1886
208475 1887
208582 1977
208688 1886
208794 1889
208901 1887
209008 1895
209115 1888
209221 1887
209328 1891
209434 1887
209540 1891
209647 1887
209753 1888
209859 1890
209966 1883
210073 1889
210180 1878
210286 1885
210393 1883
210499 1882
210605 1895
210712 1884
210818 1888
210924 1883
211032 1888
211138 1891
211245 1887
211351 1886
211458 1880
211564 1882
211670 1888
211777 1887
211883 1894
211991 1886
212097 1883
212203 1886
212310 1886
212416 1883
212523 1886
212629 1878
212735 1885
212842 1880
212948 1886
213056 1894
213162 1883
213268 1885
213375 1883
213481 2022
213588 1883
213694 1886
213800 1884
213907 1885
214014 1886
214121 1882
214227 1884
214333 1887
214440 1883
214546 1883
214653 1884
214759 1881
214865 1881
214972 1886
215079 1876
215186 1885
215292 1886
215398 1882
215505 1877
215611 1883
215718 1884
215824 1884
215930 1903
216038 1885
216144 1882
216251 1884
216357 1826
216464 1882
216570 1884
216676 1886
216783 1883
216889 1886
216997 1883
217103 1887
217209 1884
217316 1885
217422 1887
217529 1871
217635 1886
217741 1887
217848 1887
217954 1894
218062 1885
218168 1886
218274 1884
218381 1886
218487 1886
218594 1885
218700 1887
218806 1893
218913 1887
219020 1884
219127 1885
219233 1875
219340 1885
219446 1885
219552 1885
219659 1884
219765 1884
219871 1882
219978 1888
220085 1887
220192 1888
220298 1888
220404 1879
220511 1885
220617 1890
220723 1889
220830 1881
220936 1884
221044 1889
221150 1889
221257 1890
221363 1888
221469 1889
221576 1887
221682 1884
221788 1889
221895 1886
222002 1888
222109 1888
222215 1886
222322 1890
222428 1905
222534 1887
222641 1888
222747 1885
222853 1895
222960 1886
223067 1890
223174 1893
223280 1886
223387 1888
223493 1888
223599 1890
223706 1769
223812 1889
223918 1887
224026 1884
224132 1886
224239 1890
224345 1889
224452 1891
224558 1888
224664 1892
224771 1886
224877 1893
224985 1888
225091 1888
225198 1892
225304 1875
225411 1883
225517 1890
225623 1888
225729 1886
225836 1860
225942 1891
226050 1893
226156 1888
226263 1889
226369 1889
226476 1889
226582 1840
226688 1888
226794 1891
226901 1890
227008 1889
227115 1888
227221 1887
227328 1888
227434 1889
227541 1886
227647 1887
227753 1886
227859 1887
227966 1886
228073 1888
228180 1903
228286 1889
228393 1884
228499 1901
228606 1871
228712 1886
228818 1887
228924 1886
229032 1867
229139 1889
229245 1891
229352 1898
229458 1884
229564 1889
229671 1887
229777 1887
229883 1886
229991 1884
230097 1886
230204 1886
230310 1888
230417 1890
230523 1885
230629 1902
230736 1882
230842 1887
230948 1886
231056 1838
231162 1887
231269 1888
231375 1882
231482 1878
231588 1883
231694 1884
231801 1882
231907 1878
232014 1889
232121 1884
232227 1885
232334 1887
232440 1884
232547 1887
232653 1878
232759 1886
232866 1881
232972 1884
233079 1863
233186 1884
233292 1882
233399 1881
233505 1886
233612 1882
233718 1886
233824 1886
233931 1835
234038 1881
234144 1883
234251 1884
234357 1804
234464 1883
234570 1885
234677 1884
234783 1885
234889 1881
234997 1883
235103 1887
235210 1884
235316 1883
235423 1881
235529 1876
235635 1883
235742 1883
235848 1886
235954 1887
236062 1885
236168 1884
236275 1883
236381 1876
236488 1880
236594 1880
236700 1879
236807 1834
236913 1885
237020 1884
237127 1886
237233 1884
237340 1885
237446 1886
237553 1883
237659 1888
237765 1883
237872 1887
237978 1881
238085 1882
238192 1886
238298 1883
238405 1893
238511 1888
238617 1886
238724 1887
238830 1890
238936 1888
239044 1885
239150 1884
239257 1886
239363 1886
239470 1885
239576 1886
239682 1887
239789 1888
239895 1885
240003 1893
240109 1887
240215 1890
240322 1887
240428 1889
240535 1886
240641 1889
240747 1888
240854 1900
240960 1888
241068 1887
241174 1887
241280 1887
241387 1888
241493 1887
241600 1887
241706 1844
241812 1888
241919 1888
242026 1886
242133 1889
242239 1888
242346 1888
242452 1888
242558 1890
242665 1886
242771 1888
242877 1882
242985 1889
243091 1890
243198 1888
243304 1899
243411 1890
243517 1889
243623 1892
243730 1886
243836 1891
243942 1888
244050 1888
244156 1906
244263 1891
244369 1888
244476 1891
244582 1869
244688 1893
244795 1889
244901 1891
245009 1890
245115 1890
245222 1891
245328 1882
245434 1889
245541 1890
245647 1888
245753 1879
245860 1881
245966 1883
246074 1891
246180 1893
246287 1890
246393 1891
246499 1888
246606 1846
246712 1888
246818 1890
246925 1885
247032 1885
247139 1889
247245 1888
247352 1888
247458 1889
247564 1889
247671 1889
247777 1899
247883 1887
247991 1885
248098 1893
248204 1892
248310 1888
248417 1884
248523 1887
248629 1873
248736 1889
248842 1886
248948 1883
249056 1969
249163 1885
249269 1886
249375 1889
249482 1936
249588 1887
249694 1886
249801 1888
249907 1887
250015 1884
250121 1884
250228 1875
250334 1885
250440 1888
250547 1884
250653 1897
250759 1882
250866 1890
250972 1887
251080 1732
251186 1886
251293 1885
251399 1888
251505 1937
251612 1882
251718 1883
251824 1880
251931 1896
252038 1890
252145 1887
252251 1884
252358 1887
252464 1884
252570 1888
252677 1887
252783 1886
252889 1884
252997 1883
253103 1872
253210 1885
253316 1885
253423 1884
253529 1877
253635 1883
253742 1883
253848 1882
253954 2006
254062 1883
254168 1882
254275 1882
254381 1890
254488 1883
254594 1885
254700 1884
254807 1882
254913 1884
255021 1884
255127 1879
255234 1873
255340 1886
255447 1883
255553 1866
255659 1883
255765 1883
255872 1884
255978 1872
256085 1886
256192 1886
256298 1886
256404 1898
256511 1883
256617 1885
256723 1883
256830 1818
256936 1886
257043 1885
257150 1882
257256 1878
257363 1886
257469 1883
257576 1884
257682 1886
257788 1884
257895 1887
258002 1880
258108 1883
258215 1884
258321 1886
258428 1867
258534 1888
258641 1887
258747 1884
258853 1879
258960 1887
259067 1885
259173 1886
259280 1884
259386 1883
259493 1888
259599 1887
259706 1897
259812 1884
259918 1888
260026 1889
260132 1887
260239 1889
260345 1888
260452 1898
260558 1889
260664 1890
260771 1892
260877 1897
260984 1886
261091 1886
261197 1888
261304 1901
261410 1889
261517 1888
261623 1888
261729 1872
261836 1887
261942 1886
262049 1889
262156 1821
262262 1887
262369 1885
262475 1885
262582 1887
262688 1885
262794 1887
262901 1889
263008 1893
263115 1890
263221 1887
263328 1891
263434 1888
263540 1891
263647 1886
263753 1900
263859 1889
263966 1890
264073 1890
264180 1950
264286 1885
264393 1893
264499 1890
264605 1939
264712 1890
264818 1889
264924 1888
265032 1886
265138 1890
265245 1890
265351 1889
265458 1890
265564 1887
265670 1889
265777 1894
265883 1890
265991 1892
266097 1889
266203 1870
266310 1892
266416 1888
266523 1892
266629 1895
266735 1892
266842 1889
266948 1890
267056 1857
267162 1888
267268 1892
267375 1887
267481 1888
267588 1889
267694 1887
267800 1892
267907 1886
268014 1886
268121 1890
268227 1901
268333 1892
268440 1888
268546 1886
268653 1880
268759 1886
268865 1886
268972 1884
269079 1905
269186 1890
269292 1890
269398 1887
269505 1887
269611 1889
269718 1888
269824 1885
269930 1889
270038 1886
270144 1887
270251 1882
270357 1887
270464 1880
270570 1884
270676 1883
270783 1885
270889 1885
270997 1886
271103 1900
271209 1887
271316 1888
271422 1887
271529 1776
271635 1886
271741 1886
271848 1886
271954 1877
272062 1887
272168 1889
272274 1883
272381 1818
272487 1889
272594 1885
272700 1886
272806 1883
272913 1886
273020 1884
273127 1894
273233 1884
273340 1880
273446 1883
273552 1900
273659 1880
273765 1885
273871 1884
273978 1893
274085 1885
274192 1884
274298 1860
274404 1836
274511 1882
274617 1885
274723 1883
274830 1904
274936 1880
275044 1884
275150 1884
275257 1886
275363 1886
275469 1884
275576 1882
275682 1884
275788 1881
275895 1881
276002 1888
276109 1884
276215 1881
276322 1883
276428 1886
276534 1883
276641 1883
276747 1882
276853 1986
276960 1886
277067 1884
277174 1885
277280 1883
277387 1885
277493 1886
277599 1885
277706 1888
277812 1884
277918 1887
278026 1871
278132 1886
278239 1887
278345 1885
278452 1901
278558 1885
278664 1889
278771 1884
278877 1875
278985 1888
279091 1884
279198 1886
279304 1904
279411 1881
279517 1887
279623 1881
279729 1886
279836 1884
279942 1887
280050 1889
280156 1888
280263 1891
280369 1885
280476 1884
280582 1887
280688 1885
280794 1887
280901 1902
281008 1887
281115 1885
281221 1887
281328 1884
281434 1884
281541 1889
281647 1888
281753 1892
281859 1888
281966 1884
282073 1889
282180 1856
282286 1887
282393 1887
282499 1888
282606 1895
282712 1890
282818 1891
282924 1891
283032 1888
283139 1893
283245 1887
283352 1897
283458 1887
283564 1891
283671 1890
283777 1898
283883 1888
283991 1883
284097 1886
284204 1892
284310 1890
284417 1891
284523 1891
284629 1962
284736 1890
284842 1891
284948 1889
285056 1889
285162 1892
285269 1890
285375 1888
285482 1888
285588 1888
285694 1890
285801 1874
285907 1886
286014 1893
286121 1886
286227 1887
286334 1890
286440 1888
286547 1892
286653 1883
286759 1889
286866 1885
286972 1889
287079 1898
287186 1888
287292 1891
287399 1889
287505 1906
287612 1888
287718 1887
287824 1893
287931 1883
288038 1887
288144 1890
288251 1886
288357 1886
288464 1886
288570 1891
288677 1878
288783 1887
288889 1891
288997 1888
289103 1890
289210 1888
289316 1889
289423 1888
289529 1853
289635 1887
289742 1887
289848 1886
289954 1865
290062 1887
290168 1884
290275 1882
290381 1884
290488 1886
290594 1889
290700 1894
290807 1885
290913 1886
291020 1883
291127 1891
291233 1886
291340 1882
291446 1885
291553 1870
291659 1886
291765 1883
291872 1882
291978 1871
292085 1883
292192 1887
292298 1892
292405 1874
292511 1887
292617 1884
292724 1887
292830 1895
292936 1886
293044 1884
293150 1888
293257 1886
293363 1880
293470 1883
293576 1887
293682 1883
293789 1888
293895 1881
294003 1880
294109 1884
294215 1882
294322 1886
294428 1859
294535 1880
294641 1885
294747 1881
294854 1951
294960 1881
295068 1884
295174 1883
295280 1884
295387 1884
295493 1882
295600 1883
295706 1881
295812 1881
295919 1883
296026 1887
296133 1967
296239 1883
296346 1883
296452 1894
296558 1887
296665 1884
296771 1883
296877 1880
296985 1879
297091 1887
297198 1886
297304 1864
297411 1886
297517 1884
297623 1885
297730 1864
297836 1918
297942 1885
298050 1893
298156 1887
298263 1887
298369 1884
298476 1870
298582 1884
298688 1887
298795 1884
298901 1876
299009 1886
299115 1882
299222 1885
299328 1826
299434 1882
299541 1888
299647 1882
299753 1899
299860 1880
299966 1891
300074 1889
300180 1885
300287 1889
300393 1888
300499 1888
300606 1888
300712 1886
300818 1891
300925 1879
301032 1886
301139 1890
301245 1888
301352 1877
301458 1887
301564 1892
301671 1888
301777 1885
301883 1888
301991 1884
302098 1890
302204 1841
302310 1887
302417 1888
302523 1889
302629 1880
302736 1890
302842 1890
302948 1863
303056 1887
303163 1887
303269 1889
303375 1894
303482 1887
303588 1887
303694 1890
303801 1906
303907 1889
304015 1886
304121 1888
304228 1981
304334 1886
304440 1891
304547 1887
304653 1840
304759 1891
304866 1891
304972 1889
305080 1891
305186 1890
305293 1892
305399 1889
305505 1888
305612 1885
305718 1888
305824 1886
305931 1887
306038 1891
306145 1890
306251 1890
306358 1890
306464 1886
306570 1893
306677 1901
306783 1892
306889 1888
306997 1885
307103 1901
307210 1890
307316 1889
307423 1887
307529 1855
307635 1889
307742 1887
307848 1891
307954 1882
308062 1888
308168 1886
308275 1886
308381 1889
308488 1886
308594 1888
308700 1888
308807 1887
308913 1891
309021 1888
309127 1880
309234 1887
309340 1888
309447 1888
309553 1884
309659 1889
309765 1971
309872 1887
309978 1846
310085 1884
310192 1885
310298 1899
310404 1895
310511 1886
310617 1882
310723 1886
310830 1883
310936 1891
311043 1884
311150 1892
311256 1887
311363 1884
311469 1916
311576 1874
311682 1884
311788 1885
311895 1886
312002 1862
312108 1883
312215 1889
312321 1885
312428 1950
312534 1886
312641 1884
312747 1883
312853 1898
312960 1882
313067 1886
313173 1884
313280 1885
313386 1881
313493 1884
313599 1873
313706 1885
313812 1884
313918 1882
314026 1888
314132 1884
314239 1881
314345 1887
314452 1887
314558 1884
314664 1884
314771 1886
314877 1892
314984 1880
315091 1886
315197 1882
315304 1900
315410 1885
315517 1883
315623 1886
315729 1882
315836 1886
315942 1884
316049 1889
316156 1884
316262 1882
316369 1884
316475 1853
316582 1879
316688 1883
316794 1881
316901 1886
317008 1885
317115 1883
317221 1883
317328 1865
317434 1883
317540 1885
317647 1884
317753 1892
317859 1882
317966 1887
318073 1883
318180 1887
318286 1885
318393 1885
318499 1870
318605 1884
318712 1888
318818 1886
318924 1884
319032 1884
319138 1883
319245 1888
319351 1874
319458 1883
319564 1885
319670 1884
319777 2013
319883 1886
319991 1888
320097 1888
320203 1950
320310 1889
320416 1886
320523 1886
320629 1890
320735 1887
320842 1888
320948 1887
321056 1890
321162 1890
321268 1885
321375 1876
321481 1890
321588 1894
321694 1887
321800 1875
321907 1888
322014 1887
322121 1891
322227 1855
322333 1887
322440 1891
322546 1888
322653 1903
322759 1885
322865 1890
322972 1888
323079 1887
323186 1896
323292 1888
323398 1889
323505 1892
323611 1888
323718 1890
323824 1897
323930 1894
324038 1890
324144 1888
324251 1890
324357 1887
324464 1890
324570 1885
324676 1947
324783 1891
324889 1888
324997 1889
325103 1879
325209 1891
325316 1889
325422 1888
325529 1894
325635 1890
325741 1886
325848 1887
325954 1887
326062 1891
326168 1887
326274 1891
326381 1889
326487 1889
326594 1888
326700 1895
326806 1890
326913 1888
327020 1888
327127 1871
327233 1887
327340 1890
327446 1885
327552 1903
327659 1885
327765 1888
327871 1888
327978 1892
328085 1887
328192 1889
328298 1877
328404 1888
328511 1883
328617 1889
328723 1885
328830 1888
328936 1889
329044 1887
329150 1882
329257 1887
329363 1889
329469 1889
329576 1876
329682 1889
329788 1886
329895 1887
330002 1942
330109 1884
330215 1886
330322 1884
330428 1930
330534 1886
330641 1884
330747 1887
330853 1878
330960 1887
331067 1886
331174 1869
331280 1884
331387 1883
331493 1884
331599 1876
331706 1884
331812 1885
331918 1884
332026 1878
332132 1883
332239 1887
332345 1881
332452 1866
332558 1883
332664 1885
332771 1887
332877 1881
332985 1883
333091 1883
333198 1883
333304 1886
333411 1882
333517 1888
333623 1880
333729 1883
333836 1884
333942 1883
334050 1898
334156 1885
334263 1883
334369 1887
334476 1870
334582 1886
334688 1881
334794 1883
334901 1896
335008 1880
335115 1885
335221 1881
335328 1884
335434 1885
335541 1883
335647 1886
335753 1902
335859 1886
335966 1883
336073 1887
336180 1885
336286 1881
336393 1883
336499 1886
336606 1882
336712 1884
336818 1883
336924 1898
337032 1883
337139 1884
337245 1890
337352 1845
337458 1884
337564 1885
337671 1887
337777 1963
337883 1886
337991 1885
338097 1879
338204 1886
338310 1887
338417 1887
338523 1887
338629 1883
338736 1884
338842 1889
338948 1870
339056 1885
339162 1881
339269 1885
339375 1864
339482 1887
339588 1885
339694 1884
339801 1884
339907 1885
340014 1888
340121 1887
340227 1893
340334 1885
340440 1886
340547 1888
340653 1851
340759 1887
340866 1887
340972 1886
341079 1891
341186 1890
341292 1888
341399 1875
341505 1889
341612 1890
341718 1888
341824 1880
341931 1888
342038 1886
342144 1891
342251 1889
342357 1890
342464 1891
342570 1884
342677 1851
342783 1884
342889 1891
342997 1890
343103 1888
343210 1889
343316 1888
343423 1887
343529 1888
343635 1879
343742 1889
343848 1878
343954 1890
344062 1887
344168 1887
344275 1889
344381 1888
344488 1892
344594 1891
344700 1887
344807 1891
344913 1887
345020 1886
345127 1891
345233 1891
345340 1889
345446 1888
345553 1823
345659 1891
345765 1887
345872 1888
345978 1884
346085 1889
346192 1892
346298 1884
346405 1887
346511 1889
346617 1888
346724 1900
346830 1890
346936 1893
347044 1892
347150 1983
347257 1882
347363 1890
347470 1884
347576 1863
347682 1886
347789 1888
347895 1889
348003 1963
348109 1890
348215 1886
348322 1888
348428 1888
348535 1886
348641 1889
348747 1887
348854 1890
348960 1886
349068 1887
349174 1883
349280 1886
349387 1890
349493 1890
349600 1896
349706 1888
349812 1886
349919 1885
350026 1878
350133 1885
350239 1888
350346 1885
350452 1881
350558 1886
350665 1884
350771 1874
350877 1784
350985 1883
351091 1887
351198 1892
351304 1887
351411 1883
351517 1885
351623 1868
351730 1878
351836 1885
351942 1885
352050 1901
352156 1887
352263 1891
352369 1883
352476 1898
352582 1884
352688 1887
352795 1886
352901 1875
353009 1882
353115 1885
353222 1883
353328 1873
353434 1879
353541 1887
353647 1881
353753 1874
353860 1882
353966 1883
354074 1887
354180 1775
354287 1882
354393 1888
354499 1875
354606 1890
354712 1880
354818 1884
354925 1872
355032 1880
355139 1886
355245 1881
355352 1824
355458 1885
355564 1879
355671 1887
355777 1871
355883 1886
355991 1883
356098 1894
356204 1886
356310 1884
356417 1882
356523 1885
356629 1882
356736 1886
356842 1882
356948 1899
357056 1879
357163 1882
357269 1888
357375 1883
357482 1885
357588 1883
357694 1885
357801 1914
357907 1884
358015 1882
358121 1884
358228 1887
358334 1888
358440 1888
358547 1886
358653 1882
358759 1885
358866 1886
358972 1884
359080 1885
359186 1884
359293 1885
359399 1884
359505 1886
359612 1880
359718 1886
359824 1903
359931 1887
360038 1888
360145 1888
360251 1887
360358 1889
360464 1885
360570 1889
360677 1765
360783 1889
360889 1889
360997 1884
361103 1888
361210 1886
361316 1885
361423 1885
361529 1886
361635 1891
361742 1884
361848 1883
361954 1885
362062 1885
362168 1889
362275 1887
362381 1890
362488 1888
362594 1884
362700 1945
362807 1891
362913 1892
363021 1889
363127 1889
363234 1890
363340 1885
363447 1890
363553 1885
363659 1885
363765 1888
363872 1891
363978 1892
364085 1888
364192 1890
364298 1899
364404 1888
364511 1892
364617 1888
364723 1889
364830 1887
364936 1892
365043 1891
365150 1878
365256 1889
365363 1890
365469 1887
365576 1841
365682 1886
365788 1890
365895 1888
366002 1896
366108 1893
366215 1890
366321 1891
366428 1889
366534 1889
366641 1890
366747 1889
366853 1890
366960 1887
367067 1889
367173 1891
367280 1890
367386 1889
367493 1886
367599 1870
367706 1889
367812 1888
367918 1888
368026 1869
368132 1887
368239 1889
368345 1889
368452 1923
368558 1887
368664 1887
368771 1888
368877 1893
368984 1886
369091 1886
369197 1882
369304 1889
369410 1889
369517 1887
369623 1902
369729 1885
369836 1886
369942 1887
370049 1797
370156 1886
370262 1885
370369 1884
370475 1889
370582 1884
370688 1882
370794 1881
370901 1879
371008 1887
371115 1884
371221 1886
371328 1885
371434 1884
371540 1884
371647 1885
371753 1884
371859 1881
371966 1887
372073 1877
372180 1888
372286 1887
372393 1885
372499 1884
372605 1885
372712 1887
372818 1888
372924 1927
373032 1884
373138 1882
373245 1883
373351 1891
373458 1885
373564 1885
373670 1882
373777 1886
373883 1884
373991 1883
374097 1876
374203 1882
374310 1882
374416 1885
374523 1865
374629 1882
374735 1879
374842 1884
374948 1881
375056 1883
375162 1885
375268 1882
375375 1959
375481 1884
375588 1884
375694 1882
375800 1944
375907 1884
376014 1882
376121 1881
376227 1885
376333 1882
376440 1885
376546 1881
376653 1887
376759 1883
376865 1884
376972 1875
377079 1882
377186 1887
377292 1884
377398 1896
377505 1887
377611 1880
377718 1886
377824 1889
377930 1887
378038 1888
378144 1884
378251 1892
378357 1888
378464 1886
378570 1887
378676 1882
378783 1884
378889 1884
378997 1866
379103 1919
379209 1884
379316 1887
379422 1874
379529 1883
379635 1884
379741 1885
379848 1882
379954 1884
380062 1887
380168 1886
380274 1886
380381 1888
380487 1887
380594 1889
380700 1840
380806 1886
380913 1890
381020 1888
381127 1889
381233 1889
381340 1891
381446 1891
381552 1890
381659 1891
381765 1889
381871 1910
381978 1889
382085 1885
382192 1889
382298 1893
382404 1892
382511 1886
382617 1887
382723 1896
382830 1891
382936 1890
383044 1890
383150 1849
383257 1891
383363 1889
383469 1891
383576 1985
383682 1890
383788 1889
383895 1890
384002 1893
384109 1848
384215 1888
384322 1890
384428 1887
384534 1889
384641 1886
384747 1888
384853 1886
384960 1888
385067 1890
385174 1876
385280 1891
385387 1888
385493 1888
385599 1876
385706 1882
385812 1893
385918 1881
386026 1879
386132 1890
386239 1890
386345 1889
386452 1887
386558 1889
386664 1891
386771 1887
386877 1888
386985 1888
387091 1889
387198 1879
387304 1891
387411 1887
387517 1888
387623 1879
387729 1887
387836 1888
387942 1888
388050 1881
388156 1889
388263 1886
388369 1889
388476 1830
388582 1889
388688 1887
388794 1888
388901 1889
389008 1887
389115 1887
389221 1885
389328 1887
389434 1890
389541 1886
389647 1899
389753 1887
389859 1883
389966 1886
390073 1879
390180 1887
390286 1885
390393 1886
390499 1851
390606 1883
390712 1885
390818 1884
390924 1868
391032 1887
391139 1886
391245 1887
391352 1889
391458 1882
391564 1885
391671 1882
391777 1890
391883 1884
391991 1884
392097 1882
392204 1880
392310 1891
392417 1886
392523 1895
392629 1906
392736 1882
392842 1884
392948 1882
393056 1882
393162 1882
393269 1880
393375 1922
393482 1884
393588 1883
393694 1884
393801 1815
393907 1884
394014 1884
394121 1891
394227 1883
394334 1885
394440 1886
394547 1883
394653 1883
394759 1881
394866 1880
394972 1868
395079 1883
395186 1887
395292 1882
395399 1882
395505 1881
395612 1884
395718 1883
395824 1875
395931 1886
396038 1881
396144 1883
396251 1881
396357 1884
396464 1884
396570 1881
396677 1886
396783 1885
396889 1883
396997 1902
397103 1885
397210 1888
397316 1885
397423 1874
397529 1885
397635 1882
397742 1883
397848 1868
397954 1884
398062 1887
398168 1885
398275 1887
398381 1884
398488 1883
398594 1886
398700 1892
398807 1887
398913 1879
399020 1882
399127 1886
399233 1885
399340 1886
399446 1887
399553 1883
399659 1885
399765 1882
399872 1897
399978 1885
400085 1887
400192 1887
400298 1893
400405 1889
400511 1887
400617 1887
400724 1881
400830 1888
400936 1887
401044 1885
401150 1884
401257 1887
401363 1888
401470 1891
401576 1884
401682 1889
401789 1889
401895 1891
402003 1886
402109 1886
402215 1888
402322 1903
402428 1891
402535 1884
402641 1888
402747 1895
402854 1887
402960 1893
403068 1887
403174 1878
403280 1888
403387 1889
403493 1892
403600 1894
403706 1891
403812 1888
403919 1890
404026 1891
404133 1889
404239 1891
404346 1903
404452 1888
404558 1894
404665 1889
404771 1889
404877 1889
404985 1885
405091 1890
405198 1894
405304 1890
405411 1889
405517 1887
405623 1900
405730 1887
405836 1889
405942 1887
406050 1820
406156 1890
406263 1890
406369 1891
406476 1887
406582 1890
406688 1886
406795 1889
406901 1889
407009 1887
407115 1890
407222 1883
407328 1886
407434 1890
407541 1889
407647 1868
407753 1886
407860 1887
407966 1889
408074 1837
408180 1889
408287 1882
408393 1890
408499 1851
408606 1888
408712 1887
408818 1886
408925 1955
409032 1887
409139 1890
409245 1889
409352 1886
409458 1891
409564 1887
409671 1895
409777 1885
409883 1888
409991 1889
410098 1896
410204 1888
410310 1887
410417 1883
410523 1900
410629 1883
410736 1886
410842 1875
410948 1851
411056 1887
411163 1884
411269 1886
411375 1882
411482 1884
411588 1881
411694 1880
411801 1884
411907 1884
412015 1884
412121 1885
412228 1883
412334 1888
412440 1884
412547 1890
412653 1884
412759 1881
412866 1884
412972 1865
413080 1885
413186 1883
413293 1875
413399 1882
413505 1881
413612 1882
413718 1882
413824 1924
413931 1886
414038 1882
414145 1874
414251 1881
414358 1885
414464 1883
414570 1874
414677 1878
414783 1883
414889 1882
414997 1872
415103 1881
415210 1884
415316 1885
415423 1901
415529 1881
415635 1884
415742 1883
415848 1823
415954 1884
416062 1884
416168 1884
416275 1880
416381 1882
416488 1885
416594 1881
416700 1882
416807 1882
416913 1884
417021 1886
417127 1885
417234 1886
417340 1884
417447 1887
417553 1886
417659 1882
417765 1885
417872 1877
417978 1887
418085 1889
418192 1887
418298 1861
418404 1887
418511 1889
418617 1885
418723 1944
418830 1886
418936 1885
419043 1888
419150 1885
419256 1852
419363 1888
419469 1884
419576 1887
419682 1882
419788 1887
419895 1878
420002 1884
420108 1889
420215 1886
420321 1876
420428 1890
420534 1886
420641 1889
420747 1875
420853 1888
420960 1888
421067 1889
421173 1884
421280 1887
421386 1888
421493 1894
421599 1922
421706 1891
421812 1887
421918 1889
422026 1886
422132 1887
422239 1890
422345 1882
422452 1886
422558 1888
422664 1887
422771 1907
422877 1882
422984 1889
423091 1889
423197 1992
423304 1888
423410 1888
423517 1889
423623 1840
423729 1888
423836 1889
423942 1886
424049 1888
424156 1889
424262 1891
424369 1889
424475 1890
424582 1889
424688 1892
424794 1887
424901 1889
425008 1890
425115 1890
425221 1892
425328 1891
425434 1885
425540 1892
425647 1901
425753 1888
425859 1888
425966 1888
426073 1866
426180 1891
426286 1894
426393 1890
426499 1888
426605 1892
426712 1888
426818 1892
426924 1888
427032 1884
427138 1890
427245 1888
427351 1889
427458 1889
427564 1885
427670 1890
427777 1886
427883 1891
427991 1888
428097 1976
428203 1888
428310 1887
428416 1888
428523 1878
428629 1887
428735 1887
428842 1886
428948 1929
429056 1890
429162 1888
429268 1887
429375 1887
429481 1889
429588 1888
429694 1886
429800 1883
429907 1885
430014 1884
430121 1858
430227 1884
430333 1884
430440 1885
430546 1881
430653 1886
430759 1884
430865 1885
430972 1871
431079 1884
431186 1884
431292 1887
431398 1886
431505 1904
431611 1884
431718 1883
431824 1872
431930 1883
432038 1887
432144 1873
432251 1886
432357 1897
432464 1882
432570 1890
432676 1881
432783 1880
432889 1885
432997 1875
433103 1884
433209 1889
433316 1883
433422 1881
433529 1881
433635 1888
433741 1884
433848 1828
433954 1883
434062 1880
434168 1887
434274 1881
434381 1883
434487 1888
434594 1882
434700 1885
434806 1880
434913 1887
435020 1884
435127 1883
435233 1884
435340 1885
435446 1879
435552 1883
435659 1884
435765 1887
435871 1895
435978 1887
436085 1882
436192 1886
