2 3050
145 3054
251 3053
358 3051
464 3050
570 3052
677 3048
783 3045
889 3049
997 3053
1103 3055
1210 3051
1316 3051
1423 3052
1529 3056
1635 3044
1742 3052
1848 3055
1954 3050
2062 3051
2168 3052
2275 3053
2381 3079
2488 3052
2594 3052
2700 3051
2807 3054
2913 3052
3021 3052
3127 3053
3233 3052
3340 3053
3446 3052
3553 3051
3659 3054
3765 3052
3872 3051
3978 3052
4086 3054
4192 3053
4298 3052
4404 3055
4511 3001
4617 3057
4723 3051
4830 3053
4936 3054
5044 3052
5150 3054
5257 3044
5363 3053
5469 3054
5576 3051
5682 3041
5788 3052
5895 3053
6002 3055
6109 3060
6215 3056
6322 3054
6428 3052
6534 3006
6641 3051
6747 3056
6853 3054
6960 3072
7067 3054
7174 3053
7280 3054
7387 3055
7493 3054
7599 3054
7706 3052
7812 3056
7918 3053
8026 3054
8132 3067
8239 3055
8345 3053
8452 3055
8558 3061
8664 3055
8771 3052
8877 3051
8985 3060
9091 3058
9198 3054
9304 3054
9411 3057
9517 3056
9623 3055
9729 3057
9836 3058
9942 3055
10050 3055
10156 3063
10263 3054
10369 3056
10476 3056
10582 3072
10688 3055
10794 3061
10901 3055
11008 3049
11115 3053
11221 3054
11328 3054
11434 3051
11541 3051
11647 3051
11753 3054
11859 3075
11966 3055
12073 3053
12180 3056
12286 3056
12393 3057
12499 3056
12606 3053
12712 3059
12818 3053
12924 3055
13032 3054
13139 3053
13245 3056
13352 3056
13458 3070
13564 3056
13671 3054
13777 3057
13883 3049
13991 3054
14097 3057
14204 3054
14310 3012
14417 3053
14523 3056
14629 3055
14736 3059
14842 3055
14948 3052
15056 3067
15162 3055
15269 3054
15375 3055
15482 3058
15588 3052
15694 3055
15801 3055
15907 3054
16014 3055
16121 3055
16227 3054
16334 3111
16440 3051
16547 3053
16653 3051
16759 3107
16866 3053
16972 3054
17079 3053
17186 3053
17292 3054
17399 3055
17505 3052
17612 3053
17718 3053
17824 3052
17931 3035
18038 3051
18144 3055
18251 3055
18357 3060
18464 3054
18570 3052
18677 3053
18783 3042
18889 3052
18997 3052
19103 3052
19210 3051
19316 3050
19423 3050
19529 3053
19635 3060
19742 3052
19848 3052
19954 3051
20062 3052
20168 3049
20275 3052
20381 3053
20488 3052
20594 3050
20700 3052
20807 3045
20913 3051
21020 3054
21127 3054
21233 3053
21340 3053
21446 3052
21553 3052
21659 3020
21765 3050
21872 3052
21978 3052
22085 3054
22192 3048
22298 3053
22405 3052
22511 3053
22617 3053
22724 3051
22830 3053
22936 3053
23044 3052
23150 3055
23257 3062
23363 3052
23470 3051
23576 3054
23682 3049
23789 3047
23895 3050
24003 3051
24109 3063
24215 3056
24322 3054
24428 3056
24535 3110
24641 3055
24747 3051
24854 3053
24960 3059
25068 3049
25174 3046
25280 3060
25387 3053
25493 3054
25600 3049
25706 3053
25812 3051
25919 3056
26026 3054
26133 3027
26239 3055
26346 3052
26452 3055
26558 3022
26665 3052
26771 3056
26877 3055
26985 3065
27091 3055
27198 3054
27304 3055
27411 3055
27517 3054
27623 3055
27730 3056
27836 3055
27942 3052
28050 3055
28156 3057
28263 3053
28369 3053
28476 3056
28582 3057
28688 3056
28795 3055
28901 3054
29009 3007
29115 3055
29222 3057
29328 3056
29434 3108
29541 3057
29647 3055
29753 3056
29860 3026
29966 3056
30074 3054
30180 3063
30287 3054
30393 3057
30499 3052
30606 3042
30712 3053
30818 3055
30925 3056
31032 3056
31139 3057
31245 3054
31352 3055
31458 3029
31564 3053
31671 3056
31777 3055
31883 3024
31991 3056
32098 3057
32204 3056
32310 3055
32417 3054
32523 3055
32629 3055
32736 3058
32842 3052
32948 3056
33056 3064
33163 3049
33269 3057
33375 3052
33482 3050
33588 3055
33694 3054
33801 3056
33907 3050
34015 3052
34121 3054
34228 3055
34334 3054
34440 3057
34547 3053
34653 3054
34759 2995
34866 3054
34972 3053
35080 3055
35186 3054
35293 3056
35399 3054
35505 3058
35612 3054
35718 3054
35824 3056
35931 3071
36038 3054
36145 3052
36251 3046
36358 3043
36464 3054
36570 3052
36677 3051
36783 3038
36889 3052
36997 3049
37103 3055
37210 3054
37316 3052
37423 3053
37529 3053
37635 3056
37742 3049
37848 3056
37954 3052
38062 3053
38168 3056
38275 3051
38381 3071
38488 3054
38594 3053
38700 3050
38807 3063
38913 3055
39021 3050
39127 3049
39234 3055
39340 3054
39447 3053
39553 3052
39659 3006
39765 3054
39872 3053
39978 3051
40085 3052
40192 3053
40298 3054
40404 3050
40511 3053
40617 3050
40723 3054
40830 3052
40936 3053
41043 3053
41150 3050
41256 3051
41363 3053
41469 3051
41576 3053
41682 3048
41788 3054
41895 3052
42002 3053
42108 3056
42215 3051
42321 3052
42428 3052
42534 3049
42641 3052
42747 3050
42853 3053
42960 3051
43067 3054
43173 3053
43280 3057
43386 3054
43493 3052
43599 3053
43706 3044
43812 3052
43918 3055
44026 3051
44132 3046
44239 3051
44345 3052
44452 3053
44558 3078
44664 3055
44771 3053
44877 3051
44984 3050
45091 3052
45197 3056
45304 3053
45410 3053
45517 3051
45623 3052
45729 3044
45836 3051
45942 3050
46049 3052
46156 3057
46262 3055
46369 3051
46475 3053
46582 3058
46688 3054
46794 3053
46901 3053
47008 3068
47115 3053
47221 3053
47328 3055
47434 3067
47540 3055
47647 3052
47753 3055
47859 3054
47966 3055
48073 3055
48180 3045
48286 3054
48393 3056
48499 3051
48605 3062
48712 3053
48818 3056
48924 3052
49032 2974
49138 3058
49245 3055
49351 3057
49458 3011
49564 3055
49670 3055
49777 3052
49883 3054
49991 3055
50097 3055
50203 3056
50310 3057
50416 3055
50523 3054
50629 3042
50735 3056
50842 3056
50948 3058
51056 3051
51162 3055
51268 3055
51375 3056
51481 3065
51588 3052
51694 3055
51800 3056
51907 3171
52014 3054
52121 3058
52227 3054
52333 3067
52440 3054
52546 3055
52653 3057
52759 3059
52865 3055
52972 3056
53079 3037
53186 3056
53292 3054
53398 3054
53505 3044
53611 3052
53718 3056
53824 3054
53930 3041
54038 3056
54144 3053
54251 3060
54357 3045
54464 3054
54570 3053
54676 3051
54783 3092
54889 3053
54997 3056
55103 3055
55209 3056
55316 3056
55422 3054
55529 3052
55635 3056
55741 3050
55848 3058
55954 3062
56062 3054
56168 3054
56274 3052
56381 3055
56487 3055
56594 3053
56700 3051
56806 3108
56913 3056
57020 3053
57127 3054
57233 3055
57340 3051
57446 3053
57552 3052
57659 3012
57765 3052
57871 3050
57978 3053
58085 3052
58192 3051
58298 3049
58404 3062
58511 3050
58617 3053
58723 3052
58830 3044
58936 3050
59044 3051
59150 3052
59257 3058
59363 3050
59469 3054
59576 3051
59682 3082
59788 3053
59895 3051
60002 3054
60109 3050
60215 3051
60322 3051
60428 3047
60534 3056
60641 3051
60747 3052
60853 3053
60960 3053
61067 3053
61174 3052
61280 3062
61387 3053
61493 3050
61599 3053
61706 3044
61812 3054
61918 3052
62026 3050
62132 3053
62239 3051
62345 3053
62452 3051
62558 3106
62664 3051
62771 3051
62877 3052
62985 3051
63091 3048
63198 3050
63304 3050
63411 3051
63517 3054
63623 3052
63729 3044
63836 3053
63942 3054
64050 3053
64156 2938
64263 3053
64369 3055
64476 3052
64582 3014
64688 3052
64794 3050
64901 3052
65008 3067
65115 3054
65221 3053
65328 3051
65434 3053
65541 3052
65647 3054
65753 3052
65859 3053
65966 3054
66073 3051
66180 3059
66286 3055
66393 3054
66499 3054
66606 3041
66712 3057
66818 3053
66924 3053
67032 3058
67139 3056
67245 3055
67352 3054
67458 3186
67564 3056
67671 3055
67777 3057
67883 3038
67991 3055
68097 3057
68204 3052
68310 3055
68417 3056
68523 3054
68629 3063
68736 3055
68842 3058
68948 3052
69056 3047
69162 3055
69269 3055
69375 3057
69482 3062
69588 3056
69694 3055
69801 3056
69907 3021
70014 3058
70121 3055
70227 3054
70334 3053
70440 3056
70547 3054
70653 3054
70759 3052
70866 3045
70972 3054
71079 3058
71186 3056
71292 3016
71399 3057
71505 3060
71612 3057
71718 3055
71824 3056
71931 3059
72038 3054
72144 3056
72251 3055
72357 3048
72464 3056
72570 3053
72677 3050
72783 3095
72889 3058
72997 3053
73103 3067
73210 3055
73316 3054
73423 3053
73529 3056
73635 3069
73742 3057
73848 3054
73954 3055
74062 3043
74168 3054
74275 3054
74381 3043
74488 3054
74594 3053
74700 3054
74807 3118
74913 3053
75020 3054
75127 3055
75233 3053
75340 3056
75446 3056
75553 3056
75659 3053
75765 3053
75872 3057
75978 3043
76085 3055
76192 3051
76298 3053
76405 3034
76511 3054
76617 3054
76724 3054
76830 3048
76936 3053
77044 3051
77150 3056
77257 3051
77363 3057
77470 3052
77576 3055
77682 2994
77789 3053
77895 3052
78003 3052
78109 3053
78215 3056
78322 3055
78428 3064
78535 3050
78641 3053
78747 3055
78854 3063
78960 3054
79068 3052
79174 3053
79280 3145
79387 3049
79493 3054
79600 3049
79706 3115
79812 3052
79919 3052
80026 3052
80133 3052
80239 3053
80346 3054
80452 3052
80558 3057
80665 3051
80771 3054
80877 3049
80985 3051
81091 3054
81198 3052
81304 3064
81411 3051
81517 3053
81623 3054
81730 3065
81836 3055
81942 3050
82050 3049
82156 3100
82263 3052
82369 3054
82476 3051
82582 3062
82688 3051
82795 3051
82901 3053
83009 3055
83115 3053
83222 3052
83328 3070
83434 3051
83541 3053
83647 3053
83753 3050
83860 3053
83966 3051
84074 3054
84180 3070
84287 3053
84393 3055
84499 3052
84606 3056
84712 3053
84818 3050
84925 3053
85032 3051
85139 3053
85245 3053
85352 3053
85458 3055
85564 3050
85671 3056
85777 3051
85883 3051
85991 3053
86098 3053
86204 3054
86310 3054
86417 3052
86523 3055
86629 3043
86736 3056
86842 3053
86948 3056
87056 3074
87163 3053
87269 3055
87375 3054
87482 3120
87588 3053
87694 3050
87801 3056
87907 3063
88015 3054
88121 3054
88228 3053
88334 3056
88440 3055
88547 3053
88653 3057
88759 3049
88866 3053
88972 3052
89080 3057
89186 3056
89293 3056
89399 3058
89505 3055
89612 3055
89718 3054
89824 3055
89931 3110
90038 3056
90145 3055
90251 3059
90358 3057
90464 3053
90570 3055
90677 3056
90783 3054
90889 3055
90997 3053
91103 3054
91210 3057
91316 3055
91423 3058
91529 3068
91635 3058
91742 3055
91848 3054
91954 3060
92062 3052
92168 3058
92275 3054
92381 3046
92488 3055
92594 3056
92700 3057
92807 3063
92913 3059
93021 3058
93127 3051
93234 3056
93340 3055
93447 3055
93553 3056
93659 3054
93765 3056
93872 3053
93978 3055
94085 3052
94192 3055
94298 3055
94404 3072
94511 3056
94617 3053
94723 3054
94830 3067
94936 3057
95043 3055
95150 3053
95256 2982
95363 3055
95469 3054
95576 3058
95682 3048
95788 3056
95895 3052
96002 3062
96108 3056
96215 3053
96321 3056
96428 3040
96534 3052
96641 3057
96747 3050
96853 3052
96960 3050
97067 3051
97173 3055
97280 3037
97386 3052
97493 3052
97599 3052
97706 3045
97812 3050
97918 3050
98026 3052
98132 3055
98239 3053
98345 3051
98452 3053
98558 3049
98664 3054
98771 3052
98877 3043
98984 3052
99091 3051
99197 3055
99304 3032
99410 3053
99517 3052
99623 3050
99729 3032
99836 3052
99942 3053
100049 3053
100156 3092
100262 3053
100369 3052
100475 3053
100582 3068
100688 3052
100794 3050
100901 3052
101008 3054
101115 3052
101221 3052
101328 3046
101434 3050
101540 3055
101647 3048
101753 3058
101859 3048
101966 3051
102073 3054
102180 3034
102286 3052
102393 3050
102499 3051
102605 3119
102712 3049
102818 3051
102924 3051
103032 3047
103138 3053
103245 3051
103351 3052
103458 3052
103564 3051
103670 3055
103777 3052
103883 3053
103991 3053
104097 3054
104203 3053
104310 3054
104416 3051
104523 3052
104629 3060
104735 3053
104842 3053
104948 3056
105056 3062
105162 3053
105268 3051
105375 3052
105481 3099
105588 3052
105694 3054
105800 3051
105907 3048
106014 3054
106121 3052
106227 3057
106333 3052
106440 3059
106546 3053
106653 3047
106759 3054
106865 3055
106972 3056
107079 3057
107186 3056
107292 3055
107398 3051
107505 3029
107611 3051
107718 3059
107824 3054
107930 3027
108038 3058
108144 3054
108251 2940
108357 3055
108464 3053
108570 3057
108676 3053
108783 3058
108889 3053
108997 3054
109103 3047
109209 3053
109316 3056
109422 3055
109529 3048
109635 3055
109741 3052
109848 3056
109954 3040
110062 3055
110168 3053
110274 3055
110381 3070
110487 3056
110594 3056
110700 3055
110806 3050
110913 3057
111020 3054
111127 3036
111233 3056
111340 3056
111446 3055
111552 3043
111659 3056
111765 3057
111871 3053
111978 3050
112085 3056
112192 3057
112298 3053
112404 3055
112511 3054
112617 3054
112723 3057
112830 3051
112936 3055
113044 3053
113150 3055
113257 3056
113363 3055
113469 3057
113576 3054
113682 3055
113788 3055
113895 3054
114002 3044
114109 3053
114215 3047
114322 3054
114428 3063
114534 3056
114641 3053
114747 3055
114853 3067
114960 3055
115067 3054
115174 3056
115280 3061
115387 3055
115493 3054
115599 3055
115706 2989
115812 3057
115918 3049
116026 3053
116132 3054
116239 3054
116345 3053
116452 3046
116558 3052
116664 3053
116771 3053
116877 3044
116985 3052
117091 3055
117198 3054
117304 3041
117411 3053
117517 3053
117623 3051
117729 3090
117836 3054
117942 3054
118050 3051
118156 3056
118263 3051
118369 3052
118476 3052
118582 3053
118688 3052
118794 3054
118901 3051
119008 3052
119115 3053
119221 3052
119328 3045
119434 3053
119541 3049
119647 3054
119753 3051
119859 3052
119966 3052
120073 3050
120180 3075
120286 3052
120393 3051
120499 3054
120606 3010
120712 3054
120818 3052
120924 3053
121032 3052
121139 3050
121245 3052
121352 3065
121458 3053
121564 3053
121671 3051
121777 3060
121883 3050
121991 3052
122097 3053
122204 3051
122310 3054
122417 3051
122523 3051
122629 3099
122736 3047
122842 3054
122948 3049
123056 3012
123162 3052
123269 3052
123375 3052
123482 3054
123588 3051
123694 3051
123801 3051
123907 3054
124014 3052
124121 3053
124227 3051
124334 3054
124440 3054
124547 3054
124653 3070
124759 3054
124866 3053
124972 3050
125079 3100
125186 3050
125292 3052
125399 3050
125505 3055
125612 3054
125718 3052
125824 3051
125931 3112
126038 3052
126144 3052
126251 3052
126357 3055
126464 3055
126570 3050
126677 3059
126783 3054
126889 3052
126997 3057
127103 3068
127210 3055
127316 3054
127423 3053
127529 3063
127635 3051
127742 3055
127848 3054
127954 3114
128062 3055
128168 3053
128275 3054
128381 3052
128488 3054
128594 3058
128700 3054
128807 3053
128913 3053
129020 3055
129127 3063
129233 3056
129340 3055
129446 3054
129553 3047
129659 3056
129765 3055
129872 3054
129978 3047
130085 3056
130192 3054
130298 3055
130405 3046
130511 3057
130617 3055
130724 3056
130830 3041
130936 3055
131044 3054
131150 3055
131257 3056
131363 3057
131470 3052
131576 3045
131682 3056
131789 3053
131895 3052
132003 3058
132109 3056
132215 3057
132322 3056
132428 2998
132535 3050
132641 3054
132747 3055
132854 3060
132960 3056
133068 3053
133174 3057
133280 3053
133387 3054
133493 3058
133600 3054
133706 3056
133812 3055
133919 3055
134026 3068
134133 3054
134239 3056
134346 3056
134452 3050
134558 3057
134665 3051
134771 3056
134877 3056
134985 3055
135091 3055
135198 3054
135304 3010
135411 3055
135517 3053
135623 3054
135730 3069
135836 3058
135942 3050
136050 3053
136156 3054
136263 3053
136369 3054
136476 3064
136582 3051
136688 3052
136795 3054
136901 3043
137009 3053
137115 3054
137222 3053
137328 3082
137434 3052
137541 3052
137647 3050
137753 3062
137860 3053
137966 3055
138074 3054
138180 3061
138287 3052
138393 3054
138499 3049
138606 3054
138712 3052
138818 3050
138925 3017
139032 3051
139139 3054
139245 3053
139352 3070
139458 3055
139564 3050
139671 3054
139777 3047
139883 3053
139991 3053
140098 3050
140204 3053
140310 3052
140417 3051
140523 3052
140629 3125
140736 3054
140842 3050
140948 3052
141056 3053
141163 3052
141269 3053
141375 3058
141482 3047
141588 3051
141694 3049
141801 3048
141907 3048
142015 3052
142121 3054
142228 3049
142334 3053
142440 3051
142547 3050
142653 3057
142759 3050
142866 3053
142972 3050
143080 3016
143186 3052
143293 3052
143399 3052
143505 3051
143612 3048
143718 3052
143824 3052
143931 3051
144038 3053
144145 3052
144251 3052
144358 3053
144464 3050
144570 3053
144677 3038
144783 3053
144889 3051
144997 3049
145103 3112
145210 3052
145316 3052
145423 3055
145529 3044
145635 3052
145742 3050
145848 3053
145954 3001
146062 3056
146168 3056
146275 3043
146381 3055
146488 3056
146594 3054
146700 3062
146807 3054
146913 3055
147021 3054
147127 3066
147234 3055
147340 3057
147447 3088
147553 3052
147659 3054
147765 3054
147872 3055
147978 3103
148085 3055
148192 3056
148298 3054
148404 3045
148511 3055
148617 3053
148723 3058
148830 3037
148936 3055
149043 3057
149150 3065
149256 3058
149363 3058
149469 3055
149576 3061
149682 3055
149788 3055
149895 3055
150002 3052
150108 3058
150215 3056
150321 3056
150428 3065
150534 3055
150641 3056
150747 3053
150853 3013
150960 3053
151067 3053
151173 3057
151280 3058
151386 3056
151493 3054
151599 3055
151706 3054
151812 3053
151918 3057
152026 2964
152132 3056
152239 3056
152345 3057
152452 3010
152558 3054
152664 3056
152771 3055
152877 3049
152984 3057
153091 3055
153197 3056
153304 3026
153410 3056
153517 3055
153623 3056
153729 2970
153836 3055
153942 3055
154049 3055
154156 3053
154262 3055
154369 3054
154475 3045
154582 3054
154688 3056
154794 3050
154901 3047
155008 3057
155115 3054
155221 3055
155328 3069
155434 3052
155540 3056
155647 3052
155753 3053
155859 3054
155966 3051
156073 3056
156180 3053
156286 3053
156393 3052
156499 3050
156605 3055
156712 3050
156818 3053
156924 3049
157032 3050
157138 3058
157245 3052
157351 3033
157458 3052
157564 3051
157670 3055
157777 3045
157883 3055
157991 3053
158097 3053
158203 3051
158310 3053
158416 3054
158523 3054
158629 3028
158735 3054
158842 3050
158948 3055
159056 3053
159162 3051
159268 3049
159375 3054
159481 3054
159588 3051
159694 3053
159800 3064
159907 3052
160014 3051
160121 3053
160227 3053
160333 3051
160440 3055
160546 3053
160653 3062
160759 3051
160865 3052
160972 3050
161079 3037
161186 3053
161292 3051
161398 3053
161505 3052
161611 3050
161718 3052
161824 3052
161930 3053
162038 3054
162144 3049
162251 3057
162357 3054
162464 3051
162570 3053
162676 3067
162783 3054
162889 3051
162997 3050
163103 3050
163209 3052
163316 3053
163422 3050
163529 2951
163635 3054
163741 3050
163848 3054
163954 3062
164062 3051
164168 3053
164274 3047
164381 3055
164487 3056
164594 3053
164700 3047
164806 3050
164913 3054
165020 3052
165127 3003
165233 3053
165340 3053
165446 3052
165552 3109
165659 3050
165765 3054
165871 3052
165978 3007
166085 3052
166192 3055
166298 3053
166404 3055
166511 3051
166617 3051
166723 3053
166830 3054
166936 3055
167044 3055
167150 3056
167257 3057
167363 3054
167469 3055
167576 3060
167682 3054
167788 3053
167895 3054
168002 3093
168109 3055
168215 3052
168322 3056
168428 3058
168534 3056
168641 3052
168747 3056
168853 3119
168960 3055
169067 3057
169174 3047
169280 3055
169387 3057
169493 3052
169599 3048
169706 3054
169812 3057
169918 3051
170026 3047
170132 3055
170239 3055
170345 3053
170452 3068
170558 3053
170664 3055
170771 3053
170877 3001
170985 3056
171091 3056
171198 3056
171304 3057
171411 3057
171517 3055
171623 3052
171729 3053
171836 3055
171942 3059
172050 3054
172156 3055
172263 3055
172369 3055
172476 3060
172582 3062
172688 3053
172794 3054
172901 3054
173008 3053
173115 3056
173221 3054
173328 3060
173434 3056
173541 3055
173647 3057
173753 3047
173859 3054
173966 3056
174073 3038
174180 3056
174286 3056
174393 3054
174499 3043
174606 3053
174712 3056
174818 3055
174924 3052
175032 3055
175139 3054
175245 3055
175352 3008
175458 3053
175564 3054
175671 3051
175777 3053
175883 3052
175991 3052
176097 3054
176204 3053
176310 3054
176417 3051
176523 3051
176629 3053
176736 3048
176842 3053
176948 3051
177056 3051
177162 3056
177269 3052
177375 3048
177482 3050
177588 3052
177694 3051
177801 3051
177907 3053
178014 3052
178121 3052
178227 3053
178334 3054
178440 3054
178547 3052
178653 3046
178759 3052
178866 3052
178972 3050
179079 3052
179186 3054
179292 3050
179399 3057
179505 3051
179612 3051
179718 3052
179824 3041
179931 3053
180038 3051
180144 3051
180251 2986
180357 3050
180464 3056
180570 3049
180677 3071
180783 3053
180889 3052
180997 3052
181103 3056
181210 3051
181316 3052
181423 3052
181529 3052
181635 3050
181742 3053
181848 3051
181954 3053
182062 3054
182168 3051
182275 3073
182381 3050
182488 3053
182594 3053
182700 3053
182807 3051
182913 3048
183020 3050
183127 3121
183233 3052
183340 3053
183446 3050
183553 3015
183659 3052
183765 3051
183872 3056
183978 2973
184085 3051
184192 3053
184298 3057
184405 3053
184511 3053
184617 3053
184724 3048
184830 3054
184936 3055
185044 3053
185150 3042
185257 3053
185363 3048
185470 3049
185576 3129
185682 3050
185789 3054
185895 3054
186003 3077
186109 3053
186215 3054
186322 3056
186428 3057
186535 3051
186641 3055
186747 3053
186854 3055
186960 3058
187068 3053
187174 3059
187280 3055
187387 3055
187493 3056
187600 2996
187706 3058
187812 3053
187919 3055
188026 3041
188133 3053
188239 3060
188346 3054
188452 3058
188558 3056
188665 3051
188771 3056
188877 3004
188985 3056
189091 3056
189198 3057
189304 3058
189411 3054
189517 3055
189623 3049
189730 3056
189836 3058
189942 3055
190050 3039
190156 3055
190263 3053
190369 3055
190476 3051
190582 3055
190688 3056
190795 3054
190901 3050
191009 3053
191115 3056
191222 3055
191328 3055
191434 3054
191541 3056
191647 3054
191753 3055
191860 3054
191966 3056
192074 3054
192180 3056
192287 3053
192393 3056
192499 3053
192606 3054
192712 3055
192818 3054
192925 3070
193032 3049
193139 3055
193245 3054
193352 3066
193458 3057
193564 3053
193671 3055
193777 3052
193883 3056
193991 3056
194098 3053
194204 3055
194310 3054
194417 3051
194523 3048
194629 3053
194736 3056
194842 3053
194948 3040
195056 3055
195163 3058
195269 3054
195375 3181
195482 3053
195588 3053
195694 3053
195801 3072
195907 3053
196015 3052
196121 3056
196228 3052
196334 3052
196440 3054
196547 3052
196653 3052
196759 3052
196866 3053
196972 3051
197080 3049
197186 3056
197293 3053
197399 3049
197505 3052
197612 3050
197718 3052
197824 3063
197931 3053
198038 3053
198145 3053
198251 3063
198358 3054
198464 3053
198570 3052
198677 3044
198783 3053
198889 3053
198997 3054
199103 3051
199210 3051
199316 3051
199423 3057
199529 3050
199635 3053
199742 3053
199848 3076
199954 3052
200062 3051
200168 3053
200275 3057
200381 3052
200488 3056
200594 3049
200700 3073
200807 3051
200913 3051
201021 3054
201127 3076
201234 3054
201340 3052
201447 3051
201553 3076
201659 3049
201765 3053
201872 3051
201978 3058
202085 3053
202192 3050
202298 3052
202404 3049
202511 3053
202617 3050
202723 3057
202830 3051
202936 3054
203043 3053
203150 3042
203256 3052
203363 3054
203469 3052
203576 3048
203682 3051
203788 3054
203895 3050
204002 3043
204108 3055
204215 3053
204321 3052
204428 3054
204534 3052
204641 3054
204747 3052
204853 3055
204960 3051
205067 3051
205173 3042
205280 3056
205386 3053
205493 3051
205599 3058
205706 3054
205812 3054
205918 3055
206026 3038
206132 3052
206239 3055
206345 3054
206452 3065
206558 3046
206664 3052
206771 3054
206877 3063
206984 3055
207091 3052
207197 3055
207304 3054
207410 3054
207517 3056
207623 3054
207729 3054
207836 3054
207942 3052
208049 3061
208156 3051
208262 3054
208369 3054
208475 3065
208582 3057
208688 3055
208794 3054
208901 3078
209008 3056
209115 3055
209221 3064
209328 3056
209434 3053
209540 3056
209647 3055
209753 3056
209859 3058
209966 3054
210073 3069
210180 3055
210286 3054
210393 3056
210499 3040
210605 3056
210712 3054
210818 3058
210924 3041
211032 3052
211138 3057
211245 3059
211351 3058
211458 3054
211564 3052
211670 3055
211777 3142
211883 3055
211991 3056
212097 3061
212203 3054
212310 3057
212416 3054
212523 3058
212629 3053
212735 3056
212842 3053
212948 3057
213056 3053
213162 3056
213268 3053
213375 3082
213481 3056
213588 3055
213694 3055
213800 3021
213907 3054
214014 3054
214121 3051
214227 3067
214333 3053
214440 3053
214546 3053
214653 3054
214759 3055
214865 3054
214972 3053
215079 3059
215186 3055
215292 3054
215398 3068
215505 3055
215611 3053
215718 3055
215824 3039
215930 3053
216038 3055
216144 3053
216251 3056
216357 3053
216464 3051
216570 3056
216676 3065
216783 3055
216889 3051
216997 3051
217103 3055
217209 3051
217316 3055
217422 3046
217529 3050
217635 3053
217741 3049
217848 3055
217954 3049
218062 3052
218168 3056
218274 3073
218381 3054
218487 3053
218594 3053
218700 3006
218806 3051
218913 3053
219020 3050
219127 3053
219233 3054
219340 3051
219446 3049
219552 3050
219659 3052
219765 3050
219871 3051
219978 3055
220085 3050
220192 3052
220298 3049
220404 3051
220511 3051
220617 3051
220723 3046
220830 3051
220936 3051
221044 3052
221150 3047
221257 3050
221363 3050
221469 3056
221576 3066
221682 3053
221788 3052
221895 3052
222002 3052
222109 3051
222215 3053
222322 3067
222428 3047
222534 3054
222641 3048
222747 3058
222853 3050
222960 3051
223067 3052
223174 3050
223280 3053
223387 3054
223493 3050
223599 3070
223706 3049
223812 3054
223918 3051
224026 3060
224132 3053
224239 3052
224345 3055
224452 3054
224558 3052
224664 3054
224771 3051
224877 3056
224985 3054
225091 3053
225198 3053
225304 3053
225411 3052
225517 3055
225623 3044
225729 3053
225836 3053
225942 3056
226050 3099
226156 3053
226263 3051
226369 3054
226476 3047
226582 3055
226688 3053
226794 3055
226901 3048
227008 3054
227115 3056
227221 3057
227328 3058
227434 3056
227541 3055
227647 3056
227753 3055
227859 3056
227966 3053
228073 3062
228180 3057
228286 3054
228393 3054
228499 3165
228606 3050
228712 3058
228818 3055
228924 3045
229032 3056
229139 3052
229245 3054
229352 3054
229458 3053
229564 3056
229671 3054
229777 3057
229883 3051
229991 3055
230097 3052
230204 3055
230310 3057
230417 3056
230523 3055
230629 3057
230736 3054
230842 3057
230948 3043
231056 3054
231162 3057
231269 3055
231375 3097
231482 3056
231588 3056
231694 3058
231801 2998
231907 3056
232014 3053
232121 3058
232227 3056
232334 3057
232440 3054
232547 3048
232653 3057
232759 3056
232866 3054
232972 3060
233079 3056
233186 3054
233292 3056
233399 3040
233505 3056
233612 3054
233718 3054
233824 3049
233931 3053
234038 3053
234144 3052
234251 3054
234357 3052
234464 3055
234570 3051
234677 3055
234783 3055
234889 3053
234997 3056
235103 3056
235210 3055
235316 3056
235423 3048
235529 3057
235635 3053
235742 3055
235848 3065
235954 3052
236062 3055
236168 3053
236275 3015
236381 3054
236488 3052
236594 3055
236700 3049
236807 3054
236913 3052
237020 3051
237127 3054
237233 3054
237340 3051
237446 3049
237553 3049
237659 3054
237765 3050
237872 3045
237978 3051
238085 3052
238192 3056
238298 3069
238405 3054
238511 3053
238617 3052
238724 3002
238830 3051
238936 3054
239044 3053
239150 3105
239257 3054
239363 3052
239470 3047
239576 3049
239682 3050
239789 3050
239895 3053
240003 3052
240109 3051
240215 3052
240322 3050
240428 3051
240535 3051
240641 3053
240747 3052
240854 3057
240960 3052
241068 3053
241174 3052
241280 3051
241387 3053
241493 3053
241600 3060
241706 3050
241812 3051
241919 3053
242026 3053
242133 3051
242239 3054
242346 3040
242452 3050
242558 3053
242665 3050
242771 3066
242877 3051
242985 3050
243091 3052
243198 3050
243304 3052
243411 3052
243517 3052
243623 2980
243730 3053
243836 3054
243942 3053
244050 3050
244156 3052
244263 3053
244369 3056
244476 3049
244582 3053
244688 3053
244795 3053
244901 3056
245009 3055
245115 3054
245222 3053
245328 3052
245434 3053
245541 3052
245647 3051
245753 3054
245860 3052
245966 3051
246074 3058
246180 3055
246287 3051
246393 3054
246499 3110
246606 3054
246712 3056
246818 3056
246925 3057
247032 3053
247139 3054
247245 3085
247352 3055
247458 3054
247564 3053
247671 3049
247777 3051
247883 3051
247991 3057
248098 3059
248204 3053
248310 3056
248417 3053
248523 2929
248629 3053
248736 3057
248842 3055
248948 3037
249056 3060
249163 3054
249269 3061
249375 3054
249482 3054
249588 3057
249694 3050
249801 3054
249907 3053
250015 3057
250121 3053
250228 3054
250334 3054
250440 3055
250547 3056
250653 3059
250759 3054
250866 3057
250972 3052
251080 3051
251186 3055
251293 3052
251399 3047
251505 3053
251612 3056
251718 3055
251824 3029
251931 3056
252038 3056
252145 3056
252251 3055
252358 3056
252464 3055
252570 3044
252677 3056
252783 3055
252889 3055
252997 3036
253103 3057
253210 3055
253316 3056
253423 3042
253529 3050
253635 3057
253742 3053
253848 3065
253954 3055
254062 3055
254168 3055
254275 3072
254381 3053
254488 3056
254594 3052
254700 3054
254807 3053
254913 3055
255021 3060
255127 3053
255234 3056
255340 3056
255447 3062
255553 3056
255659 3054
255765 3055
255872 3074
255978 3053
256085 3053
256192 3049
256298 2993
256404 3051
256511 3055
256617 3051
256723 3052
256830 3053
256936 3054
257043 3056
257150 3054
257256 3052
257363 3055
257469 3051
257576 3053
257682 3049
257788 3053
257895 3047
258002 3051
258108 3054
258215 3057
258321 3048
258428 3052
258534 3058
258641 3054
258747 3061
258853 3054
258960 3050
259067 3050
259173 3011
259280 3052
259386 3054
259493 3053
259599 3108
259706 3053
259812 3052
259918 3054
260026 3054
260132 3050
260239 3052
260345 3051
260452 3052
260558 3050
260664 3051
260771 3051
260877 3052
260984 3053
261091 3054
261197 3050
261304 3051
261410 3052
261517 3052
261623 3042
261729 3052
261836 3050
261942 3051
262049 3131
262156 3053
262262 3054
262369 3051
262475 3051
262582 3053
262688 3051
262794 3047
262901 3052
263008 3053
263115 3055
263221 3053
263328 3054
263434 3051
263540 3050
263647 3056
263753 3052
263859 3050
263966 3052
264073 3053
264180 3053
264286 3053
264393 3056
264499 3048
264605 3053
264712 3050
264818 3054
264924 3012
265032 3049
265138 3054
265245 3063
265351 3053
265458 3051
265564 3052
265670 3052
265777 3050
265883 3054
265991 3055
266097 3040
266203 3055
266310 3054
266416 3054
266523 3054
266629 3050
266735 3054
266842 3052
266948 3034
267056 3056
267162 3053
267268 3054
267375 3051
267481 3061
267588 3056
267694 3054
267800 3054
267907 3051
268014 3054
268121 3061
268227 3053
268333 3055
268440 3053
268546 3052
268653 3054
268759 3055
268865 3054
268972 3045
269079 3058
269186 3055
269292 3055
269398 3025
269505 3055
269611 3055
269718 3054
269824 3028
269930 3056
270038 3057
270144 3057
270251 3059
270357 3057
270464 3054
270570 3064
270676 3056
270783 3057
270889 3053
270997 3045
271103 3058
271209 3055
271316 3060
271422 3071
271529 3054
271635 3059
271741 3060
271848 3079
271954 3052
272062 3053
272168 3054
272274 3050
272381 3056
272487 3056
272594 3055
272700 3057
272806 3054
272913 3057
273020 3045
273127 3055
273233 3057
273340 3055
273446 3047
273552 3054
273659 3054
273765 3055
273871 3058
273978 3055
274085 3054
274192 2967
274298 3044
274404 3053
274511 3054
274617 3052
274723 3087
274830 3054
274936 3051
275044 3054
275150 3053
275257 3055
275363 3051
275469 3047
275576 3053
275682 3054
275788 3052
275895 3043
276002 3054
276109 3051
276215 3054
276322 3062
276428 3050
276534 3054
276641 3051
276747 2940
276853 3052
276960 3054
277067 3055
277174 3008
277280 3056
277387 3053
277493 3048
277599 3052
277706 3053
277812 3055
277918 3052
278026 3048
278132 3054
278239 3051
278345 3069
278452 3051
278558 3050
278664 3053
278771 3050
278877 3052
278985 3051
279091 3052
279198 3051
279304 3051
279411 3052
279517 3053
279623 3052
279729 3052
279836 3048
279942 3052
280050 3050
280156 3054
280263 3051
280369 3071
280476 3051
280582 3051
280688 3052
280794 3048
280901 3050
281008 3052
281115 3061
281221 3055
281328 3053
281434 3051
281541 3052
281647 2967
281753 3053
281859 3053
281966 3060
282073 3039
282180 3052
282286 3053
282393 3052
282499 3049
282606 3051
282712 3052
282818 3052
282924 3053
283032 3056
283139 3050
283245 3036
283352 3053
283458 3051
283564 3055
283671 3048
283777 3052
283883 3051
283991 3049
284097 3056
284204 3054
284310 3054
284417 3055
284523 3059
284629 3056
284736 3052
284842 3054
284948 3055
285056 3050
285162 3054
285269 3054
285375 3053
285482 3053
285588 3051
285694 3066
285801 3052
285907 3055
286014 3054
286121 3047
286227 3055
286334 3053
286440 3054
286547 3008
286653 3053
286759 3055
286866 3054
286972 3041
287079 3057
287186 3056
287292 3054
287399 3056
287505 3054
287612 3056
287718 3053
287824 3054
287931 3053
288038 3053
288144 3057
288251 3053
288357 3053
288464 3053
288570 3055
288677 3055
288783 3055
288889 3054
288997 3065
289103 3057
289210 3056
289316 3055
289423 3030
289529 3056
289635 3052
289742 3054
289848 3055
289954 3053
290062 3057
290168 3055
290275 3052
290381 3055
290488 3055
290594 3061
290700 3053
290807 3056
290913 3053
291020 3048
291127 3055
291233 3055
291340 3056
291446 2891
291553 3053
291659 3055
291765 3054
291872 3036
291978 3056
292085 3054
292192 3055
292298 3029
292405 3055
292511 3056
292617 3054
292724 3059
292830 3055
292936 3057
293044 3058
293150 3055
293257 3054
293363 3049
293470 3065
293576 3054
293682 3052
293789 3053
293895 3046
294003 3055
294109 3054
294215 3055
294322 3110
294428 3053
294535 3053
294641 3056
294747 2994
294854 3051
294960 3052
295068 3057
295174 3054
295280 3056
295387 3055
295493 3052
295600 3057
295706 3056
295812 3053
295919 3051
296026 3056
296133 3051
296239 3053
296346 3053
296452 3051
296558 3056
296665 3052
296771 3120
296877 3052
296985 3050
297091 3055
297198 3053
297304 3049
297411 3054
297517 3050
297623 3055
297730 3049
297836 3052
297942 3052
298050 3051
298156 3053
298263 3050
298369 3045
298476 3052
298582 3050
298688 3053
298795 3054
298901 3052
299009 3050
299115 3051
299222 3052
299328 3049
299434 3053
299541 3052
299647 3055
299753 3054
299860 3051
299966 3052
300074 3051
300180 3054
300287 3052
300393 3053
300499 3052
300606 3051
300712 3051
300818 3057
300925 3052
301032 3052
301139 3050
301245 3062
301352 3052
301458 3052
301564 3049
301671 3064
301777 3051
301883 3053
301991 3055
302098 3005
302204 3049
302310 3052
302417 3049
302523 3052
302629 3048
302736 3052
302842 3052
302948 3052
303056 3055
303163 3051
303269 3059
303375 3054
303482 3051
303588 3052
303694 3033
303801 3056
303907 3051
304015 3051
304121 3067
304228 3052
304334 3055
304440 3053
304547 3120
304653 3054
304759 3052
304866 3055
304972 3120
305080 3049
305186 3055
305293 3053
305399 3052
305505 3051
305612 3051
305718 3061
305824 3052
305931 3057
306038 3053
306145 3039
306251 3053
306358 3054
306464 3055
306570 3049
306677 3054
306783 3055
306889 3056
306997 3062
307103 3055
307210 3054
307316 3053
307423 3038
307529 3052
307635 3053
307742 3055
307848 3053
307954 3055
308062 3051
308168 3038
308275 3056
308381 3054
308488 3054
308594 3049
308700 3056
308807 3053
308913 3054
309021 2984
309127 3056
309234 3056
309340 3065
309447 3027
309553 3060
309659 3052
309765 3057
309872 3044
309978 3056
310085 3056
310192 3052
310298 3054
310404 3055
310511 3058
310617 3057
310723 3059
310830 3054
310936 3055
311043 3056
311150 3057
311256 3052
311363 3057
311469 3052
311576 3057
311682 3054
311788 3055
311895 3041
312002 3051
312108 3057
312215 3055
312321 3079
312428 3054
312534 3054
312641 3057
312747 3055
312853 3057
312960 3054
313067 3055
313173 3056
313280 3052
313386 3058
313493 3065
313599 3054
313706 3055
313812 3053
313918 3064
314026 3054
314132 3053
314239 3054
314345 2997
314452 3057
314558 3054
314664 3052
314771 3050
314877 3053
314984 3054
315091 3055
315197 3053
315304 3052
315410 3051
315517 3054
315623 3052
315729 3054
315836 3054
315942 3051
316049 3051
316156 3053
316262 3053
316369 3066
316475 3052
316582 3052
316688 3057
316794 3049
316901 3053
317008 3055
317115 3051
317221 3052
317328 3054
317434 3051
317540 3050
317647 3049
317753 3053
317859 3054
317966 3056
318073 3053
318180 3054
318286 3053
318393 3034
318499 3052
318605 3054
318712 3053
318818 3046
318924 3053
319032 3049
319138 3050
319245 3138
319351 3052
319458 3052
319564 3052
319670 3038
319777 3050
319883 3053
319991 3054
320097 2968
320203 3052
320310 3054
320416 3050
320523 3048
320629 3050
320735 3052
320842 3052
320948 3053
321056 3053
321162 3050
321268 3042
321375 3051
321481 3052
321588 3052
321694 3063
321800 3054
321907 3051
322014 3053
322121 3006
322227 3052
322333 3053
322440 3054
322546 3024
322653 3053
322759 3052
322865 3053
322972 3023
323079 3053
323186 3053
323292 3053
323398 3052
323505 3052
323611 3052
323718 3045
323824 3052
323930 3052
324038 3056
324144 3061
324251 3054
324357 3053
324464 3051
324570 2956
324676 3052
324783 3054
324889 3052
324997 3029
325103 3056
325209 3051
325316 3053
325422 3053
325529 3052
325635 3054
325741 3051
325848 3056
325954 3055
326062 3050
326168 3063
326274 3054
326381 3055
326487 3055
326594 3055
326700 3056
326806 3053
326913 3055
327020 3061
327127 3053
327233 3056
327340 3054
327446 3058
327552 3057
327659 3052
327765 3057
327871 3098
327978 3060
328085 3053
328192 3054
328298 3054
328404 3051
328511 3053
328617 3040
328723 3055
328830 3056
328936 3056
329044 3051
329150 3054
329257 3055
329363 3055
329469 3056
329576 3057
329682 3057
329788 3055
329895 3054
330002 3052
330109 3055
330215 3050
330322 3072
330428 3053
330534 3056
330641 3054
330747 3058
330853 3055
330960 3055
331067 3060
331174 3056
331280 3053
331387 3057
331493 3067
331599 3057
331706 3052
331812 3058
331918 3061
332026 3054
332132 3057
332239 3051
332345 3116
332452 3054
332558 3050
332664 3056
332771 3051
332877 3055
332985 3056
333091 3055
333198 3056
333304 3053
333411 3053
333517 3061
333623 3054
333729 3055
333836 3053
333942 3047
334050 3054
334156 3054
334263 3052
334369 3056
334476 3054
334582 3053
334688 3055
334794 3043
334901 3052
335008 3054
335115 3053
335221 3056
335328 3055
335434 3049
335541 3055
335647 3057
335753 3053
335859 3055
335966 3050
336073 3054
336180 3054
336286 3058
336393 3056
336499 3058
336606 3053
336712 3052
336818 3044
336924 3054
337032 3057
337139 3054
337245 3047
337352 3054
337458 3050
337564 3055
337671 3014
337777 3055
337883 3053
337991 3050
338097 3055
338204 3052
338310 3055
338417 3057
338523 3052
338629 3057
338736 3053
338842 3048
338948 3051
339056 3050
339162 3054
339269 3052
339375 3054
339482 3052
339588 3049
339694 3143
339801 3054
339907 3053
340014 3051
340121 3044
340227 3052
340334 3053
340440 3053
340547 3051
340653 3051
340759 3051
340866 3053
340972 3057
341079 3053
341186 3053
341292 3044
341399 3052
341505 3051
341612 3054
341718 3062
341824 3052
341931 3047
342038 3051
342144 3041
342251 3051
342357 3050
342464 3054
342570 3049
342677 3051
342783 3050
342889 3053
342997 3054
343103 3053
343210 3051
343316 3055
343423 3050
343529 3054
343635 3051
343742 3057
343848 3053
343954 3052
344062 3052
344168 3057
344275 3055
344381 3055
344488 3051
344594 3073
344700 3051
344807 3054
344913 3053
345020 3002
345127 3054
345233 3050
345340 3053
345446 3052
345553 3052
345659 3054
345765 3051
345872 3056
345978 3054
346085 3056
346192 3055
346298 3056
346405 3056
346511 3053
346617 3049
346724 3056
346830 3055
346936 3054
347044 3177
347150 3056
347257 3053
347363 3053
347470 3111
347576 3057
347682 3055
347789 3055
347895 3055
348003 3054
348109 3054
348215 3056
348322 3056
348428 3054
348535 3055
348641 3056
348747 3070
348854 3058
348960 3055
349068 3047
349174 3056
349280 3053
349387 3054
349493 3066
349600 3067
349706 3054
349812 3056
349919 3039
350026 3057
350133 3056
350239 3064
350346 3048
350452 3059
350558 3056
350665 3052
350771 3053
350877 3055
350985 3053
351091 3057
351198 3052
351304 3055
351411 3057
351517 3068
351623 3055
351730 3056
351836 3055
351942 3069
352050 3053
352156 3056
352263 3055
352369 3056
352476 3058
352582 3056
352688 3056
352795 3005
352901 3054
353009 3054
353115 3055
353222 3057
353328 3056
353434 3053
353541 3054
353647 3053
353753 3056
353860 3055
353966 3051
354074 3052
354180 3052
354287 3056
354393 3047
354499 3052
354606 3054
354712 3054
354818 3056
354925 3054
355032 3054
355139 3053
355245 3096
355352 3053
355458 3056
355564 3054
355671 3059
355777 3053
355883 3056
355991 3070
356098 3056
356204 3052
356310 3055
356417 3042
356523 3055
356629 3050
356736 3054
356842 3059
356948 3049
357056 3056
357163 3051
357269 3054
357375 3052
357482 3049
357588 3055
357694 3045
357801 3056
357907 3051
358015 3048
358121 3054
358228 3053
358334 3054
358440 3055
358547 3053
358653 3055
358759 3052
358866 3053
358972 3050
359080 3050
359186 3053
359293 3060
359399 3054
359505 3051
359612 3049
359718 3064
359824 3052
359931 3055
360038 3051
360145 3053
360251 3052
360358 3049
360464 3052
360570 3056
360677 3050
360783 3050
360889 3051
360997 3051
361103 3051
361210 3052
361316 3054
361423 3052
361529 3052
361635 3051
361742 3048
361848 3051
361954 3053
362062 3053
362168 3040
362275 3080
362381 3052
362488 3053
362594 3050
362700 3059
362807 3053
362913 3052
363021 3054
363127 3049
363234 3052
363340 3053
363447 3052
363553 3052
363659 3052
363765 3038
363872 3052
363978 3052
364085 3055
364192 3053
364298 3055
364404 3051
364511 3052
364617 3053
364723 3052
364830 3050
364936 3051
365043 3065
365150 3055
365256 3055
365363 3054
365469 3058
365576 3052
365682 3052
365788 3054
365895 3058
366002 3052
366108 3056
366215 3054
366321 3056
366428 3054
366534 3052
366641 3072
366747 3055
366853 3055
366960 3054
367067 3057
367173 3053
367280 3053
367386 3054
367493 2988
367599 3054
367706 3055
367812 3054
367918 3053
368026 3056
368132 3053
368239 3067
368345 3053
368452 3056
368558 3055
368664 3054
368771 3055
368877 3052
368984 3055
369091 3050
369197 3056
369304 3058
369410 3055
369517 3048
369623 3055
369729 3056
369836 3056
369942 3047
370049 3054
370156 3055
370262 3057
370369 3044
370475 3056
370582 3054
370688 3056
370794 3065
370901 3056
371008 3055
371115 3054
371221 3053
371328 3057
371434 3057
371540 3054
371647 3055
371753 3055
371859 3056
371966 3067
372073 3056
372180 3058
372286 3054
372393 3047
372499 3055
372605 3057
372712 3055
372818 3130
372924 3054
373032 3053
373138 3057
373245 3056
373351 3054
373458 3053
373564 3056
373670 3054
373777 3052
373883 3055
373991 3046
374097 3051
374203 3057
374310 3053
374416 3054
374523 3054
374629 3053
374735 3055
374842 3041
374948 3057
375056 3053
375162 3053
375268 3075
375375 3055
375481 3053
375588 3054
375694 3037
375800 3056
375907 3050
376014 3053
376121 3053
376227 3051
376333 3051
376440 3040
376546 3053
376653 3054
376759 3050
376865 3057
376972 3051
377079 3045
377186 3054
377292 3039
377398 3052
377505 3048
377611 3054
377718 3195
377824 3051
377930 3052
378038 3053
378144 3133
378251 3054
378357 3055
378464 3054
378570 3054
378676 3054
378783 3053
378889 3049
378997 3052
379103 3053
379209 3052
379316 3044
379422 3054
379529 3050
379635 3052
379741 3058
379848 3053
379954 3051
380062 3050
380168 3058
380274 3051
380381 3055
380487 3054
380594 3045
380700 3052
380806 3049
380913 3053
381020 3051
381127 3053
381233 3054
381340 3059
381446 3052
381552 3052
381659 3051
381765 3043
381871 3050
381978 3054
382085 3053
382192 3053
382298 3050
382404 3051
382511 3050
382617 3057
382723 3052
382830 3054
382936 3052
383044 3020
383150 3051
383257 3057
383363 3053
383469 3059
383576 3053
383682 3053
383788 3053
383895 3052
384002 3054
384109 3055
384215 3053
384322 3054
384428 3052
384534 3054
384641 3053
384747 3052
384853 3054
384960 3051
385067 3032
385174 3052
385280 3052
385387 3051
385493 3018
385599 3055
385706 3050
385812 3052
385918 3110
386026 3051
386132 3054
386239 3054
386345 3058
386452 3054
386558 3051
386664 3065
386771 3053
386877 3056
386985 3056
387091 3046
387198 3055
387304 3051
387411 3052
387517 3049
387623 3055
387729 3057
387836 3053
387942 2979
388050 3054
388156 3053
388263 3054
388369 3096
388476 3053
388582 3055
388688 3054
388794 3057
388901 3054
389008 3057
389115 3048
389221 3055
389328 3056
389434 3055
389541 3052
389647 3055
389753 3055
389859 3056
389966 3047
390073 3056
390180 3055
390286 3056
390393 3064
390499 3056
390606 3055
390712 3054
390818 3059
390924 3053
391032 3056
391139 3056
391245 3054
391352 3056
391458 3052
391564 3054
391671 3054
391777 3056
391883 3054
391991 3051
392097 3056
392204 3055
392310 3056
392417 3072
392523 3053
392629 3056
392736 3055
392842 3043
392948 3054
393056 3052
393162 3058
393269 3070
393375 3057
393482 3055
393588 3052
393694 3057
393801 3052
393907 3055
394014 3048
394121 3053
394227 3054
394334 3055
394440 3066
394547 3054
394653 3055
394759 3053
394866 3058
394972 3057
395079 3056
395186 3054
395292 3045
395399 3054
395505 3053
395612 3053
395718 3036
395824 3054
395931 3052
396038 3055
396144 3051
396251 3050
396357 3053
396464 3053
396570 3053
396677 3051
396783 3050
396889 3050
396997 3051
397103 3052
397210 3051
397316 3055
397423 3049
397529 3052
397635 3053
397742 3047
397848 3054
397954 3048
398062 3053
398168 3127
398275 3052
398381 3054
398488 3052
398594 3063
398700 3053
398807 3052
398913 3053
399020 3048
399127 3053
399233 3053
399340 3050
399446 3055
399553 3052
399659 3053
399765 3065
399872 3052
399978 3052
400085 3051
400192 3054
400298 3052
400405 3054
400511 3053
400617 3003
400724 3051
400830 3050
400936 3052
401044 3048
401150 3053
401257 3052
401363 3049
401470 3052
401576 3052
401682 3050
401789 3050
401895 3051
402003 3052
402109 3053
402215 3052
402322 3050
402428 3053
402535 3053
402641 3049
402747 3053
402854 3065
402960 3051
403068 3028
403174 3053
403280 3052
403387 3051
403493 3069
403600 3053
403706 3061
403812 3054
403919 3055
404026 3054
404133 3053
404239 3046
404346 3054
404452 3051
404558 3058
404665 3055
404771 3050
404877 3051
404985 3050
405091 3038
405198 3050
405304 3051
405411 3054
405517 3076
405623 3055
405730 3051
405836 3056
405942 3091
406050 3052
406156 3056
406263 3054
406369 3053
406476 3055
406582 3053
406688 3058
406795 3053
406901 3057
407009 3057
407115 3054
407222 3055
407328 3054
407434 3055
407541 3075
407647 3055
407753 3056
407860 3051
407966 3066
408074 3054
408180 3056
408287 3054
408393 3056
408499 3055
408606 3053
408712 3054
408818 3054
408925 3051
409032 3057
409139 3052
409245 3056
409352 3057
409458 3055
409564 3054
409671 3053
409777 3054
409883 3053
409991 3057
410098 3057
410204 3053
410310 3057
410417 3095
410523 3056
410629 3055
410736 3056
410842 3093
410948 3051
411056 3057
411163 3056
411269 3055
411375 3058
411482 3053
411588 3054
411694 3055
411801 3056
411907 3053
412015 3068
412121 3054
412228 3052
412334 3058
412440 3044
412547 3052
412653 3057
412759 3054
412866 3037
412972 3053
413080 3052
413186 3057
413293 3056
413399 3054
413505 3056
413612 3053
413718 3053
413824 3052
413931 3053
414038 3054
414145 3054
414251 3052
414358 3055
414464 3044
414570 3054
414677 3055
414783 3054
414889 3045
414997 3055
415103 3055
415210 3057
415316 3050
415423 3055
415529 3056
415635 3054
415742 3015
415848 3053
415954 3050
416062 3052
416168 3051
416275 3054
416381 3050
416488 3065
416594 3052
416700 3055
416807 3054
416913 3054
417021 3055
417127 3053
417234 3051
417340 3065
417447 3050
417553 3052
417659 3050
417765 3054
417872 3052
417978 3054
418085 3057
418192 3056
418298 3055
418404 3051
418511 3051
418617 3049
418723 3051
418830 3054
418936 3050
419043 3048
419150 3050
419256 3052
419363 3055
419469 3048
419576 3051
419682 3050
419788 3045
419895 3051
420002 3050
420108 3054
420215 3051
420321 3050
420428 3054
420534 3052
420641 3055
420747 3050
420853 3050
420960 3053
421067 3104
421173 3052
421280 3051
421386 3052
421493 3053
421599 3051
421706 3056
421812 3050
421918 3053
422026 3054
422132 3052
422239 3057
422345 3051
422452 3053
422558 3052
422664 3061
422771 3052
422877 3048
422984 3052
423091 3067
423197 3054
423304 3053
423410 3052
423517 3097
423623 3051
423729 3052
423836 3055
423942 3006
424049 3054
424156 3053
424262 3052
424369 3052
424475 3055
424582 3053
424688 3050
424794 3054
424901 3053
425008 3051
425115 3066
425221 3051
425328 3053
425434 3051
425540 3058
425647 3053
425753 3055
425859 3054
425966 2975
426073 3056
426180 3055
426286 3053
426393 3046
426499 3055
426605 3055
426712 3054
426818 3054
426924 3054
427032 3053
427138 3060
427245 3055
427351 3055
427458 3055
427564 3036
427670 3052
427777 3051
427883 3053
427991 3167
428097 3057
428203 3053
428310 3052
428416 3006
428523 3052
428629 3054
428735 3057
428842 3060
428948 3054
429056 3056
429162 3053
429268 3056
429375 3054
429481 3057
429588 3067
429694 3053
429800 3056
429907 3055
430014 3050
430121 3056
430227 3055
430333 3056
430440 3060
430546 3056
430653 3062
430759 3053
430865 3087
430972 3054
431079 3055
431186 3055
431292 3015
431398 3055
431505 3054
431611 3056
431718 3054
431824 3056
431930 3053
432038 3051
432144 3056
432251 3055
432357 3057
432464 3061
432570 3055
432676 3053
432783 3055
432889 3071
432997 3052
433103 3053
433209 3054
433316 3016
433422 3057
433529 3052
433635 3053
433741 3067
433848 3057
433954 3056
434062 3054
434168 3054
434274 3050
434381 3056
434487 3061
434594 3053
434700 3055
434806 3052
434913 3061
435020 3056
435127 3054
435233 3056
435340 3047
435446 3055
435552 3055
435659 3052
435765 2994
435871 3051
435978 3054
436085 3053
436192 3055
