2 4082
145 4027
251 4084
357 4081
464 4081
570 4041
676 4078
783 4081
889 4080
997 4082
1103 4084
1210 4079
1316 4068
1422 4081
1528 4078
1635 4079
1741 4078
1847 4081
1954 4083
2061 4082
2168 4087
2274 4079
2381 4077
2487 4079
2593 4078
2700 4082
2806 4081
2912 4082
3020 4027
3126 4080
3233 4077
3339 4080
3445 4090
3552 4080
3658 4082
3764 4083
3871 4089
3977 4083
4084 4077
4191 4070
4297 4082
4403 4082
4510 4082
4616 4095
4722 4082
4829 4084
4935 4082
5042 4089
5149 4082
5255 4082
5362 4082
5468 4089
5574 4081
5681 4082
5787 4077
5893 3942
6001 4082
6107 4082
6214 4082
6320 4016
6426 4082
6533 4081
6639 4081
6745 4081
6852 4080
6958 4078
7066 4074
7172 4082
7278 4081
7385 4084
7491 4081
7597 4079
7704 4077
7810 4080
7916 4071
8024 4082
8130 4081
8237 4081
8343 4051
8450 4079
8556 4080
8662 4083
8768 4095
8875 4079
8981 4081
9089 4080
9195 4087
9302 4081
9408 4077
9514 4081
9621 4079
9727 4084
9833 4081
9940 4083
10047 4080
10154 4079
10260 4079
10366 4069
10473 4080
10579 4081
10685 4080
10792 4082
10898 4084
11005 4079
11112 4086
11218 4095
11325 4079
11431 4086
11537 4080
11644 4095
11750 4079
11856 4084
11963 4081
12070 4084
12176 4083
12283 4084
12389 4082
12496 4082
12602 4080
12708 4082
12815 4082
12921 4082
13029 4083
13135 4084
13241 4070
13348 4081
13454 4081
13560 4082
13667 4086
13773 4080
13879 4082
13987 4081
14093 4076
14200 4081
14306 4081
14413 4082
14519 4083
14625 4082
14731 4081
14838 4082
14944 4070
15052 4079
15158 4079
15265 4085
15371 4081
15477 4083
15584 4080
15690 4083
15796 4081
15903 4082
16010 4083
16117 4063
16223 4082
16329 4083
16436 4082
16542 4092
16648 4081
16755 4083
16861 4082
16967 4090
17075 4085
17181 4083
17288 4079
17394 4077
17500 4079
17607 4080
17713 4079
17819 4039
17926 4082
18033 4073
18139 4083
18246 4080
18352 4080
18459 4085
18565 4074
18671 4082
18778 4081
18884 4083
18992 4069
19098 4079
19204 4079
19311 4078
19417 4087
19523 4082
19630 4082
19736 4080
19842 4085
19949 4082
20056 4082
20163 4081
20269 4071
20376 4079
20482 4079
20588 4080
20694 4095
20801 4083
20907 4079
21015 4082
21121 4081
21228 4079
21334 4077
21440 4065
21547 4079
21653 4083
21759 4081
21866 4081
21972 4082
22079 4081
22186 4081
22292 4066
22399 4079
22505 4079
22611 4082
22718 4080
22824 4083
22930 4083
23038 4080
23144 4039
23251 4079
23357 4083
23463 4080
23570 4088
23676 4081
23782 4082
23889 4081
23996 4082
24102 4079
24209 4082
24315 4070
24422 4084
24528 4082
24634 4084
24741 4080
24847 4082
24953 4081
25061 4083
25167 4083
25274 4082
25380 4081
25486 4083
25593 4068
25699 4083
25805 4077
25912 4081
26019 4067
26126 4082
26232 4081
26339 4081
26445 4081
26551 4079
26657 4078
26764 4030
26870 4080
26976 4081
27084 4084
27191 4088
27297 4077
27403 4080
27510 4078
27616 4087
27722 4079
27829 4083
27935 4079
28042 4074
28149 4083
28255 4080
28362 4079
28468 4055
28574 4079
28681 4082
28787 4078
28893 4071
29001 4081
29107 4083
29214 4080
29320 4082
29426 4080
29533 4079
29639 4076
29745 4080
29852 4080
29958 4083
30065 4063
30172 4082
30278 4081
30385 4082
30491 4072
30597 4082
30704 4081
30810 4082
30916 4078
31024 4081
31130 4083
31237 4084
31343 4027
31449 4083
31556 4079
31662 4079
31768 4095
31875 4083
31981 4079
32089 4076
32195 4081
32302 4083
32408 4083
32514 4074
32621 4085
32727 4084
32833 4083
32940 4080
33047 4079
33154 4082
33260 4084
33367 4084
33473 4085
33579 4079
33686 4083
33792 4067
33898 4085
34006 4079
34112 4082
34219 4081
34325 4082
34431 4083
34538 4083
34644 4081
34750 4083
34857 4081
34963 4084
35070 4079
35177 4082
35283 4081
35390 4088
35496 4080
35602 4082
35709 4082
35815 4070
35921 4081
36029 4083
36135 4082
36242 4083
36348 4079
36454 4081
36561 4077
36667 4095
36773 4080
36880 4083
36987 4081
37094 4069
37200 4081
37306 4081
37413 4080
37519 4072
37625 4082
37732 4081
37838 4082
37944 4080
38052 4082
38159 4083
38265 4084
38371 4082
38477 4083
38584 4081
38690 4091
38796 4083
38903 4081
39010 4083
39117 4095
39223 4083
39330 4083
39436 4081
39542 4093
39649 4083
39755 4079
39861 4080
39967 4052
40075 4083
40181 4083
40288 4078
40394 4079
40501 4082
40607 4081
40713 4084
40820 4079
40926 4083
41033 4082
41140 4089
41246 4081
41353 4082
41459 4081
41565 4095
41672 4081
41778 4082
41884 4079
41992 3979
42098 4082
42205 4083
42311 4080
42417 4095
42524 4080
42630 4081
42736 4078
42843 4095
42949 4078
43057 4084
43163 4082
43269 4082
43376 4078
43482 4079
43588 4081
43695 4081
43801 4081
43907 4081
44015 4076
44122 4078
44228 4078
44334 4083
44440 4085
44547 4080
44653 4080
44759 4082
44866 4077
44972 4082
45080 4083
45186 4081
45293 4090
45399 4079
45505 4083
45612 4083
45718 4084
45824 4083
45930 4080
46038 4083
46144 4083
46251 4081
46357 4080
46464 4085
46570 4079
46676 4080
46783 4078
46889 4095
46996 4081
47103 4081
47209 4077
47316 4072
47422 4080
47528 4083
47635 4081
47741 4082
47847 4080
47954 4083
48061 4079
48168 4053
48274 4080
48380 4077
48487 4081
48593 4048
48699 4080
48806 4082
48912 4081
49020 4080
49126 4082
49232 4085
49339 4070
49445 4084
49551 4083
49658 4084
49764 4081
49870 4084
49977 4081
50084 4080
50191 4081
50297 4082
50403 4080
50510 4084
50616 4095
50722 4082
50829 4080
50935 4082
51043 4095
51149 4081
51256 4082
51362 4084
51468 4095
51575 4083
51681 4081
51787 4082
51893 4081
52001 4083
52107 4084
52214 4078
52320 4081
52427 4082
52533 4081
52639 4081
52746 4081
52852 4084
52958 4076
53066 4090
53172 4083
53279 4083
53385 4079
53491 3971
53598 4078
53704 4081
53810 4080
53917 4089
54024 4081
54131 4079
54237 4081
54343 4072
54450 4082
54556 4082
54662 4082
54769 4083
54875 4082
54981 4077
55089 4073
55195 4082
55302 4085
55408 4083
55515 4088
55621 4082
55727 4080
55834 4082
55940 4087
56048 4082
56154 4084
56260 4081
56367 4048
56473 4078
56579 4076
56686 4080
56792 4066
56898 4078
57006 4082
57113 4083
57219 4076
57325 4080
57431 4078
57538 4081
57644 4080
57750 4078
57857 4077
57963 4084
58071 4083
58177 4082
58284 4079
58390 4088
58496 4079
58603 4081
58709 4076
58815 4072
58921 4078
59029 4082
59135 4082
59242 4095
59348 4080
59455 4085
59561 4081
59667 4050
59774 4078
59880 4080
59987 4082
60094 4081
60200 4081
60307 4080
60413 4079
60519 4076
60626 4077
60732 4080
60838 4071
60945 4080
61052 4081
61159 4084
61265 4079
61371 4082
61478 4080
61584 4082
61690 4073
61797 4082
61903 4077
62011 4082
62117 4072
62223 4081
62330 4077
62436 4080
62542 4066
62649 4079
62755 4078
62861 4080
62968 4092
63075 4082
63182 4082
63288 4092
63394 4075
63501 4078
63607 4077
63713 4081
63820 4077
63926 4079
64034 4081
64140 4076
64247 4081
64353 4080
64459 4079
64566 4095
64672 4079
64778 4081
64884 4076
64992 4095
65098 4081
65205 4079
65311 4078
65418 4095
65524 4079
65630 4082
65737 4080
65843 4076
65949 4080
66057 4082
66163 4090
66270 4078
66376 4078
66482 4082
66589 4076
66695 4082
66801 4082
66908 4083
67015 4091
67122 4081
67228 4080
67334 4083
67441 4086
67547 4082
67653 4081
67760 4089
67866 4064
67972 4079
68080 4084
68186 4080
68293 4089
68399 4082
68505 4080
68612 4083
68718 4080
68824 4083
68931 4080
69038 4080
69145 4080
69251 4084
69357 4081
69464 4072
69570 4080
69676 4082
69783 4082
69889 4073
69997 4083
70103 4082
70210 4080
70316 4087
70422 4082
70529 4079
70635 4080
70741 4080
70847 4078
70954 4079
71061 4083
71168 4083
71274 4080
71381 4081
71487 4080
71593 4078
71700 4078
71806 4080
71912 4080
72020 4081
72126 4082
72233 4081
72339 4068
72445 4079
72552 4078
72658 4080
72764 4081
72871 4084
72977 4080
73084 4082
73191 4067
73297 4084
73403 4079
73510 4079
73616 4095
73722 4081
73829 4081
73935 4083
74042 4070
74149 4084
74255 4080
74362 4084
74468 4082
74574 4081
74681 4081
74787 4082
74893 4082
75001 4081
75107 4081
75214 4095
75320 4082
75426 4083
75533 4082
75639 4076
75745 4081
75852 4084
75958 4079
76066 4080
76172 4084
76279 4080
76385 4080
76491 4072
76597 4081
76704 4080
76810 4081
76916 4085
77024 4082
77131 4081
77237 4081
77343 4081
77450 4083
77556 4081
77662 4079
77769 4082
77875 4080
77981 4082
78089 4076
78195 4082
78302 4081
78408 4084
78514 4076
78621 4082
78727 4080
78833 4082
78940 4074
79047 4082
79153 4083
79260 4084
79366 4061
79473 4080
79579 4078
79685 4079
79792 4037
79898 4084
80005 4082
80112 4080
80218 4079
80325 4082
80431 4081
80537 4076
80644 4079
80750 4083
80856 4081
80963 4065
81070 4082
81177 4083
81283 4079
81389 4084
81496 4080
81602 4082
81708 4081
81815 4070
81921 4079
82029 4082
82135 4083
82242 4095
82348 4081
82454 4081
82560 4080
82667 4095
82773 4079
82879 4078
82987 4081
83094 4080
83200 4080
83306 4079
83413 4070
83519 4081
83625 4076
83732 4083
83838 4076
83944 4081
84052 4082
84158 4080
84265 4093
84371 4082
84477 4077
84584 4081
84690 3988
84796 4082
84903 4079
85010 4082
85116 4076
85223 4084
85329 4081
85436 4082
85542 4070
85648 4083
85755 4077
85861 4079
85967 4079
86075 4083
86181 4081
86288 4085
86394 4078
86500 4079
86607 4079
86713 4082
86819 4081
86926 4080
87033 4080
87140 4095
87246 4080
87352 4081
87459 4076
87565 4083
87671 4079
87778 4081
87884 4078
87992 4095
88098 4082
88205 4081
88311 4081
88417 4080
88523 4078
88630 4082
88736 4080
88842 4080
88949 4078
89056 4083
89163 4095
89269 4081
89376 4081
89482 4084
89588 4073
89695 4083
89801 4079
89907 4081
90015 4095
90121 4083
90228 4082
90334 4082
90440 4073
90547 4082
90653 4080
90759 4060
90866 4056
90972 4082
91079 4082
91186 4083
91292 4080
91399 4083
91505 4079
91611 4082
91718 4079
91824 4081
91930 4080
92038 4075
92144 4082
92251 4079
92357 4080
92463 4079
92570 4078
92676 4082
92782 4080
92889 4078
92996 4082
93103 4080
93209 4079
93315 4061
93422 4081
93528 4083
93634 4081
93741 4083
93847 4081
93953 4081
94061 4085
94168 4083
94274 4081
94380 4083
94486 4080
94593 4082
94699 4081
94805 4082
94912 4090
95019 4083
95126 4081
95232 4083
95339 4085
95445 4080
95551 4078
95658 4080
95764 4075
95870 4080
95976 4079
96084 4078
96190 4095
96297 4083
96403 4080
96510 4082
96616 4095
96722 4081
96829 4079
96935 4083
97042 4082
97149 4083
97255 4078
97362 4078
97468 4077
97574 4080
97681 4078
97787 4092
97893 4082
98001 4083
98107 4083
98214 4075
98320 4080
98426 4082
98533 4083
98639 4090
98745 4082
98852 4081
98958 4081
99066 4078
99172 4083
99278 4084
99385 4082
99491 4064
99597 4079
99704 4083
99810 4080
99916 4076
100024 4084
100131 4084
100237 4081
100343 4084
100449 4079
100556 4082
100662 4092
100768 4079
100875 4079
100981 4083
101089 4090
101195 4081
101301 4082
101408 4081
101514 4067
101620 4080
101727 4081
101833 4080
101939 4095
102047 4083
102153 4083
102260 4079
102366 4095
102472 4079
102579 4079
102685 4077
102791 4094
102898 4079
103005 4082
103111 4094
103218 4083
103324 4078
103431 4081
103537 4070
103643 4082
103750 4077
103856 4080
103962 4082
104070 4080
104176 4080
104283 4080
104389 4025
104495 4082
104602 4080
104708 4081
104814 4081
104921 4081
105028 4081
105135 4083
105241 4077
105347 4085
105454 4081
105560 4083
105666 4090
105773 4083
105879 4080
105987 4095
106093 4083
106200 4085
106306 4081
106412 4093
106518 4078
106625 4082
106731 4077
106837 4064
106944 4081
107051 4081
107158 4081
107264 4083
107371 4077
107477 4083
107583 4080
107690 4020
107796 4080
107902 4082
108010 4079
108116 4079
108223 4079
108329 4082
108435 4080
108542 4078
108648 4083
108754 4083
108861 4081
108967 4081
109074 4079
109181 4083
109287 4081
109394 4082
109500 4081
109606 4080
109713 4082
109819 4083
109925 4082
110033 4081
110139 4092
110246 4082
110352 4081
110458 4086
110565 4095
110671 4082
110777 4083
110884 4083
110991 4086
111098 4084
111204 4082
111310 4082
111417 4080
111523 4083
111629 4080
111736 4079
111842 4079
111948 4079
112056 4080
112163 4084
112269 4083
112375 4083
112481 4081
112588 4073
112694 4081
112800 4083
112907 4078
113014 4056
113121 4081
113227 4080
113334 4079
113440 4094
113546 4079
113653 4082
113759 4081
113865 4095
113971 4079
114079 4082
114185 4082
114292 4082
114398 4080
114505 4083
114611 4095
114717 4082
114824 4082
114930 4082
115037 4095
115144 4083
115250 4080
115357 4081
115463 4084
115569 4084
115676 4081
115782 4083
115888 4066
115996 4080
116102 4081
116209 4083
116315 4095
116421 4085
116528 4082
116634 4081
116740 4079
116847 4082
116953 4084
117061 4080
117167 4080
117273 4082
117380 4081
117486 4091
117592 4081
117699 4081
117805 4080
117911 4081
118019 4080
118126 4082
118232 4082
118338 4086
118444 4080
118551 4082
118657 4080
118763 4077
118870 4083
118976 4083
119084 4079
119190 4057
119297 4080
119403 4080
119509 4082
119616 4080
119722 4081
119828 4084
119934 4081
120042 4079
120148 4080
120255 4080
120361 4093
120468 4081
120574 4082
120680 4082
120787 4076
120893 4082
121000 4079
121107 4081
121213 4041
121320 4084
121426 4080
121532 4084
121639 4095
121745 4085
121851 4081
121958 4084
122065 4089
122172 4083
122278 4079
122384 4083
122491 4080
122597 4084
122703 4081
122810 4084
122916 4073
123024 4081
123130 4078
123236 4076
123343 4078
123449 4082
123555 4081
123662 4076
123768 4082
123874 4082
123981 4082
124088 4066
124195 4082
124301 4082
124407 4079
124514 4069
124620 4083
124726 4082
124832 4084
124939 4095
125046 4084
125153 4081
125259 4078
125366 4085
125472 4082
125578 4083
125685 4082
125791 4086
125897 4078
126005 4079
126111 4084
126218 4082
126324 4082
126430 4081
126537 4074
126643 4080
126749 4080
126856 4083
126962 4072
127069 4084
127176 4084
127282 4082
127389 4095
127495 4086
127601 4086
127708 4081
127814 4078
127920 4079
128028 4085
128134 4079
128241 4083
128347 4083
128453 4079
128560 4086
128666 4083
128772 4084
128879 4079
128986 4073
129093 4082
129199 4079
129305 4082
129412 4065
129518 4082
129624 4084
129731 4082
129837 4082
129943 4080
130051 4083
130157 4083
130264 4021
130370 4081
130477 4080
130583 4079
130689 4052
130795 4077
130902 4079
131009 4082
131116 4081
131222 4080
131329 4084
131435 4082
131541 4083
131648 4079
131754 4082
131860 4074
131967 4082
132074 4082
132181 4084
132287 4085
132393 4083
132500 4081
132606 4083
132712 4079
132819 4082
132925 4081
133032 4081
133139 4083
133245 4082
133352 4081
133458 4083
133564 4081
133671 4079
133777 4077
133883 4082
133991 4082
134097 4079
134204 4081
134310 4095
134416 4080
134523 4081
134629 4080
134735 4082
134842 4082
134948 4085
135056 4080
135162 4079
135268 4082
135375 4082
135481 4082
135587 4077
135694 4081
135800 4084
135906 4081
136014 4093
136120 4081
136227 4084
136333 4080
136440 4056
136546 4082
136652 4084
136758 4073
136865 4071
136971 4078
137079 4083
137185 4084
137292 4083
137398 4076
137504 4078
137611 4080
137717 4081
137823 4081
137930 4081
138037 4094
138144 4079
138250 4080
138356 4081
138463 4060
138569 4084
138675 4081
138782 4082
138888 4068
138995 4077
139102 4083
139208 4084
139315 4079
139421 4083
139527 4080
139634 4082
139740 4082
139846 4083
139953 4082
140060 4083
140166 4080
140273 4082
140379 4080
140486 4071
140592 4082
140698 4084
140805 4082
140911 4086
141019 4083
141125 4082
141231 4083
141338 4094
141444 4081
141550 4083
141657 4077
141763 4095
141869 4078
141976 4083
142083 4084
142190 4085
142296 4080
142403 4083
142509 4077
142615 4079
142721 4082
142828 4081
142934 4082
143042 4080
143148 4078
143255 4082
143361 4085
143467 4082
143574 4079
143680 4077
143786 4080
143893 4084
144000 4081
144107 4083
144213 4044
144319 4081
144426 4082
144532 4079
144638 4080
144745 4082
144851 4082
144957 4081
145065 4082
145171 4088
145278 4082
145384 4083
145490 4081
145597 4083
145703 4078
145809 4078
145916 4078
146023 4082
146129 4081
146236 4085
146342 4080
146449 4083
146555 4080
146661 4081
146768 4078
146874 4081
146980 4082
147088 4053
147194 4083
147301 4082
147407 4081
147513 4091
147620 4082
147726 4081
147832 4082
147938 4083
148046 4080
148152 4088
148259 4080
148365 4083
148472 4084
148578 4079
148684 4081
148791 4078
148897 4082
149004 4083
149111 4079
149217 4080
149324 4083
149430 4083
149536 4085
149643 4079
149749 4082
149855 4079
149962 4083
150069 4083
150176 4083
150282 4081
150388 4075
150495 4080
150601 4084
150707 4081
150814 4091
150920 4080
151028 4083
151134 4083
151240 4085
151347 4083
151453 4083
151559 4095
151666 4085
151772 4080
151878 4083
151986 4084
152093 4083
152199 4081
152305 4083
152411 4089
152518 4084
152624 4081
152730 4083
152837 4095
152943 4081
153051 4084
153157 4084
153264 4079
153370 4082
153476 4081
153583 4083
153689 4095
153795 4084
153901 4080
154009 4081
154115 4083
154222 4082
154328 4083
154435 4078
154541 4081
154647 4081
154754 4079
154860 4090
154966 4080
155074 4082
155180 4081
155287 4095
155393 4080
155499 4082
155606 4077
155712 4080
155818 4078
155925 4084
156032 4081
156139 4058
156245 4079
156351 4084
156458 4079
156564 4072
156670 4081
156777 4084
156883 4081
156991 4080
157097 4083
157203 4082
157310 4083
157416 4082
157522 4080
157629 4083
157735 4081
157841 4081
157948 4079
158055 4084
158162 4095
158268 4083
158374 4080
158481 4079
158587 4026
158693 4080
158800 4078
158906 4078
159014 4088
159120 4083
159227 4078
159333 4079
159439 4078
159546 4084
159652 4078
159758 4063
159864 4079
159971 4081
160078 4078
160185 4088
160291 4080
160398 4084
160504 4082
160610 4090
160717 4080
160823 4082
160929 4081
161037 4068
161143 4082
161250 4083
161356 4083
161462 4095
161569 4083
161675 4082
161781 4083
161888 4084
161995 4082
162102 4084
162208 4082
162314 4082
162421 4080
162527 4082
162633 4079
162740 4080
162846 4077
162952 4080
163060 4086
163166 4080
163273 4080
163379 4080
163485 4074
163592 4082
163698 4079
163804 4081
163911 4081
164018 4083
164125 4084
164231 4082
164337 4082
164444 4081
164550 4081
164656 4082
164763 4095
164869 4078
164975 4080
165083 4083
165189 4085
165296 4082
165402 4077
165509 4080
165615 4078
165721 4078
165827 4082
165934 4062
166041 4081
166148 4082
166254 4078
166361 4070
166467 4078
166573 4080
166680 4078
166786 4068
166892 4078
167000 4083
167106 4084
167213 4089
167319 4078
167425 4079
167532 4078
167638 4071
167744 4080
167851 4083
167957 4081
168064 4080
168171 4080
168277 4083
168384 4081
168490 4082
168596 4078
168703 4083
168809 4070
168915 4084
169023 4084
169129 4084
169236 4082
169342 4083
169448 4081
169555 4082
169661 4088
169767 4080
169874 4078
169980 4081
170088 4089
170194 4080
170300 4079
170407 4081
170513 4079
170620 4083
170726 4082
170832 4082
170939 4077
171046 4078
171153 4080
171259 4095
171365 4081
171472 4083
171578 4080
171684 4089
171791 4083
171897 4082
172005 4082
172111 4088
172218 4081
172324 4082
172430 4081
172537 4095
172643 4077
172749 4081
172855 4082
172962 4095
173069 4082
173176 4082
173282 4081
173389 4084
173495 4079
173601 4080
173708 4078
173814 4078
173920 4080
174028 4082
174134 4081
174241 4080
174347 4080
174453 4082
174560 4085
174666 4082
174772 4082
174879 4082
174986 4074
175093 4084
175199 4081
175305 4082
175412 4095
175518 4082
175624 4081
175731 4082
175837 4073
175943 4079
176051 4080
176157 4083
176264 4083
176370 4080
176476 4077
176583 4081
176689 4077
176795 4080
176902 4079
177009 4072
177116 4080
177222 4078
177328 4079
177435 4095
177541 4081
177647 4081
177754 4080
177860 4073
177966 4083
178074 4077
178180 4080
178287 4086
178393 4081
178500 4083
178606 4082
178712 4083
178818 4082
178925 4082
179032 4081
179139 4083
179245 4080
179352 4084
179458 4086
179564 4083
179671 4082
179777 4083
179883 4081
179991 4081
180097 4084
180204 4084
180310 4086
180416 4079
180523 4082
180629 4083
180735 4080
180842 4079
180948 4078
181055 4082
181162 4093
181268 4080
181375 4076
181481 4081
181587 4070
181694 4082
181800 4076
181906 4081
182014 4080
182120 4082
182227 4079
182333 4066
182439 4079
182546 4081
182652 4082
182758 4078
182865 4082
182971 4085
183079 4081
183185 4074
183291 4082
183398 4084
183504 4082
183610 3909
183717 4081
183823 4083
183929 4082
184037 4091
184143 4084
184250 4082
184356 4082
184463 4013
184569 4081
184675 4083
184781 4078
184888 4081
184995 4082
185102 4082
185208 4068
185315 4082
185421 4078
185527 4072
185634 4082
185740 4082
185846 4081
185953 4085
186060 4087
186167 4081
186273 4080
186379 4083
186486 4076
186592 4083
186698 4080
186805 4082
186911 4092
187018 4081
187125 4084
187231 4084
187338 4078
187444 4082
187550 4080
187657 4083
187763 4082
187869 4080
187976 4076
188083 4090
188189 4080
188296 4083
188402 4078
188509 4070
188615 4077
188721 4079
188828 4080
188934 4080
189042 4082
189148 4080
189254 4078
189361 4095
189467 4080
189573 4081
189680 4081
189786 4057
189892 4079
190000 4081
190106 4081
190213 4079
190319 4080
190426 4081
190532 4080
190638 4084
190744 4082
190851 4083
190957 4081
191065 4080
191171 4083
191278 4082
191384 4077
191490 4083
191597 4081
191703 4083
191809 4083
191916 4082
192023 4082
192130 4082
192236 4054
192342 4082
192449 4081
192555 4010
192661 4071
192768 4080
192874 4081
192980 4079
193088 4081
193194 4079
193301 4083
193407 4082
193514 4084
193620 4084
193726 4083
193833 4075
193939 4081
194046 4084
194153 4080
194259 4075
194366 4083
194472 4085
194578 4080
194685 4074
194791 4081
194897 4082
195005 4081
195111 4095
195218 4080
195324 4082
195430 4081
195537 4094
195643 4082
195749 4085
195856 4082
195962 4056
196070 4089
196176 4082
196282 4088
196389 4083
196495 4082
196601 4083
196708 4081
196814 4082
196920 4079
197028 4082
197134 4077
197241 4078
197347 4080
197454 4081
197560 4054
197666 4084
197772 4081
197879 4084
197986 4084
198093 4083
198199 4081
198306 4082
198412 4071
198518 4082
198625 4080
198731 4084
198837 4077
198944 4083
199051 4082
199158 4089
199264 4082
199370 4084
199477 4080
199583 4070
199689 4081
199796 4082
199902 4076
200009 4081
200116 4084
200222 4080
200329 4080
200435 4051
200541 4078
200648 4080
200754 4080
200860 4077
200967 4081
201074 4080
201180 4077
201287 4087
201393 4077
201500 4085
201606 4082
201712 4083
201819 4081
201925 4082
202033 4088
202139 4084
202245 4082
202352 4085
202458 4080
202564 4082
202671 4081
202777 4082
202883 4072
202991 4083
203097 4082
203204 4083
203310 4095
203417 4082
203523 4079
203629 4079
203735 4077
203842 4078
203948 4075
204056 4082
204162 4079
204269 4080
204375 4077
204481 4082
204588 4082
204694 4082
204800 4082
204907 4082
205014 4078
205121 4081
205227 4081
205333 4080
205440 4082
205546 4084
205652 4082
205759 4095
205865 4082
205971 4083
206079 4082
206185 4062
206292 4078
206398 4083
206504 4081
206611 4087
206717 4075
206823 4082
206930 4081
207037 4076
207143 4079
207250 4083
207356 4080
207463 4083
207569 4082
207675 4085
207782 4095
207888 4084
207996 4080
208102 4082
208208 4086
208315 4085
208421 4081
208527 4084
208634 4078
208740 4083
208846 4084
208953 4083
209060 4041
209167 4087
209273 4082
209380 4084
209486 4085
209592 4085
209698 4081
209805 4083
209911 4095
210019 4079
210125 4083
210232 4081
210338 4081
210444 4082
210551 4082
210657 4074
210763 4081
210870 4084
210976 4080
211083 4070
211190 4080
211296 4085
211403 4081
211509 4074
211615 4080
211722 4082
211828 4081
211934 4057
212042 4086
212148 4080
212255 4081
212361 4074
212467 4083
212574 4084
212680 4082
212786 4095
212893 4079
213000 4081
213106 4077
213213 4083
213319 4081
213426 4081
213532 4081
213638 4080
213745 4081
213851 4082
213957 4090
214065 4083
214171 4082
214278 4082
214384 4095
214490 4081
214597 4079
214703 4081
214809 4066
214916 4080
215023 4083
215130 4082
215236 4085
215343 4080
215449 4080
215555 4079
215661 4072
215768 4081
215874 4081
215980 4095
216088 4077
216194 4079
216301 4078
216407 4072
216513 4077
216620 4082
216726 4079
216832 4084
216939 4079
217046 4081
217152 4079
217259 4059
217365 4077
217472 4082
217578 4083
217684 4086
217791 4082
217897 4081
218004 4082
218111 4095
218217 4080
218324 4082
218430 4081
218536 4079
218643 4084
218749 4084
218855 4084
218962 4082
219069 4078
219176 4082
219282 4074
219388 4084
219495 4083
219601 4083
219707 4081
219814 4083
219920 4084
220028 4082
220134 4094
220241 4084
220347 4081
220453 4083
220559 4095
220666 4083
220772 4081
220878 4082
220986 4086
221093 4082
221199 4082
221305 4081
221412 4079
221518 4080
221624 4082
221731 4081
221837 4077
221943 4081
222051 4082
222157 4078
222264 4080
222370 4083
222476 4083
222583 4072
222689 4080
222795 4081
222902 4082
223009 4071
223115 4083
223222 4080
223328 4079
223435 4060
223541 4081
223647 4083
223754 4067
223860 4070
223966 4081
224074 4079
224180 4081
224287 4077
224393 4080
224499 4081
224606 4081
224712 4083
224818 4083
224925 4083
225032 4095
225139 4082
225245 4081
225351 4082
225458 4066
225564 4086
225670 4082
225777 4083
225883 4081
225991 4081
226097 4084
226204 4084
226310 4027
226416 4083
226522 4080
226629 4082
226735 4080
226841 4081
226948 4079
227055 4084
227162 4080
227268 4083
227375 4082
227481 4095
227587 4081
227694 4082
227800 4081
227906 4074
228014 4083
228120 4083
228227 4079
228333 4081
228439 4080
228546 4080
228652 4079
228758 4095
228865 4079
228971 4083
229078 4083
229185 4075
229291 4080
229398 4082
229504 4081
229610 4095
229717 4079
229823 4081
229929 4077
230037 4081
230143 4082
230250 4081
230356 4095
230462 4080
230569 4077
230675 4083
230781 4083
230888 4083
230995 4077
231102 4082
231208 4094
231314 4082
231421 4080
231527 4083
231633 4095
231740 4083
231846 4080
231952 4082
232060 4090
232167 4084
232273 4082
232379 4082
232485 4080
232592 4080
232698 4079
232804 4083
232911 4087
233018 4081
233125 4082
233231 4080
233338 4077
233444 4081
233550 4079
233657 4083
233763 4078
233869 4084
233975 4082
234083 4061
234189 4083
234296 4081
234402 4081
234509 4073
234615 4081
234721 4085
234828 4081
234934 4095
235041 4085
235148 4084
235254 4082
235361 4077
235467 4079
235573 4082
235680 4079
235786 4084
235892 4078
236000 4083
236106 4078
236213 4080
236319 4079
236425 4079
236532 4095
236638 4078
236744 4080
236851 4081
236957 4077
237065 4080
237171 4080
237277 4083
237384 4095
237490 4084
237596 4083
237703 4082
237809 4058
237915 4083
238023 4083
238130 4083
238236 4078
238342 4083
238448 4080
238555 4081
238661 4079
238767 4079
238874 4078
238980 4072
239088 4083
239194 4080
239301 4082
239407 4084
239513 4079
239620 4079
239726 4080
239832 4083
239939 4080
240046 4079
240153 4080
240259 4069
240366 4077
240472 4080
240578 4077
240685 4086
240791 4079
240897 4083
241005 4084
241111 4082
241218 4081
241324 4080
241430 4066
241537 4078
241643 4080
241749 4082
241856 4095
241962 4083
242069 4081
242176 4077
242282 4088
242389 4082
242495 4080
242601 4082
242708 4082
242814 4081
242920 4081
243028 4078
243134 4087
243241 4081
243347 4080
243453 4084
243560 4057
243666 4083
243772 4081
243879 4082
243986 4082
244093 4083
244199 4081
244305 4073
244412 4080
244518 4080
244624 4078
244731 4077
244837 4080
244943 4083
245051 4082
245158 4094
245264 4077
245370 4079
245476 4081
245583 4095
245689 4080
245795 4083
245902 4081
246009 4075
246116 4082
246222 4083
246329 4081
246435 4084
246541 4081
246648 4083
246754 4095
246860 4080
246966 4081
247074 4078
247180 4079
247287 4080
247393 4077
247500 4082
247606 4085
247712 4081
247819 4082
247925 4084
248032 4073
248139 4083
248245 4079
248352 4082
248458 4090
248564 4084
248671 4081
248777 4081
248883 4079
248991 4077
249097 4080
249204 4082
249310 4087
249416 4083
249523 4083
249629 4083
249735 4083
249842 4084
249948 4079
250056 4079
250162 4082
250268 4081
250375 4080
250481 4081
250587 4079
250694 4079
250800 4078
250906 4082
251014 4081
251121 4082
251227 4079
251333 4090
251439 4079
251546 4080
251652 4078
251758 4095
251865 4079
251971 4082
252079 4081
252185 4080
252292 4080
252398 4082
252504 4080
252611 4083
252717 4082
252823 4084
252929 4082
253037 4079
253143 4080
253250 4082
253356 4082
253463 4083
253569 4082
253675 4085
253782 4074
253888 4084
253995 4083
254102 4083
254208 4056
254315 4083
254421 4083
254527 4082
254634 4048
254740 4080
254846 4080
254953 4085
255060 4076
255167 4083
255273 4081
255379 4084
255486 4079
255592 4080
255698 4081
255805 4078
255911 4079
256019 4081
256125 4081
256231 4084
256338 4078
256444 4084
256550 4082
256657 4066
256763 4078
256869 4078
256976 4080
257083 4095
257190 4085
257296 4079
257402 4080
257509 4088
257615 4080
257721 4085
257828 4081
257934 4032
258042 4079
258148 4080
258255 4078
258361 4081
258467 4082
258574 4082
258680 4083
258786 4082
258892 4082
259000 4081
259106 4091
259213 4083
259319 4081
259426 4084
259532 4077
259638 4082
259745 4081
259851 4082
259957 4071
260065 4081
260171 4081
260278 4084
260384 4095
260490 4083
260597 4082
260703 4082
260809 4090
260916 4082
261023 4080
261130 4080
261236 4082
261342 4083
261449 4082
261555 4082
261661 4080
261768 4082
261874 4079
261980 4079
262088 4084
262195 4081
262301 4083
262407 4059
262514 4079
262620 4082
262726 4079
262833 4095
262939 4081
263047 4078
263153 4078
263260 4077
263366 4082
263472 4083
263578 4080
263685 4085
263791 4081
263897 4081
264005 4079
264112 4083
264218 4083
264324 4084
264431 4079
264537 4082
264643 4082
264750 4085
264856 4065
264962 4082
265070 4082
265176 4084
265283 4071
265389 4085
265495 4082
265602 4082
265708 4080
265814 4081
265921 4080
266028 4084
266134 4089
266241 4083
266347 4079
266454 4083
266560 4081
266666 4081
266773 4077
266879 4080
266986 4082
267093 4081
267199 4080
267306 4095
267412 4078
267518 4080
267625 4077
267731 4080
267837 4081
267944 4081
268051 4081
268158 4095
268264 4081
268370 4083
268477 4079
268583 4080
268689 4082
268796 4079
268902 4082
269010 4086
269116 4084
269223 4083
269329 4079
269435 4081
269541 4080
269648 4080
269754 4086
269860 4082
269967 4082
270074 4081
270181 4087
270287 4083
270394 4082
270500 4083
270606 4087
270713 4082
270819 4082
270925 4084
271033 4062
271139 4081
271246 4083
271352 4083
271458 4050
271565 4082
271671 4082
271777 4081
271884 4084
271991 4081
272097 4081
272204 4094
272310 4081
272417 4081
272523 4082
272629 4088
272736 4082
272842 4084
272948 4080
273056 4077
273162 4083
273269 4082
273375 4082
273481 4084
273588 4083
273694 4083
273800 4083
273907 4085
274014 4081
274121 4083
274227 4082
274333 4095
274440 4081
274546 4085
274652 4081
274759 4084
274865 4081
274971 4082
275079 4075
275186 4083
275292 4080
275398 4081
275504 4077
275611 4081
275717 4078
275823 4082
275930 4087
276037 4080
276144 4079
276250 4081
276357 4095
276463 4083
276569 4081
276676 4083
276782 4092
276888 4083
276996 4083
277102 4077
277209 4079
277315 4083
277421 4081
277528 4084
277634 4080
277740 4083
277847 4080
277953 4079
278060 4084
278167 4083
278273 4080
278380 4088
278486 4076
278592 4080
278699 4079
278805 4073
278911 4079
279019 4082
279125 4081
279232 4060
279338 4078
279444 4080
279551 4080
279657 4072
279763 4082
279870 4083
279976 4082
280084 4086
280190 4081
280296 4082
280403 4082
280509 4086
280615 4082
280722 4083
280828 4080
280934 4082
281042 4082
281149 4084
281255 4094
281361 4082
281467 4080
281574 4082
281680 4081
281786 4081
281893 4077
282000 4082
282107 4081
282213 4080
282320 4079
282426 4078
282532 4074
282639 4081
282745 4080
282851 4082
282957 4086
283065 4080
283171 4080
283278 4082
283384 4081
283491 4082
283597 4083
283703 4084
283810 4080
283916 4084
284023 4083
284130 4088
284236 4082
284343 4088
284449 4081
284555 4086
284662 4082
284768 4082
284874 4082
284981 4053
285088 4081
285194 4079
285301 4079
285407 4058
285513 4081
285620 4082
285726 4082
285832 4051
285939 4080
286046 4080
286152 4085
286259 4081
286365 4080
286472 4085
286578 4083
286684 4084
286791 4083
286897 4084
287005 4073
287111 4084
287217 4081
287324 4083
287430 4074
287536 4084
287643 4080
287749 4078
287855 4077
287962 4082
288069 4077
288176 4082
288282 4077
288389 4083
288495 4083
288601 4083
288707 4081
288814 4082
288920 4081
289028 4083
289134 4081
289241 4084
289347 4082
289453 4063
289560 4080
289666 4082
289772 4079
289879 4090
289986 4083
290093 4083
290199 4078
290305 4083
290412 4080
290518 4080
290624 4078
290731 4080
290837 4079
290943 4083
291051 4080
291157 4088
291264 4079
291370 4084
291476 4081
291583 4095
291689 4083
291795 4085
291902 4083
292009 4078
292115 4081
292222 4083
292328 4081
292435 4084
292541 4078
292647 4079
292754 4074
292860 4082
292966 4081
293074 4081
293180 4084
293287 4083
293393 4081
293499 4082
293606 4071
293712 4084
293818 4083
293925 4084
294032 4083
294139 4083
294245 4083
294352 4087
294458 4077
294564 4081
294670 4082
294777 4081
294883 4082
294991 4083
295097 4082
295204 4077
295310 4081
295416 4082
295523 4078
295629 4078
295735 4077
295842 4080
295948 4083
296055 4077
296162 4082
296268 4079
296375 4080
296481 4095
296587 4080
296694 4083
296800 4083
296906 4027
297014 4078
297120 4081
297227 4080
297333 4084
297439 4083
297546 4080
297652 4084
297758 4084
297865 4083
297971 4084
298078 4082
298185 4083
298291 4082
298398 4083
298504 4070
298610 4081
298717 4082
298823 4082
298929 4084
299037 4083
299143 4083
299250 4082
299356 4095
299462 4081
299569 4081
299675 4086
299781 4052
299888 4080
299995 4083
300102 4081
300208 4080
300315 4081
300421 4083
300527 4081
300633 4082
300740 4083
300846 4082
300952 4083
301060 4082
301167 4083
301273 4079
301379 4073
301486 4079
301592 4079
301698 4077
301805 4095
301911 4079
302018 4081
302125 4085
302231 4065
302338 4079
302444 4083
302550 4082
302657 4044
302763 4081
302869 4082
302976 4080
303083 4082
303189 4079
303296 4083
303402 4080
303509 4089
303615 4079
303721 4081
303828 4054
303934 4081
304041 4082
304148 4081
304254 4084
304361 4082
304467 4080
304573 4081
304680 4086
304786 4078
304892 4079
305000 4082
305106 4095
305213 4080
305319 4077
305425 4082
305532 4078
305638 4083
305744 4082
305851 4084
305957 4049
306065 4080
306171 4081
306278 4093
306384 4083
306490 4083
306596 4082
306703 4082
306809 4082
306915 4081
307023 4085
307130 4091
307236 4082
307342 4081
307449 4078
307555 4076
307661 4077
307768 4080
307874 4081
307980 4072
308088 4083
308194 4079
308300 4079
308407 4095
308513 4083
308619 4084
308726 4082
308832 4095
308938 4084
309046 4083
309152 4094
309259 4081
309365 4083
309471 4079
309578 4087
309684 4081
309790 4084
309897 4081
310004 4086
310111 4083
310217 4083
310323 4079
310430 4074
310536 4082
310642 4083
310749 4091
310855 4095
310961 4080
311069 4083
311175 4082
311282 3978
311388 4079
311495 4082
311601 4079
311707 4081
311813 4077
311920 4081
312027 4093
312134 4078
312240 4079
312347 4081
312453 4071
312559 4082
312666 4083
312772 4084
312878 4084
312986 4079
313092 4083
313199 4084
313305 4095
313411 4083
313518 4081
313624 4081
313730 4082
313837 4082
313943 4081
314050 4082
314157 4094
314263 4085
314370 4082
314476 4083
314582 4081
314689 4083
314795 4082
314901 4082
315009 4083
315115 4084
315222 4079
315328 4080
315434 4081
315541 4084
315647 4081
315753 4084
315860 4081
315966 4082
316074 4083
316180 4095
316286 4079
316393 4081
316499 4081
316605 4095
316712 4078
316818 4082
316924 4077
317032 4086
317138 4084
317245 4083
317351 4081
317458 4081
317564 4079
317670 4080
317776 4079
317883 4080
317990 4083
318097 4081
318203 4089
318310 4079
318416 4080
318522 4082
318629 4094
318735 4082
318841 4081
318948 4082
319055 4081
319162 4083
319268 4083
319374 4083
319481 4067
319587 4080
319693 4080
319800 4082
319906 4072
320013 4082
320120 4081
320226 4082
320333 4079
320439 4079
320545 4078
320652 4080
320758 4082
320864 4083
320971 4082
321078 4058
321184 4078
321291 4083
321397 4082
321504 4090
321610 4081
321716 4084
321823 4080
321929 4081
322037 4083
322143 4083
322249 4080
322356 4095
322462 4080
322568 4083
322675 4080
322781 4079
322887 4082
322995 4080
323101 4081
323208 4083
323314 4081
323421 4081
323527 4085
323633 4078
323739 4081
323846 4083
323952 4072
324060 4081
324166 4083
324273 4079
324379 4075
324485 4081
324592 4083
324698 4083
324804 4094
324911 4083
325018 4082
325125 4084
325231 4079
325337 4083
325444 4081
325550 4080
325656 4070
325763 4081
325869 4081
325975 4082
326083 4082
326189 4081
326296 4082
326402 4064
326508 4081
326615 4081
326721 4079
326827 4083
326934 4080
327041 4080
327147 4081
327254 4071
327360 4081
327467 4081
327573 4080
327679 4095
327786 4081
327892 4081
328000 4081
328106 4095
328212 4080
328319 4084
328425 4078
328531 4093
328638 4080
328744 4077
328850 4082
328957 4081
329064 4082
329171 4083
329277 4075
329384 4083
329490 4080
329596 4084
329702 4079
329809 4083
329915 4078
330023 4083
330129 4062
330236 4082
330342 4081
330448 4081
330555 4071
330661 4080
330767 4080
330874 4082
330980 4057
331087 4082
331194 4080
331300 4080
331406 4082
331513 4081
331619 4080
331725 4082
331832 4083
331938 4086
332045 4080
332152 4077
332258 4079
332365 4081
332471 4080
332577 4078
332684 4078
332790 4082
332896 4079
333004 4093
333110 4081
333217 4082
333323 4082
333429 4075
333536 4079
333642 4080
333748 4069
333855 4038
333961 4080
334069 4081
334175 4078
334282 4080
334388 4082
334494 4081
334600 4081
334707 4082
334813 4082
334919 4084
335027 4070
335134 4081
335240 4081
335346 4083
335453 4090
335559 4082
335665 4080
335772 4083
335878 4095
335985 4086
336092 4082
336198 4083
336305 4048
336411 4083
336517 4080
336624 4083
336730 4080
336836 4082
336943 4080
337050 4081
337156 4077
337263 4083
337369 4080
337476 4082
337582 4079
337688 4080
337795 4076
337901 4081
338008 4081
338115 4081
338221 4079
338328 4095
338434 4072
338540 4083
338647 4081
338753 4081
338859 4082
338966 4084
339073 4078
339180 4095
339286 4080
339392 4081
339499 4079
339605 4072
339711 4081
339818 4082
339924 4082
340032 4076
340138 4079
340245 4083
340351 4082
340457 4083
340563 4081
340670 4084
340776 4071
340882 4084
340990 4082
341097 4083
341203 4073
341309 4081
341416 4081
341522 4081
341628 4074
341735 4083
341841 4082
341947 4083
342055 4081
342161 4082
342268 4082
342374 4083
342480 4075
342587 4082
342693 4078
342799 4081
342906 4089
343013 4081
343119 4082
343226 4078
343332 4080
343439 4080
343545 4080
343651 4076
343758 4081
343864 4082
343970 4083
344078 4087
344184 4082
344291 4083
344397 4083
344503 4095
344610 4077
344716 4082
344822 4080
344929 4011
345036 4082
345143 4084
345249 4080
345355 4095
345462 4080
345568 4085
345674 4080
345781 4078
345887 4083
345995 4081
346101 4082
346208 4082
346314 4080
346420 4082
346526 4070
346633 4086
346739 4082
346845 4080
346952 4075
347059 4081
347166 4080
347272 4086
347379 4095
347485 4084
347591 4075
347698 4082
347804 4070
347910 4084
348018 4076
348124 4081
348231 4090
348337 4080
348443 4084
348550 4083
348656 4082
348762 4084
348869 4080
348975 4083
349082 4081
349189 4084
349295 4080
349402 4084
349508 4080
349614 4081
349721 4078
349827 4078
349933 4078
350041 4078
350147 4082
350254 4078
350360 4080
350466 4084
350573 4080
350679 4095
350785 4080
350892 4082
350999 4083
351106 4081
351212 4081
351318 4081
351425 4079
351531 4081
351637 4081
351744 4082
351850 4080
351956 4082
352064 4082
352171 4080
352277 4070
352383 4082
352489 4080
352596 4082
352702 4079
352808 4082
352915 4083
353022 4082
353129 4073
353235 4083
353342 4085
353448 4084
353554 4095
353661 4082
353767 4081
353873 4084
353979 4032
354086 4081
354192 4081
354298 4081
354405 4077
354511 4083
354617 4077
354724 4078
354830 4082
354936 4084
355044 4081
355151 4095
355257 4077
355363 4081
355469 4078
355576 4081
355682 4081
355788 4081
355895 4081
356002 4075
356109 4078
356215 4081
356322 4081
356428 4065
356534 4080
356641 4080
356747 4077
356853 4079
356959 4081
357067 4084
357173 4082
357280 4056
357386 4080
357493 4081
357599 4078
357705 4080
357812 4079
357918 4087
358025 4082
358132 4091
358238 4079
358345 4083
358451 4083
358557 4083
358664 4082
358770 4084
358876 4091
358984 4080
359090 4082
359197 4084
359303 4085
359409 4083
359516 4079
359622 4082
359728 4079
359835 4082
359941 4081
360049 4081
360155 4093
360262 4083
360368 4081
360474 4082
360580 4081
360687 4082
360793 4081
360899 4082
361007 4094
361114 4085
361220 4080
361326 4082
361433 4077
361539 4082
361645 4077
361752 4095
361858 4079
361964 4081
362072 4083
362178 4095
362285 4080
362391 4082
362497 4082
362604 4067
362710 4080
362816 4086
362923 4084
363030 4086
363136 4083
363243 4081
363349 4084
363456 4081
363562 4080
363668 4081
363775 4081
363881 4085
363988 4080
364095 4083
364201 4075
364308 4083
364414 4080
364520 4079
364627 4089
364733 4080
364839 4078
364946 4081
365053 4086
365160 4082
365266 4078
365372 4081
365479 4048
365585 4083
365691 4079
365798 4084
365904 4084
366012 4078
366118 4082
366225 4083
366331 4081
366437 4083
366543 4083
366650 4084
366756 4082
366862 4080
366969 4079
367076 4084
367183 4082
367289 4083
367396 4077
367502 4075
367608 4081
367715 4082
367821 4078
367927 4070
368035 4082
368141 4083
368248 4082
368354 4066
368460 4081
368567 4082
368673 4082
368779 4068
368886 4080
368993 4082
369099 4078
369206 4081
369312 4077
369419 4083
369525 4074
369631 4084
369738 4080
369844 4082
369950 4080
370058 4082
370164 4083
370271 4083
370377 4094
370483 4082
370590 4080
370696 4082
370802 4095
370909 4080
371016 4081
371123 4081
371229 4060
371335 4082
371442 4078
371548 4079
371654 4091
371761 4083
371867 4079
371973 4082
372081 4082
372188 4080
372294 4079
372400 4081
372506 4080
372613 4081
372719 4082
372825 4072
372932 4080
373039 4079
373146 4078
373252 3969
373359 4080
373465 4083
373571 4083
373678 4094
373784 4082
373890 4085
373998 4080
374104 3996
374211 4080
374317 4082
374423 4081
374530 4089
374636 4081
374742 4083
374849 4080
374955 4080
375062 4081
375169 4083
375275 4086
375382 4080
375488 4080
375594 4079
375701 4080
375807 4085
375913 4078
376021 4081
376127 4043
376234 4083
376340 4081
376446 4083
376553 4068
376659 4081
376765 4079
376872 4079
376978 4051
377086 4086
377192 4080
377298 4082
377404 4083
377511 4082
377617 4080
377723 4082
377830 4082
377936 4082
378044 4083
378150 4086
378257 4082
378363 4082
378469 4081
378576 4078
378682 4081
378788 4081
378894 4078
379002 4095
379108 4082
379215 4082
379321 4081
379428 4095
379534 4080
379640 4080
379747 4075
379853 4095
379959 4078
380067 4084
380173 4084
380280 4081
380386 4080
380492 4080
380599 4079
380705 4081
380811 4080
380918 4082
381025 4089
381132 4080
381238 4081
381344 4081
381451 4079
381557 4082
381663 4080
381770 4083
381876 4071
381984 4081
382091 4081
382197 4082
382304 4079
382410 4084
382516 4080
382623 4084
382729 4083
382835 4083
382941 4082
383049 4081
383155 4082
383262 4082
383368 4079
383475 4084
383581 4082
383687 4081
383794 4080
383900 4093
384007 4083
384114 4083
384220 4082
384327 4076
384433 4081
384539 4081
384646 4081
384752 4086
384858 4077
384965 4077
385072 4084
385179 4060
385285 4081
385391 4082
385498 4080
385604 4077
385710 4079
385817 4079
385923 4079
386031 4084
386137 4082
386243 4081
386350 4080
386456 4079
386562 4078
386669 4082
386775 4086
386881 4082
386989 4080
387096 4077
387202 4062
387308 4082
387414 4081
387521 4081
387627 4068
387733 4082
387840 4082
387946 4084
388054 4095
388160 4082
388267 4081
388373 4085
388479 4079
388586 4084
388692 4082
388798 4081
388904 4078
389012 4081
389118 4083
389225 4068
389331 4079
389438 4083
389544 4083
389650 4083
389757 4082
389863 4080
389969 4079
390077 4095
390183 4083
390290 4083
390396 4082
390502 4069
390609 4078
390715 4080
390821 4077
390928 4095
391035 4082
391142 4081
391248 4079
391354 4081
391461 4075
391567 4080
391673 4078
391780 4079
391886 4081
391994 4081
392100 4075
392206 4078
392313 4078
392419 4079
392525 4083
392632 4081
392738 4082
392844 4083
392951 4079
393058 4082
393165 4082
393271 4083
393377 4090
393484 4083
393590 4081
393696 4082
393803 4028
393909 4081
394017 4081
394123 4084
394230 4079
394336 4081
394442 4077
394549 4080
394655 4077
394761 4083
394867 4079
394974 4076
395081 4080
395188 4081
395294 4079
395401 4081
395507 4083
395613 4081
395720 4080
395826 4085
395932 4081
396040 4079
396146 4081
396253 4095
396359 4082
396465 4083
396572 4081
396678 4095
396784 4084
396891 4082
396998 4082
397105 4085
397211 4083
397317 4083
397424 4083
397530 4083
397636 4082
397743 4084
397849 4070
397955 4084
398063 4081
398169 4083
398276 4095
398382 4083
398488 4083
398595 4083
398701 4082
398807 4085
398914 4083
399021 4080
399128 4064
399234 4084
399340 4081
399447 4083
399553 4080
399659 4083
399766 4083
399872 4084
399978 4071
400085 4080
400192 4083
400298 4095
400405 4084
400511 4082
400618 4084
400724 4081
400830 4081
400937 4080
401044 4081
401150 4083
401257 4079
401363 4079
401470 4079
401576 4095
401682 4081
401789 4081
401895 4083
402002 4082
402109 4081
402215 4079
402322 4083
402428 4095
402534 4083
402641 4081
402747 4082
402853 4079
402960 4084
403067 4080
403174 4078
403280 4080
403386 4081
403493 4081
403599 4093
403705 4081
403812 4084
403918 4081
404026 4065
404132 4078
404239 4080
404345 4082
404451 4078
404557 4081
404664 4082
404770 4081
404876 4095
404984 4077
405090 4080
405197 4079
405303 4077
405409 4083
405516 4081
405622 4080
405728 4082
405834 4082
405941 4082
406048 4092
406155 4081
406261 4082
406368 4084
406474 4085
406580 4079
406687 4082
406793 4082
406899 4074
407007 4084
407113 4084
407220 4085
407326 4081
407432 4082
407539 4080
407645 4082
407751 4095
407858 4080
407964 4079
408071 4082
408178 4095
408284 4081
408391 4080
408497 4080
408603 4082
408710 4078
408816 4080
408922 4083
409030 4082
409136 4081
409243 4078
409349 4090
409455 4079
409562 4079
409668 4080
409774 4084
409881 4081
409988 4079
410095 4078
410201 4092
410307 4080
410414 4082
410520 4080
410626 4095
410733 4081
410839 4083
410945 4080
411053 4087
411159 4080
411266 4082
411372 4082
411479 4081
411585 4080
411691 4083
411797 4082
411904 4085
412011 4082
412118 4082
412224 4077
412331 4080
412437 4080
412543 4079
412650 4077
412756 4081
412862 4081
412969 4083
413076 4062
413183 4081
413289 4080
413395 4083
413502 4064
413608 4083
413714 4081
413821 4083
413927 4070
414034 4080
414141 4081
414247 4083
414354 4081
414460 4082
414566 4082
414673 4082
414779 4080
414885 4082
414993 4083
415099 4089
415206 4082
415312 4082
415418 4081
415525 4083
415631 4081
415737 4081
415844 4080
415950 4075
416058 4084
416164 4081
416270 4081
416377 4026
416483 4079
416589 4080
416696 4080
416802 4080
416908 4078
417016 4083
417122 4079
417229 4081
417335 4081
417442 4080
417548 4092
417654 4082
417760 4081
417867 4083
417973 4076
418081 4082
418187 4078
418294 4078
418400 4085
418506 4083
418613 4083
418719 4083
418825 4095
418932 4082
419039 4080
419146 4084
419252 4077
419358 4082
419465 4081
419571 4083
419677 4060
419784 4083
419890 4080
419997 4082
420104 4082
420210 4084
420317 4080
420423 4095
420529 4081
420636 4080
420742 4078
420848 4077
420955 4080
421062 4082
421168 4081
421275 4095
421381 4076
421488 4081
421594 4081
421700 4082
421807 4081
421913 4082
422021 4082
422127 4095
422233 4079
422340 4084
422446 4082
422552 4088
422659 4080
422765 4081
422871 4082
422978 4078
423085 4080
423192 4081
423298 4095
423405 4082
423511 4079
423617 4081
423724 4079
423830 4084
423936 4081
424044 4081
424150 4088
424257 4083
424363 4081
424470 4085
424576 4055
424682 4083
424788 4082
424895 4082
425002 4073
425109 4083
425215 4082
425322 4084
425428 4082
425534 4083
425641 4081
425747 4082
425853 4079
425960 4082
426067 4082
426174 4089
426280 4082
426386 4084
426493 4081
426599 4090
426705 4078
426812 4080
426918 4078
427025 4077
427132 4081
427238 4083
427345 4080
427451 4095
427557 4078
427664 4078
427770 4078
427876 4095
427984 4080
428090 4082
428197 4080
428303 4079
428410 4080
428516 4080
428622 4088
428729 4081
428835 4082
428941 4081
429049 4074
429155 4078
429262 4080
429368 4082
429474 4092
429581 4075
429687 4082
429793 4080
429900 4077
430007 4081
430114 4078
430220 4082
430327 4074
430433 4083
430539 4080
430645 4079
430752 4073
430858 4081
430964 4084
431072 4070
431179 4083
431285 4080
431391 4082
431498 4086
431604 4083
431710 4084
431817 4083
431923 4066
432030 4083
432137 4083
432243 4084
432350 3909
432456 4082
432562 4081
432669 4082
432775 4057
432881 4081
432989 4084
433095 4083
433202 4049
433308 4080
433414 4078
433521 4080
433627 4085
433733 4080
433840 4077
433946 4082
434053 4081
434160 4084
434266 4081
434373 4085
434479 4081
434585 4083
434692 4084
434798 4087
434904 4080
435012 4081
435118 4083
435225 4070
435331 4082
435437 4084
435544 4082
435650 4076
435756 4078
435863 4081
435969 4078
436077 4031
