2 2675
144 2682
251 2691
357 2685
464 2678
570 2680
676 2662
783 2680
889 2680
997 2678
1103 2683
1209 2683
1316 2679
1422 2680
1529 2630
1635 2679
1741 2680
1848 2681
1954 2670
2062 2678
2168 2682
2274 2680
2381 2682
2487 2684
2594 2679
2700 2698
2806 2682
2913 2682
3020 2686
3127 2665
3233 2684
3340 2684
3446 2684
3552 2821
3659 2682
3765 2683
3871 2681
3978 2688
4085 2683
4192 2682
4298 2681
4404 2672
4511 2681
4617 2683
4723 2681
4830 2674
4936 2680
5044 2683
5150 2682
5257 2688
5363 2683
5469 2684
5576 2674
5682 2679
5788 2682
5895 2683
6002 2750
6109 2681
6215 2683
6322 2685
6428 2639
6534 2685
6641 2685
6747 2684
6853 2689
6960 2684
7067 2684
7174 2683
7280 2683
7387 2683
7493 2685
7599 2690
7706 2682
7812 2683
7918 2682
8026 2676
8132 2687
8239 2684
8345 2683
8452 2694
8558 2682
8664 2675
8771 2681
8877 2714
8985 2682
9091 2680
9198 2691
9304 2680
9411 2678
9517 2681
9623 2680
9729 2685
9836 2681
9942 2681
10050 2689
10156 2681
10263 2682
10369 2680
10476 2683
10582 2683
10688 2680
10794 2683
10901 2691
11008 2684
11115 2681
11221 2681
11328 2642
11434 2683
11541 2681
11647 2680
11753 2700
11859 2680
11966 2680
12073 2681
12180 2681
12286 2679
12393 2684
12499 2674
12606 2680
12712 2681
12818 2679
12924 2691
13032 2682
13139 2683
13245 2680
13352 2682
13458 2679
13564 2680
13671 2680
13777 2676
13883 2680
13991 2681
14097 2681
14204 2650
14310 2681
14417 2679
14523 2677
14629 2680
14736 2680
14842 2678
14948 2679
15056 2676
15162 2681
15269 2677
15375 2677
15482 2682
15588 2669
15694 2681
15801 2676
15907 2682
16014 2683
16121 2679
16227 2646
16334 2681
16440 2680
16547 2680
16653 2682
16759 2680
16866 2678
16972 2682
17079 2637
17186 2680
17292 2679
17399 2679
17505 2680
17612 2679
17718 2680
17824 2693
17931 2678
18038 2681
18144 2679
18251 2682
18357 2679
18464 2677
18570 2680
18677 2672
18783 2682
18889 2678
18997 2681
19103 2686
19210 2679
19316 2682
19423 2679
19529 2686
19635 2681
19742 2679
19848 2681
19954 2680
20062 2681
20168 2682
20275 2694
20381 2684
20488 2681
20594 2683
20700 2676
20807 2680
20913 2680
21020 2679
21127 2676
21233 2680
21340 2680
21446 2683
21553 2686
21659 2678
21765 2679
21872 2680
21978 2640
22085 2682
22192 2683
22298 2680
22405 2682
22511 2682
22617 2676
22724 2681
22830 2680
22936 2683
23044 2684
23150 2678
23257 2683
23363 2682
23470 2684
23576 2679
23682 2683
23789 2685
23895 2680
24003 2648
24109 2680
24215 2682
24322 2683
24428 2702
24535 2684
24641 2681
24747 2684
24854 2689
24960 2681
25068 2684
25174 2682
25280 2682
25387 2683
25493 2683
25600 2686
25706 2680
25812 2681
25919 2682
26026 2505
26133 2685
26239 2682
26346 2684
26452 2645
26558 2681
26665 2683
26771 2682
26877 2717
26985 2681
27091 2684
27198 2721
27304 2680
27411 2684
27517 2681
27623 2685
27730 2681
27836 2682
27942 2682
28050 2695
28156 2685
28263 2683
28369 2681
28476 2674
28582 2682
28688 2685
28795 2682
28901 2699
29009 2684
29115 2681
29222 2683
29328 2723
29434 2682
29541 2681
29647 2680
29753 2686
29860 2682
29966 2685
30074 2673
30180 2682
30287 2683
30393 2682
30499 2671
30606 2682
30712 2682
30818 2683
30925 2662
31032 2682
31139 2674
31245 2683
31352 2668
31458 2683
31564 2685
31671 2681
31777 2739
31883 2678
31991 2680
32098 2682
32204 2678
32310 2680
32417 2680
32523 2681
32629 2681
32736 2680
32842 2680
32948 2697
33056 2680
33163 2683
33269 2681
33375 2696
33482 2676
33588 2680
33694 2677
33801 2695
33907 2678
34015 2680
34121 2683
34228 2683
34334 2679
34440 2682
34547 2676
34653 2665
34759 2678
34866 2680
34972 2679
35080 2677
35186 2681
35293 2678
35399 2679
35505 2683
35612 2678
35718 2682
35824 2686
35931 2683
36038 2680
36145 2670
36251 2684
36358 2678
36464 2680
36570 2681
36677 2675
36783 2679
36889 2676
36997 2679
37103 2678
37210 2677
37316 2678
37423 2678
37529 2679
37635 2679
37742 2680
37848 2666
37954 2679
38062 2678
38168 2682
38275 2661
38381 2679
38488 2680
38594 2679
38700 2659
38807 2681
38913 2681
39021 2679
39127 2683
39234 2679
39340 2682
39447 2678
39553 2715
39659 2679
39765 2679
39872 2681
39978 2676
40085 2684
40192 2680
40298 2703
40404 2678
40511 2680
40617 2681
40723 2682
40830 2679
40936 2682
41043 2679
41150 2682
41256 2679
41363 2683
41469 2679
41576 2571
41682 2681
41788 2681
41895 2680
42002 2674
42108 2682
42215 2684
42321 2680
42428 2667
42534 2680
42641 2682
42747 2682
42853 2675
42960 2683
43067 2681
43173 2683
43280 2680
43386 2683
43493 2683
43599 2673
43706 2685
43812 2680
43918 2682
44026 2693
44132 2679
44239 2682
44345 2682
44452 2676
44558 2682
44664 2691
44771 2685
44877 2701
44984 2683
45091 2685
45197 2686
45304 2684
45410 2682
45517 2682
45623 2677
45729 2683
45836 2684
45942 2681
46049 2690
46156 2680
46262 2684
46369 2684
46475 2672
46582 2684
46688 2685
46794 2682
46901 2694
47008 2685
47115 2683
47221 2681
47328 2681
47434 2685
47540 2688
47647 2683
47753 2682
47859 2681
47966 2682
48073 2689
48180 2684
48286 2681
48393 2688
48499 2701
48605 2684
48712 2683
48818 2684
48924 2691
49032 2680
49138 2685
49245 2681
49351 2656
49458 2683
49564 2680
49670 2667
49777 2671
49883 2680
49991 2680
50097 2679
50203 2681
50310 2681
50416 2679
50523 2676
50629 2680
50735 2683
50842 2681
50948 2667
51056 2684
51162 2680
51268 2685
51375 2687
51481 2681
51588 2682
51694 2680
51800 2611
51907 2680
52014 2679
52121 2680
52227 2596
52333 2680
52440 2681
52546 2681
52653 2682
52759 2678
52865 2680
52972 2680
53079 2679
53186 2683
53292 2681
53398 2692
53505 2679
53611 2679
53718 2680
53824 2687
53930 2682
54038 2681
54144 2680
54251 2631
54357 2681
54464 2679
54570 2678
54676 2678
54783 2681
54889 2679
54997 2678
55103 2678
55209 2679
55316 2677
55422 2685
55529 2678
55635 2680
55741 2680
55848 2679
55954 2679
56062 2676
56168 2680
56274 2694
56381 2680
56487 2682
56594 2678
56700 2710
56806 2681
56913 2684
57020 2681
57127 2632
57233 2680
57340 2680
57446 2679
57552 2679
57659 2676
57765 2678
57871 2678
57978 2678
58085 2681
58192 2678
58298 2680
58404 2678
58511 2675
58617 2680
58723 2685
58830 2681
58936 2676
59044 2678
59150 2680
59257 2679
59363 2681
59469 2682
59576 2644
59682 2680
59788 2680
59895 2681
60002 2680
60109 2682
60215 2682
60322 2682
60428 2679
60534 2683
60641 2679
60747 2687
60853 2682
60960 2680
61067 2679
61174 2679
61280 2679
61387 2680
61493 2681
61599 2667
61706 2682
61812 2682
61918 2680
62026 2755
62132 2681
62239 2684
62345 2687
62452 2723
62558 2680
62664 2683
62771 2682
62877 2679
62985 2683
63091 2680
63198 2679
63304 2682
63411 2682
63517 2685
63623 2670
63729 2685
63836 2679
63942 2682
64050 2696
64156 2679
64263 2682
64369 2684
64476 2634
64582 2684
64688 2680
64794 2686
64901 2641
65008 2684
65115 2688
65221 2683
65328 2684
65434 2683
65541 2683
65647 2683
65753 2681
65859 2682
65966 2680
66073 2674
66180 2685
66286 2684
66393 2683
66499 2680
66606 2684
66712 2684
66818 2682
66924 2769
67032 2681
67139 2684
67245 2683
67352 2727
67458 2684
67564 2683
67671 2684
67777 2681
67883 2682
67991 2684
68097 2696
68204 2683
68310 2684
68417 2683
68523 2690
68629 2682
68736 2684
68842 2680
68948 2690
69056 2685
69162 2684
69269 2683
69375 2740
69482 2684
69588 2679
69694 2684
69801 2695
69907 2683
70014 2685
70121 2679
70227 2681
70334 2682
70440 2681
70547 2682
70653 2680
70759 2683
70866 2682
70972 2677
71079 2685
71186 2684
71292 2672
71399 2667
71505 2681
71612 2684
71718 2680
71824 2687
71931 2679
72038 2682
72144 2679
72251 2738
72357 2682
72464 2679
72570 2680
72677 2676
72783 2680
72889 2681
72997 2675
73103 2682
73210 2675
73316 2681
73423 2663
73529 2679
73635 2680
73742 2680
73848 2665
73954 2682
74062 2680
74168 2683
74275 2679
74381 2683
74488 2681
74594 2681
74700 2703
74807 2679
74913 2678
75020 2677
75127 2684
75233 2681
75340 2679
75446 2679
75553 2676
75659 2680
75765 2677
75872 2700
75978 2679
76085 2678
76192 2680
76298 2687
76405 2676
76511 2679
76617 2677
76724 2692
76830 2672
76936 2678
77044 2680
77150 2679
77257 2681
77363 2679
77470 2678
77576 2668
77682 2678
77789 2680
77895 2677
78003 2678
78109 2678
78215 2678
78322 2697
78428 2680
78535 2679
78641 2677
78747 2695
78854 2682
78960 2679
79068 2681
79174 2681
79280 2681
79387 2675
79493 2679
79600 2640
79706 2678
79812 2680
79919 2684
80026 2678
80133 2683
80239 2682
80346 2680
80452 2680
80558 2681
80665 2680
80771 2680
80877 2678
80985 2678
81091 2679
81198 2668
81304 2677
81411 2676
81517 2678
81623 2679
81730 2682
81836 2681
81942 2680
82050 2659
82156 2683
82263 2681
82369 2683
82476 2700
82582 2679
82688 2685
82795 2682
82901 2688
83009 2683
83115 2680
83222 2668
83328 2683
83434 2683
83541 2683
83647 2677
83753 2681
83860 2681
83966 2685
84074 2681
84180 2684
84287 2680
84393 2684
84499 2672
84606 2684
84712 2681
84818 2657
84925 2714
85032 2685
85139 2685
85245 2682
85352 2681
85458 2686
85564 2685
85671 2685
85777 2681
85883 2684
85991 2682
86098 2679
86204 2682
86310 2683
86417 2682
86523 2679
86629 2685
86736 2684
86842 2682
86948 2695
87056 2684
87163 2683
87269 2683
87375 2626
87482 2680
87588 2684
87694 2681
87801 2690
87907 2683
88015 2681
88121 2683
88228 2683
88334 2681
88440 2686
88547 2687
88653 2682
88759 2682
88866 2681
88972 2694
89080 2682
89186 2684
89293 2681
89399 2688
89505 2684
89612 2680
89718 2684
89824 2630
89931 2683
90038 2681
90145 2682
90251 2679
90358 2680
90464 2681
90570 2682
90677 2683
90783 2682
90889 2679
90997 2677
91103 2683
91210 2681
91316 2684
91423 2686
91529 2680
91635 2679
91742 2680
91848 2676
91954 2680
92062 2679
92168 2681
92275 2695
92381 2680
92488 2682
92594 2681
92700 2656
92807 2679
92913 2683
93021 2706
93127 2682
93234 2679
93340 2680
93447 2683
93553 2679
93659 2678
93765 2680
93872 2682
93978 2682
94085 2682
94192 2680
94298 2681
94404 2682
94511 2678
94617 2678
94723 2790
94830 2677
94936 2680
95043 2680
95150 2678
95256 2682
95363 2681
95469 2681
95576 2682
95682 2678
95788 2677
95895 2677
96002 2678
96108 2677
96215 2680
96321 2671
96428 2680
96534 2678
96641 2678
96747 2669
96853 2677
96960 2679
97067 2677
97173 2681
97280 2681
97386 2677
97493 2682
97599 2695
97706 2681
97812 2679
97918 2680
98026 2681
98132 2679
98239 2680
98345 2680
98452 2678
98558 2681
98664 2677
98771 2695
98877 2679
98984 2679
99091 2680
99197 2686
99304 2679
99410 2681
99517 2679
99623 2690
99729 2678
99836 2682
99942 2677
100049 2652
100156 2683
100262 2682
100369 2682
100475 2686
100582 2680
100688 2681
100794 2679
100901 2680
101008 2682
101115 2680
101221 2692
101328 2680
101434 2678
101540 2680
101647 2673
101753 2682
101859 2682
101966 2683
102073 2654
102180 2682
102286 2680
102393 2680
102499 2670
102605 2681
102712 2684
102818 2681
102924 2681
103032 2681
103138 2680
103245 2684
103351 2682
103458 2683
103564 2681
103670 2675
103777 2684
103883 2681
103991 2684
104097 2672
104203 2681
104310 2685
104416 2680
104523 2685
104629 2680
104735 2684
104842 2681
104948 2672
105056 2684
105162 2683
105268 2685
105375 2700
105481 2682
105588 2686
105694 2680
105800 2683
105907 2682
106014 2682
106121 2665
106227 2686
106333 2683
106440 2683
106546 2688
106653 2688
106759 2680
106865 2684
106972 2680
107079 2681
107186 2683
107292 2682
107398 2724
107505 2682
107611 2681
107718 2684
107824 2686
107930 2684
108038 2683
108144 2683
108251 2685
108357 2684
108464 2680
108570 2689
108676 2683
108783 2682
108889 2682
108997 2685
109103 2683
109209 2684
109316 2683
109422 2667
109529 2681
109635 2681
109741 2683
109848 2636
109954 2682
110062 2682
110168 2681
110274 2737
110381 2683
110487 2685
110594 2717
110700 2685
110806 2680
110913 2681
111020 2682
111127 2684
111233 2683
111340 2684
111446 2692
111552 2684
111659 2678
111765 2681
111871 2676
111978 2680
112085 2678
112192 2679
112298 2660
112404 2679
112511 2680
112617 2682
112723 2746
112830 2681
112936 2680
113044 2678
113150 2681
113257 2678
113363 2681
113469 2680
113576 2677
113682 2677
113788 2677
113895 2670
114002 2679
114109 2681
114215 2680
114322 2677
114428 2677
114534 2679
114641 2679
114747 2666
114853 2677
114960 2678
115067 2681
115174 2679
115280 2675
115387 2683
115493 2680
115599 2617
115706 2678
115812 2680
115918 2678
116026 2677
116132 2683
116239 2681
116345 2689
116452 2681
116558 2677
116664 2677
116771 2669
116877 2682
116985 2680
117091 2679
117198 2667
117304 2681
117411 2678
117517 2681
117623 2657
117729 2680
117836 2679
117942 2680
118050 2680
118156 2679
118263 2678
118369 2681
118476 2677
118582 2681
118688 2673
118794 2680
118901 2678
119008 2677
119115 2682
119221 2673
119328 2681
119434 2680
119541 2681
119647 2688
119753 2676
119859 2678
119966 2676
120073 2741
120180 2683
120286 2676
120393 2683
120499 2636
120606 2678
120712 2680
120818 2678
120924 2675
121032 2679
121139 2680
121245 2696
121352 2679
121458 2679
121564 2679
121671 2698
121777 2682
121883 2679
121991 2683
122097 2693
122204 2681
122310 2682
122417 2684
122523 2653
122629 2679
122736 2680
122842 2682
122948 2627
123056 2683
123162 2682
123269 2681
123375 2680
123482 2685
123588 2680
123694 2683
123801 2682
123907 2680
124014 2684
124121 2687
124227 2684
124334 2686
124440 2682
124547 2695
124653 2683
124759 2684
124866 2684
124972 2675
125079 2686
125186 2682
125292 2685
125399 2600
125505 2681
125612 2685
125718 2682
125824 2704
125931 2680
126038 2681
126144 2685
126251 2682
126357 2684
126464 2682
126570 2684
126677 2686
126783 2681
126889 2685
126997 2685
127103 2679
127210 2683
127316 2682
127423 2676
127529 2684
127635 2682
127742 2683
127848 2674
127954 2684
128062 2683
128168 2685
128275 2682
128381 2688
128488 2683
128594 2682
128700 2683
128807 2683
128913 2682
129020 2684
129127 2683
129233 2684
129340 2680
129446 2678
129553 2681
129659 2682
129765 2682
129872 2687
129978 2682
130085 2682
130192 2675
130298 2671
130405 2676
130511 2680
130617 2680
130724 2578
130830 2681
130936 2681
131044 2686
131150 2678
131257 2682
131363 2682
131470 2686
131576 2683
131682 2679
131789 2683
131895 2680
132003 2678
132109 2682
132215 2679
132322 2690
132428 2682
132535 2678
132641 2681
132747 2698
132854 2682
132960 2678
133068 2681
133174 2682
133280 2677
133387 2680
133493 2681
133600 2677
133706 2677
133812 2677
133919 2682
134026 2683
134133 2683
134239 2678
134346 2697
134452 2682
134558 2678
134665 2682
134771 2689
134877 2680
134985 2679
135091 2674
135198 2681
135304 2679
135411 2681
135517 2678
135623 2724
135730 2680
135836 2681
135942 2680
136050 2678
136156 2680
136263 2682
136369 2684
136476 2679
136582 2677
136688 2679
136795 2678
136901 2678
137009 2680
137115 2680
137222 2676
137328 2678
137434 2677
137541 2680
137647 2728
137753 2681
137860 2679
137966 2681
138074 2693
138180 2679
138287 2675
138393 2680
138499 2678
138606 2681
138712 2677
138818 2680
138925 2678
139032 2667
139139 2682
139245 2670
139352 2680
139458 2680
139564 2679
139671 2683
139777 2678
139883 2683
139991 2679
140098 2686
140204 2684
140310 2682
140417 2681
140523 2669
140629 2680
140736 2680
140842 2679
140948 2731
141056 2679
141163 2680
141269 2676
141375 2682
141482 2680
141588 2680
141694 2670
141801 2682
141907 2680
142015 2680
142121 2695
142228 2682
142334 2683
142440 2685
142547 2655
142653 2682
142759 2680
142866 2686
142972 2720
143080 2683
143186 2684
143293 2682
143399 2680
143505 2683
143612 2680
143718 2683
143824 2678
143931 2681
144038 2683
144145 2682
144251 2682
144358 2682
144464 2678
144570 2690
144677 2680
144783 2682
144889 2682
144997 2635
145103 2686
145210 2683
145316 2684
145423 2636
145529 2678
145635 2678
145742 2682
145848 2683
145954 2680
146062 2686
146168 2684
146275 2682
146381 2684
146488 2681
146594 2687
146700 2681
146807 2682
146913 2686
147021 2683
147127 2682
147234 2684
147340 2682
147447 2696
147553 2684
147659 2682
147765 2684
147872 2714
147978 2683
148085 2682
148192 2693
148298 2737
148404 2681
148511 2685
148617 2682
148723 2683
148830 2680
148936 2683
149043 2686
149150 2690
149256 2683
149363 2682
149469 2679
149576 2682
149682 2681
149788 2682
149895 2697
150002 2683
150108 2682
150215 2677
150321 2678
150428 2680
150534 2685
150641 2682
150747 2632
150853 2683
150960 2684
151067 2682
151173 2684
151280 2685
151386 2684
151493 2682
151599 2683
151706 2683
151812 2681
151918 2679
152026 2681
152132 2679
152239 2681
152345 2664
152452 2683
152558 2681
152664 2680
152771 2679
152877 2681
152984 2680
153091 2680
153197 2590
153304 2679
153410 2682
153517 2677
153623 2694
153729 2678
153836 2679
153942 2678
154049 2680
154156 2683
154262 2680
154369 2679
154475 2682
154582 2678
154688 2680
154794 2672
154901 2681
155008 2681
155115 2679
155221 2681
155328 2679
155434 2677
155540 2680
155647 2711
155753 2682
155859 2676
155966 2678
156073 2679
156180 2680
156286 2679
156393 2680
156499 2679
156605 2679
156712 2679
156818 2680
156924 2679
157032 2680
157138 2677
157245 2683
157351 2680
157458 2679
157564 2678
157670 2696
157777 2677
157883 2681
157991 2678
158097 2676
158203 2676
158310 2680
158416 2677
158523 2660
158629 2679
158735 2679
158842 2679
158948 2677
159056 2682
159162 2679
159268 2670
159375 2679
159481 2680
159588 2679
159694 2694
159800 2678
159907 2679
160014 2677
160121 2631
160227 2681
160333 2682
160440 2681
160546 2719
160653 2684
160759 2677
160865 2679
160972 2728
161079 2679
161186 2681
161292 2680
161398 2678
161505 2676
161611 2678
161718 2673
161824 2682
161930 2683
162038 2684
162144 2678
162251 2682
162357 2682
162464 2680
162570 2672
162676 2681
162783 2682
162889 2682
162997 2681
163103 2681
163209 2681
163316 2682
163422 2592
163529 2683
163635 2681
163741 2681
163848 2677
163954 2679
164062 2679
164168 2683
164274 2682
164381 2682
164487 2681
164594 2675
164700 2682
164806 2685
164913 2684
165020 2729
165127 2684
165233 2682
165340 2685
165446 2635
165552 2684
165659 2685
165765 2688
165871 2687
165978 2681
166085 2685
166192 2732
166298 2681
166404 2685
166511 2683
166617 2686
166723 2681
166830 2684
166936 2684
167044 2675
167150 2686
167257 2681
167363 2683
167469 2682
167576 2681
167682 2682
167788 2680
167895 2682
168002 2684
168109 2681
168215 2680
168322 2672
168428 2682
168534 2683
168641 2684
168747 2698
168853 2681
168960 2684
169067 2683
169174 2684
169280 2683
169387 2683
169493 2690
169599 2682
169706 2683
169812 2683
169918 2676
170026 2682
170132 2679
170239 2682
170345 2685
170452 2664
170558 2683
170664 2683
170771 2681
170877 2730
170985 2683
171091 2682
171198 2682
171304 2685
171411 2680
171517 2679
171623 2678
171729 2680
171836 2680
171942 2680
172050 2682
172156 2679
172263 2678
172369 2675
172476 2680
172582 2683
172688 2675
172794 2665
172901 2677
173008 2679
173115 2683
173221 2688
173328 2680
173434 2679
173541 2679
173647 2690
173753 2677
173859 2679
173966 2677
174073 2680
174180 2683
174286 2680
174393 2684
174499 2679
174606 2681
174712 2680
174818 2672
174924 2679
175032 2677
175139 2681
175245 2636
175352 2679
175458 2680
175564 2679
175671 2737
175777 2680
175883 2680
175991 2680
176097 2682
176204 2680
176310 2679
176417 2680
176523 2678
176629 2678
176736 2678
176842 2677
176948 2679
177056 2680
177162 2679
177269 2693
177375 2678
177482 2679
177588 2679
177694 2682
177801 2679
177907 2679
178014 2682
178121 2703
178227 2675
178334 2684
178440 2678
178547 2737
178653 2679
178759 2683
178866 2679
178972 2690
179079 2681
179186 2683
179292 2689
179399 2682
179505 2679
179612 2683
179718 2681
179824 2683
179931 2681
180038 2682
180144 2685
180251 2681
180357 2681
180464 2680
180570 2668
180677 2680
180783 2679
180889 2679
180997 2673
181103 2679
181210 2681
181316 2680
181423 2679
181529 2681
181635 2680
181742 2685
181848 2681
181954 2682
182062 2682
182168 2683
182275 2682
182381 2680
182488 2682
182594 2678
182700 2680
182807 2680
182913 2680
183020 2632
183127 2681
183233 2682
183340 2681
183446 2676
183553 2683
183659 2682
183765 2685
183872 2650
183978 2681
184085 2679
184192 2696
184298 2682
184405 2680
184511 2683
184617 2672
184724 2683
184830 2681
184936 2683
185044 2679
185150 2683
185257 2683
185363 2683
185470 2685
185576 2684
185682 2683
185789 2682
185895 2742
186003 2682
186109 2684
186215 2682
186322 2680
186428 2684
186535 2678
186641 2683
186747 2680
186854 2685
186960 2683
187068 2670
187174 2684
187280 2683
187387 2682
187493 2679
187600 2682
187706 2686
187812 2681
187919 2685
188026 2683
188133 2684
188239 2683
188346 2686
188452 2683
188558 2683
188665 2683
188771 2728
188877 2682
188985 2682
189091 2680
189198 2683
189304 2682
189411 2682
189517 2689
189623 2681
189730 2682
189836 2684
189942 2690
190050 2681
190156 2680
190263 2683
190369 2801
190476 2682
190582 2682
190688 2682
190795 2670
190901 2682
191009 2684
191115 2682
191222 2684
191328 2685
191434 2681
191541 2683
191647 2680
191753 2680
191860 2679
191966 2679
192074 2684
192180 2682
192287 2680
192393 2685
192499 2678
192606 2684
192712 2679
192818 2681
192925 2680
193032 2679
193139 2683
193245 2716
193352 2679
193458 2681
193564 2676
193671 2663
193777 2680
193883 2680
193991 2680
194098 2680
194204 2683
194310 2678
194417 2675
194523 2677
194629 2677
194736 2682
194842 2690
194948 2684
195056 2677
195163 2677
195269 2789
195375 2681
195482 2682
195588 2682
195694 2681
195801 2680
195907 2680
196015 2681
196121 2725
196228 2678
196334 2679
196440 2682
196547 2678
196653 2680
196759 2678
196866 2678
196972 2680
197080 2679
197186 2681
197293 2668
197399 2679
197505 2677
197612 2678
197718 2683
197824 2675
197931 2677
198038 2682
198145 2678
198251 2673
198358 2678
198464 2679
198570 2622
198677 2679
198783 2682
198889 2679
198997 2677
199103 2678
199210 2678
199316 2695
199423 2681
199529 2678
199635 2681
199742 2673
199848 2683
199954 2680
200062 2679
200168 2682
200275 2677
200381 2680
200488 2680
200594 2683
200700 2682
200807 2678
200913 2680
201021 2728
201127 2681
201234 2678
201340 2681
201447 2679
201553 2680
201659 2681
201765 2681
201872 2681
201978 2684
202085 2682
202192 2668
202298 2682
202404 2683
202511 2683
202617 2689
202723 2681
202830 2678
202936 2681
203043 2683
203150 2681
203256 2684
203363 2683
203469 2732
203576 2683
203682 2681
203788 2683
203895 2662
204002 2682
204108 2681
204215 2685
204321 2683
204428 2681
204534 2683
204641 2683
204747 2683
204853 2685
204960 2682
205067 2679
205173 2681
205280 2682
205386 2683
205493 2692
205599 2682
205706 2682
205812 2687
205918 2666
206026 2684
206132 2680
206239 2681
206345 2632
206452 2682
206558 2684
206664 2660
206771 2687
206877 2683
206984 2680
207091 2686
207197 2683
207304 2680
207410 2686
207517 2675
207623 2684
207729 2682
207836 2682
207942 2678
208049 2679
208156 2688
208262 2685
208369 2695
208475 2684
208582 2682
208688 2685
208794 2646
208901 2685
209008 2683
209115 2682
209221 2685
209328 2681
209434 2681
209540 2683
209647 2681
209753 2686
209859 2680
209966 2708
210073 2681
210180 2681
210286 2681
210393 2696
210499 2681
210605 2681
210712 2680
210818 2690
210924 2682
211032 2682
211138 2682
211245 2673
211351 2683
211458 2683
211564 2682
211670 2724
211777 2679
211883 2681
211991 2670
212097 2682
212203 2679
212310 2681
212416 2679
212523 2680
212629 2680
212735 2679
212842 2681
212948 2680
213056 2682
213162 2682
213268 2691
213375 2681
213481 2679
213588 2680
213694 2667
213800 2679
213907 2677
214014 2678
214121 2683
214227 2681
214333 2678
214440 2678
214546 2677
214653 2680
214759 2679
214865 2681
214972 2679
215079 2675
215186 2680
215292 2692
215398 2681
215505 2682
215611 2677
215718 2681
215824 2680
215930 2681
216038 2683
216144 2682
216251 2680
216357 2680
216464 2681
216570 2688
216676 2679
216783 2677
216889 2679
216997 2678
217103 2679
217209 2679
217316 2667
217422 2680
217529 2681
217635 2679
217741 2674
217848 2680
217954 2676
218062 2679
218168 2681
218274 2681
218381 2678
218487 2680
218594 2707
218700 2679
218806 2679
218913 2680
219020 2679
219127 2680
219233 2680
219340 2681
219446 2678
219552 2681
219659 2681
219765 2685
219871 2682
219978 2682
220085 2682
220192 2636
220298 2679
220404 2682
220511 2680
220617 2697
220723 2679
220830 2680
220936 2682
221044 2675
221150 2683
221257 2681
221363 2681
221469 2757
221576 2680
221682 2684
221788 2680
221895 2695
222002 2683
222109 2680
222215 2696
222322 2681
222428 2681
222534 2685
222641 2670
222747 2684
222853 2678
222960 2681
223067 2669
223174 2681
223280 2685
223387 2681
223493 2686
223599 2680
223706 2681
223812 2685
223918 2639
224026 2682
224132 2682
224239 2680
224345 2684
224452 2679
224558 2682
224664 2681
224771 2683
224877 2682
224985 2684
225091 2679
225198 2683
225304 2684
225411 2681
225517 2672
225623 2673
225729 2679
225836 2683
225942 2679
226050 2685
226156 2684
226263 2680
226369 2679
226476 2682
226582 2683
226688 2683
226794 2629
226901 2682
227008 2677
227115 2683
227221 2683
227328 2682
227434 2682
227541 2675
227647 2686
227753 2681
227859 2684
227966 2684
228073 2681
228180 2685
228286 2684
228393 2661
228499 2684
228606 2681
228712 2685
228818 2631
228924 2684
229032 2684
229139 2681
229245 2682
229352 2682
229458 2683
229564 2684
229671 2679
229777 2680
229883 2682
229991 2679
230097 2681
230204 2682
230310 2682
230417 2673
230523 2683
230629 2680
230736 2681
230842 2682
230948 2682
231056 2682
231162 2680
231269 2644
231375 2682
231482 2682
231588 2681
231694 2659
231801 2682
231907 2680
232014 2681
232121 2681
232227 2681
232334 2683
232440 2691
232547 2682
232653 2681
232759 2681
232866 2691
232972 2681
233079 2682
233186 2680
233292 2766
233399 2682
233505 2678
233612 2682
233718 2703
233824 2682
233931 2681
234038 2678
234144 2681
234251 2680
234357 2682
234464 2681
234570 2677
234677 2680
234783 2676
234889 2678
234997 2680
235103 2679
235210 2681
235316 2677
235423 2682
235529 2682
235635 2680
235742 2682
235848 2679
235954 2677
236062 2679
236168 2681
236275 2682
236381 2678
236488 2676
236594 2687
236700 2678
236807 2680
236913 2679
237020 2680
237127 2678
237233 2679
237340 2672
237446 2680
237553 2680
237659 2677
237765 2696
237872 2680
237978 2678
238085 2680
238192 2736
238298 2682
238405 2676
238511 2679
238617 2694
238724 2679
238830 2680
238936 2681
239044 2638
239150 2681
239257 2679
239363 2680
239470 2677
239576 2679
239682 2678
239789 2678
239895 2681
240003 2678
240109 2684
240215 2679
240322 2678
240428 2681
240535 2678
240641 2697
240747 2678
240854 2680
240960 2678
241068 2728
241174 2681
241280 2677
241387 2680
241493 2750
241600 2680
241706 2683
241812 2676
241919 2689
242026 2682
242133 2682
242239 2684
242346 2684
242452 2681
242558 2686
242665 2680
242771 2685
242877 2679
242985 2679
243091 2685
243198 2680
243304 2686
243411 2683
243517 2684
243623 2683
243730 2681
243836 2685
243942 2654
244050 2682
244156 2681
244263 2680
244369 2678
244476 2681
244582 2682
244688 2684
244795 2682
244901 2682
245009 2684
245115 2687
245222 2680
245328 2681
245434 2682
245541 2662
245647 2683
245753 2683
245860 2680
245966 2720
246074 2684
246180 2685
246287 2685
246393 2674
246499 2681
246606 2686
246712 2682
246818 2713
246925 2683
247032 2677
247139 2683
247245 2682
247352 2684
247458 2684
247564 2690
247671 2698
247777 2684
247883 2684
247991 2675
248098 2682
248204 2683
248310 2684
248417 2656
248523 2685
248629 2681
248736 2683
248842 2662
248948 2687
249056 2684
249163 2682
249269 2680
249375 2682
249482 2683
249588 2683
249694 2680
249801 2680
249907 2681
250015 2685
250121 2680
250228 2681
250334 2683
250440 2680
250547 2683
250653 2685
250759 2683
250866 2668
250972 2683
251080 2683
251186 2682
251293 2636
251399 2683
251505 2683
251612 2682
251718 2682
251824 2683
251931 2679
252038 2681
252145 2681
252251 2680
252358 2678
252464 2695
252570 2681
252677 2678
252783 2679
252889 2675
252997 2678
253103 2680
253210 2680
253316 2678
253423 2681
253529 2677
253635 2682
253742 2682
253848 2682
253954 2679
254062 2679
254168 2682
254275 2679
254381 2682
254488 2679
254594 2680
254700 2681
254807 2675
254913 2677
255021 2681
255127 2680
255234 2680
255340 2673
255447 2678
255553 2679
255659 2680
255765 2671
255872 2677
255978 2679
256085 2677
256192 2695
256298 2680
256404 2678
256511 2682
256617 2641
256723 2679
256830 2678
256936 2682
257043 2680
257150 2677
257256 2681
257363 2680
257469 2678
257576 2678
257682 2678
257788 2681
257895 2676
258002 2678
258108 2682
258215 2682
258321 2682
258428 2679
258534 2681
258641 2680
258747 2680
258853 2681
258960 2676
259067 2634
259173 2680
259280 2679
259386 2681
259493 2651
259599 2681
259706 2681
259812 2680
259918 2688
260026 2682
260132 2682
260239 2688
260345 2682
260452 2678
260558 2682
260664 2684
260771 2670
260877 2676
260984 2674
261091 2663
261197 2683
261304 2678
261410 2679
261517 2739
261623 2681
261729 2682
261836 2682
261942 2742
262049 2678
262156 2682
262262 2684
262369 2680
262475 2684
262582 2684
262688 2685
262794 2684
262901 2683
263008 2682
263115 2669
263221 2684
263328 2685
263434 2682
263540 2680
263647 2681
263753 2685
263859 2681
263966 2691
264073 2682
264180 2681
264286 2685
264393 2688
264499 2680
264605 2685
264712 2680
264818 2677
264924 2682
265032 2682
265138 2685
265245 2681
265351 2686
265458 2687
265564 2685
265670 2683
265777 2681
265883 2684
265991 2684
266097 2684
266203 2683
266310 2684
266416 2686
266523 2682
266629 2683
266735 2683
266842 2673
266948 2682
267056 2683
267162 2686
267268 2682
267375 2683
267481 2680
267588 2683
267694 2684
267800 2683
267907 2682
268014 2664
268121 2684
268227 2685
268333 2683
268440 2698
268546 2681
268653 2685
268759 2683
268865 2697
268972 2682
269079 2679
269186 2673
269292 2682
269398 2684
269505 2683
269611 2680
269718 2615
269824 2680
269930 2684
270038 2682
270144 2682
270251 2682
270357 2682
270464 2674
270570 2686
270676 2678
270783 2684
270889 2692
270997 2681
271103 2684
271209 2681
271316 2788
271422 2681
271529 2682
271635 2680
271741 2628
271848 2680
271954 2676
272062 2681
272168 2680
272274 2677
272381 2679
272487 2679
272594 2681
272700 2680
272806 2680
272913 2678
273020 2678
273127 2685
273233 2677
273340 2671
273446 2680
273552 2679
273659 2680
273765 2681
273871 2683
273978 2680
274085 2681
274192 2685
274298 2678
274404 2680
274511 2674
274617 2682
274723 2677
274830 2676
274936 2676
275044 2676
275150 2684
275257 2681
275363 2700
275469 2681
275576 2679
275682 2680
275788 2678
275895 2680
276002 2680
276109 2675
276215 2697
276322 2680
276428 2673
276534 2678
276641 2672
276747 2681
276853 2676
276960 2682
277067 2573
277174 2678
277280 2682
277387 2683
277493 2678
277599 2679
277706 2670
277812 2681
277918 2678
278026 2682
278132 2680
278239 2684
278345 2677
278452 2680
278558 2679
278664 2687
278771 2676
278877 2678
278985 2679
279091 2749
279198 2680
279304 2679
279411 2678
279517 2670
279623 2684
279729 2681
279836 2679
279942 2621
280050 2679
280156 2682
280263 2662
280369 2681
280476 2678
280582 2681
280688 2676
280794 2680
280901 2676
281008 2677
281115 2675
281221 2680
281328 2680
281434 2681
281541 2693
281647 2681
281753 2684
281859 2685
281966 2673
282073 2680
282180 2684
282286 2682
282393 2677
282499 2684
282606 2681
282712 2682
282818 2680
282924 2682
283032 2682
283139 2681
283245 2683
283352 2683
283458 2680
283564 2704
283671 2681
283777 2683
283883 2679
283991 2654
284097 2682
284204 2681
284310 2684
284417 2698
284523 2685
284629 2683
284736 2681
284842 2693
284948 2681
285056 2683
285162 2683
285269 2683
285375 2683
285482 2681
285588 2680
285694 2682
285801 2680
285907 2687
286014 2694
286121 2683
286227 2682
286334 2691
286440 2681
286547 2683
286653 2687
286759 2684
286866 2717
286972 2684
287079 2684
287186 2680
287292 2677
287399 2686
287505 2682
287612 2684
287718 2681
287824 2684
287931 2683
288038 2676
288144 2682
288251 2682
288357 2681
288464 2667
288570 2681
288677 2682
288783 2679
288889 2693
288997 2683
289103 2681
289210 2684
289316 2682
289423 2681
289529 2682
289635 2681
289742 2749
289848 2678
289954 2679
290062 2683
290168 2679
290275 2687
290381 2683
290488 2686
290594 2682
290700 2681
290807 2685
290913 2684
291020 2681
291127 2681
291233 2681
291340 2665
291446 2681
291553 2680
291659 2678
291765 2672
291872 2683
291978 2681
292085 2682
292192 2682
292298 2681
292405 2681
292511 2681
292617 2681
292724 2679
292830 2681
292936 2681
293044 2681
293150 2682
293257 2677
293363 2694
293470 2677
293576 2685
293682 2679
293789 2698
293895 2679
294003 2678
294109 2682
294215 2671
294322 2682
294428 2679
294535 2677
294641 2747
294747 2679
294854 2678
294960 2678
295068 2675
295174 2682
295280 2678
295387 2681
295493 2681
295600 2678
295706 2681
295812 2688
295919 2680
296026 2679
296133 2679
296239 2668
296346 2680
296452 2679
296558 2680
296665 2711
296771 2679
296877 2677
296985 2678
297091 2671
297198 2679
297304 2679
297411 2679
297517 2680
297623 2678
297730 2678
297836 2679
297942 2675
298050 2678
298156 2680
298263 2679
298369 2670
298476 2679
298582 2681
298688 2680
298795 2700
298901 2679
299009 2680
299115 2681
299222 2680
299328 2682
299434 2679
299541 2665
299647 2682
299753 2681
299860 2682
299966 2686
300074 2689
300180 2682
300287 2682
300393 2683
300499 2677
300606 2680
300712 2660
300818 2681
300925 2685
301032 2678
301139 2681
301245 2680
301352 2680
301458 2683
301564 2607
301671 2682
301777 2680
301883 2683
301991 2646
302098 2681
302204 2681
302310 2682
302417 2682
302523 2684
302629 2679
302736 2683
302842 2679
302948 2684
303056 2684
303163 2680
303269 2683
303375 2684
303482 2682
303588 2683
303694 2682
303801 2683
303907 2679
304015 2691
304121 2681
304228 2682
304334 2683
304440 2621
304547 2681
304653 2683
304759 2684
304866 2681
304972 2680
305080 2683
305186 2697
305293 2683
305399 2684
305505 2681
305612 2676
305718 2682
305824 2686
305931 2684
306038 2677
306145 2685
306251 2683
306358 2684
306464 2742
306570 2684
306677 2683
306783 2684
306889 2676
306997 2680
307103 2685
307210 2683
307316 2680
307423 2685
307529 2679
307635 2683
307742 2681
307848 2681
307954 2681
308062 2679
308168 2687
308275 2683
308381 2682
308488 2679
308594 2681
308700 2682
308807 2680
308913 2676
309021 2684
309127 2682
309234 2682
309340 2679
309447 2680
309553 2682
309659 2681
309765 2712
309872 2680
309978 2681
310085 2681
310192 2679
310298 2683
310404 2679
310511 2684
310617 2683
310723 2684
310830 2681
310936 2683
311043 2684
311150 2682
311256 2681
311363 2681
311469 2682
311576 2681
311682 2681
311788 2681
311895 2679
312002 2678
312108 2682
312215 2675
312321 2683
312428 2681
312534 2679
312641 2670
312747 2679
312853 2681
312960 2678
313067 2682
313173 2680
313280 2679
313386 2661
313493 2680
313599 2680
313706 2676
313812 2681
313918 2680
314026 2679
314132 2682
314239 2700
314345 2681
314452 2678
314558 2685
314664 2671
314771 2680
314877 2676
314984 2678
315091 2701
315197 2680
315304 2679
315410 2685
315517 2679
315623 2680
315729 2678
315836 2679
315942 2678
316049 2679
316156 2679
316262 2679
316369 2681
316475 2679
316582 2677
316688 2668
316794 2679
316901 2680
317008 2682
317115 2714
317221 2679
317328 2678
317434 2683
317540 2617
317647 2677
317753 2678
317859 2681
317966 2697
318073 2682
318180 2677
318286 2666
318393 2681
318499 2680
318605 2683
318712 2685
318818 2680
318924 2679
319032 2677
319138 2681
319245 2679
319351 2680
319458 2680
319564 2676
319670 2680
319777 2680
319883 2682
319991 2682
320097 2685
320203 2682
320310 2680
320416 2623
320523 2677
320629 2679
320735 2677
320842 2678
320948 2684
321056 2679
321162 2680
321268 2679
321375 2681
321481 2678
321588 2681
321694 2681
321800 2682
321907 2681
322014 2637
322121 2682
322227 2680
322333 2683
322440 2685
322546 2684
322653 2682
322759 2683
322865 2688
322972 2683
323079 2679
323186 2693
323292 2684
323398 2683
323505 2683
323611 2681
323718 2683
323824 2683
323930 2682
324038 2694
324144 2682
324251 2680
324357 2684
324464 2677
324570 2683
324676 2681
324783 2684
324889 2720
324997 2680
325103 2685
325209 2680
325316 2682
325422 2681
325529 2681
325635 2684
325741 2681
325848 2686
325954 2679
326062 2677
326168 2685
326274 2682
326381 2683
326487 2694
326594 2683
326700 2682
326806 2682
326913 2691
327020 2684
327127 2683
327233 2684
327340 2682
327446 2684
327552 2681
327659 2684
327765 2749
327871 2680
327978 2683
328085 2685
328192 2690
328298 2682
328404 2683
328511 2688
328617 2684
328723 2681
328830 2682
328936 2678
329044 2682
329150 2682
329257 2682
329363 2681
329469 2683
329576 2681
329682 2683
329788 2666
329895 2683
330002 2684
330109 2680
330215 2689
330322 2683
330428 2681
330534 2685
330641 2680
330747 2682
330853 2681
330960 2682
331067 2685
331174 2681
331280 2682
331387 2673
331493 2681
331599 2684
331706 2677
331812 2669
331918 2679
332026 2681
332132 2683
332239 2669
332345 2680
332452 2678
332558 2680
332664 2654
332771 2678
332877 2681
332985 2678
333091 2682
333198 2681
333304 2684
333411 2690
333517 2679
333623 2681
333729 2680
333836 2692
333942 2680
334050 2678
334156 2683
334263 2684
334369 2678
334476 2678
334582 2680
334688 2655
334794 2679
334901 2678
335008 2677
335115 2682
335221 2681
335328 2679
335434 2682
335541 2681
335647 2679
335753 2678
335859 2681
335966 2679
336073 2676
336180 2682
336286 2663
336393 2678
336499 2682
336606 2678
336712 2691
336818 2679
336924 2682
337032 2680
337139 2679
337245 2679
337352 2681
337458 2677
337564 2652
337671 2679
337777 2682
337883 2678
337991 2676
338097 2680
338204 2678
338310 2680
338417 2678
338523 2679
338629 2681
338736 2690
338842 2681
338948 2679
339056 2678
339162 2682
339269 2679
339375 2683
339482 2679
339588 2750
339694 2679
339801 2679
339907 2684
340014 2700
340121 2683
340227 2681
340334 2682
340440 2678
340547 2680
340653 2681
340759 2680
340866 2681
340972 2682
341079 2680
341186 2683
341292 2679
341399 2680
341505 2682
341612 2677
341718 2683
341824 2682
341931 2682
342038 2688
342144 2681
342251 2684
342357 2680
342464 2687
342570 2682
342677 2683
342783 2681
342889 2674
342997 2682
343103 2683
343210 2684
343316 2682
343423 2680
343529 2682
343635 2665
343742 2682
343848 2682
343954 2679
344062 2676
344168 2683
344275 2684
344381 2685
344488 2663
344594 2687
344700 2682
344807 2681
344913 2682
345020 2684
345127 2686
345233 2684
345340 2670
345446 2683
345553 2680
345659 2684
345765 2682
345872 2684
345978 2682
346085 2670
346192 2683
346298 2684
346405 2683
346511 2666
346617 2681
346724 2682
346830 2682
346936 2679
347044 2683
347150 2683
347257 2682
347363 2731
347470 2682
347576 2678
347682 2686
347789 2688
347895 2683
348003 2684
348109 2685
348215 2684
348322 2686
348428 2683
348535 2693
348641 2681
348747 2686
348854 2681
348960 2698
349068 2680
349174 2682
349280 2683
349387 2676
349493 2685
349600 2682
349706 2683
349812 2764
349919 2682
350026 2684
350133 2680
350239 2783
350346 2680
350452 2682
350558 2682
350665 2680
350771 2682
350877 2681
350985 2671
351091 2681
351198 2682
351304 2682
351411 2678
351517 2681
351623 2683
351730 2677
351836 2682
351942 2679
352050 2679
352156 2683
352263 2641
352369 2680
352476 2680
352582 2681
352688 2726
352795 2677
352901 2679
353009 2681
353115 2682
353222 2678
353328 2682
353434 2674
353541 2676
353647 2681
353753 2682
353860 2681
353966 2680
354074 2677
354180 2680
354287 2661
354393 2683
354499 2680
354606 2682
354712 2642
354818 2679
354925 2679
355032 2676
355139 2682
355245 2680
355352 2680
355458 2682
355564 2651
355671 2682
355777 2680
355883 2681
355991 2684
356098 2678
356204 2680
356310 2676
356417 2673
356523 2682
356629 2677
356736 2677
356842 2678
356948 2679
357056 2679
357163 2680
357269 2680
357375 2679
357482 2677
357588 2683
357694 2677
357801 2680
357907 2675
358015 2675
358121 2681
358228 2679
358334 2682
358440 2680
358547 2680
358653 2679
358759 2667
358866 2681
358972 2680
359080 2681
359186 2689
359293 2678
359399 2679
359505 2679
359612 2642
359718 2680
359824 2680
359931 2682
360038 2695
360145 2684
360251 2679
360358 2685
360464 2680
360570 2680
360677 2682
360783 2680
360889 2677
360997 2677
361103 2680
361210 2684
361316 2680
361423 2680
361529 2679
361635 2694
361742 2682
361848 2681
361954 2681
362062 2685
362168 2683
362275 2682
362381 2678
362488 2630
362594 2679
362700 2682
362807 2685
362913 2626
363021 2679
363127 2681
363234 2681
363340 2682
363447 2682
363553 2683
363659 2674
363765 2683
363872 2681
363978 2682
364085 2684
364192 2681
364298 2684
364404 2679
364511 2697
364617 2684
364723 2683
364830 2686
364936 2685
365043 2688
365150 2683
365256 2683
365363 2666
365469 2680
365576 2685
365682 2683
365788 2738
365895 2683
366002 2681
366108 2685
366215 2683
366321 2682
366428 2687
366534 2677
366641 2685
366747 2683
366853 2684
366960 2671
367067 2682
367173 2683
367280 2684
367386 2679
367493 2682
367599 2681
367706 2684
367812 2674
367918 2683
368026 2688
368132 2683
368239 2686
368345 2683
368452 2682
368558 2682
368664 2685
368771 2684
368877 2680
368984 2687
369091 2682
369197 2683
369304 2683
369410 2673
369517 2682
369623 2680
369729 2681
369836 2690
369942 2680
370049 2681
370156 2681
370262 2668
370369 2683
370475 2684
370582 2681
370688 2684
370794 2683
370901 2683
371008 2685
371115 2684
371221 2683
371328 2684
371434 2665
371540 2683
371647 2678
371753 2681
371859 2681
371966 2680
372073 2682
372180 2680
372286 2669
372393 2681
372499 2681
372605 2684
372712 2678
372818 2682
372924 2680
373032 2677
373138 2682
373245 2679
373351 2680
373458 2680
373564 2680
373670 2682
373777 2676
373883 2682
373991 2681
374097 2680
374203 2683
374310 2686
374416 2678
374523 2677
374629 2676
374735 2667
374842 2676
374948 2678
375056 2677
375162 2679
375268 2680
375375 2678
375481 2680
375588 2681
375694 2681
375800 2679
375907 2680
376014 2680
376121 2678
376227 2680
376333 2681
376440 2679
376546 2679
376653 2680
376759 2673
376865 2679
376972 2680
377079 2679
377186 2677
377292 2679
377398 2679
377505 2682
377611 2661
377718 2679
377824 2677
377930 2677
378038 2627
378144 2682
378251 2680
378357 2681
378464 2678
378570 2680
378676 2678
378783 2682
378889 2680
378997 2678
379103 2682
379209 2686
379316 2681
379422 2682
379529 2677
379635 2671
379741 2680
379848 2682
379954 2680
380062 2686
380168 2682
380274 2677
380381 2682
380487 2696
380594 2678
380700 2681
380806 2679
380913 2670
381020 2680
381127 2680
381233 2688
381340 2692
381446 2680
381552 2681
381659 2691
381765 2679
381871 2681
381978 2682
382085 2676
382192 2690
382298 2680
382404 2683
382511 2767
382617 2677
382723 2683
382830 2683
382936 2704
383044 2686
383150 2681
383257 2683
383363 2748
383469 2685
383576 2682
383682 2683
383788 2683
383895 2682
384002 2684
384109 2679
384215 2682
384322 2684
384428 2679
384534 2676
384641 2683
384747 2684
384853 2683
384960 2684
385067 2684
385174 2684
385280 2684
385387 2749
385493 2683
385599 2684
385706 2680
385812 2626
385918 2682
386026 2683
386132 2686
386239 2683
386345 2683
386452 2684
386558 2687
386664 2685
386771 2682
386877 2682
386985 2680
387091 2683
387198 2686
387304 2682
387411 2700
387517 2682
387623 2682
387729 2683
387836 2624
387942 2686
388050 2612
388156 2684
388263 2686
388369 2682
388476 2683
388582 2681
388688 2683
388794 2682
388901 2684
389008 2674
389115 2681
389221 2684
389328 2682
389434 2664
389541 2682
389647 2681
389753 2680
389859 2672
389966 2683
390073 2678
390180 2668
390286 2636
390393 2681
390499 2681
390606 2682
390712 2692
390818 2683
390924 2684
391032 2684
391139 2683
391245 2681
391352 2682
391458 2691
391564 2683
391671 2681
391777 2682
391883 2690
391991 2680
392097 2682
392204 2681
392310 2683
392417 2679
392523 2680
392629 2682
392736 2709
392842 2682
392948 2681
393056 2680
393162 2679
393269 2680
393375 2681
393482 2682
393588 2680
393694 2681
393801 2677
393907 2679
394014 2680
394121 2680
394227 2680
394334 2679
394440 2682
394547 2681
394653 2677
394759 2685
394866 2692
394972 2680
395079 2680
395186 2732
395292 2680
395399 2679
395505 2679
395612 2728
395718 2688
395824 2680
395931 2678
396038 2678
396144 2677
396251 2681
396357 2680
396464 2679
396570 2678
396677 2681
396783 2684
396889 2678
396997 2680
397103 2679
397210 2658
397316 2684
397423 2678
397529 2678
397635 2658
397742 2680
397848 2678
397954 2679
398062 2682
398168 2677
398275 2680
398381 2680
398488 2678
398594 2685
398700 2676
398807 2679
398913 2677
399020 2678
399127 2683
399233 2691
399340 2681
399446 2680
399553 2680
399659 2675
399765 2678
399872 2680
399978 2677
400085 2671
400192 2682
400298 2678
400405 2679
400511 2717
400617 2680
400724 2679
400830 2676
400936 2652
401044 2680
401150 2680
401257 2680
401363 2683
401470 2678
401576 2592
401682 2675
401789 2680
401895 2680
402003 2680
402109 2683
402215 2683
402322 2682
402428 2683
402535 2688
402641 2681
402747 2682
402854 2683
402960 2692
403068 2682
403174 2682
403280 2683
403387 2808
403493 2685
403600 2682
403706 2682
403812 2682
403919 2681
404026 2683
404133 2681
404239 2682
404346 2682
404452 2682
404558 2689
404665 2681
404771 2686
404877 2678
404985 2603
405091 2686
405198 2681
405304 2682
405411 2643
405517 2679
405623 2683
405730 2679
405836 2685
405942 2681
406050 2679
406156 2685
406263 2680
406369 2682
406476 2682
406582 2668
406688 2685
406795 2682
406901 2683
407009 2676
407115 2683
407222 2683
407328 2683
407434 2694
407541 2682
407647 2683
407753 2683
407860 2786
407966 2683
408074 2682
408180 2679
408287 2691
408393 2683
408499 2683
408606 2683
408712 2685
408818 2683
408925 2683
409032 2666
409139 2681
409245 2683
409352 2681
409458 2671
409564 2680
409671 2679
409777 2677
409883 2669
409991 2682
410098 2680
410204 2680
410310 2633
410417 2682
410523 2681
410629 2682
410736 2714
410842 2682
410948 2683
411056 2685
411163 2680
411269 2684
411375 2683
411482 2680
411588 2680
411694 2681
411801 2681
411907 2691
412015 2680
412121 2682
412228 2678
412334 2683
412440 2681
412547 2681
412653 2681
412759 2725
412866 2681
412972 2680
413080 2632
413186 2668
413293 2677
413399 2678
413505 2681
413612 2686
413718 2680
413824 2680
413931 2684
414038 2681
414145 2682
414251 2679
414358 2696
414464 2679
414570 2681
414677 2678
414783 2681
414889 2677
414997 2678
415103 2682
415210 2657
415316 2680
415423 2678
415529 2678
415635 2725
415742 2676
415848 2680
415954 2677
416062 2676
416168 2679
416275 2680
416381 2678
416488 2679
416594 2677
416700 2678
416807 2697
416913 2681
417021 2678
417127 2677
417234 2669
417340 2680
417447 2680
417553 2681
417659 2676
417765 2680
417872 2676
417978 2679
418085 2630
418192 2678
418298 2680
418404 2676
418511 2679
418617 2680
418723 2679
418830 2681
418936 2680
419043 2681
419150 2679
419256 2678
419363 2680
419469 2680
419576 2681
419682 2689
419788 2679
419895 2680
420002 2680
420108 2696
420215 2682
420321 2681
420428 2682
420534 2823
420641 2680
420747 2678
420853 2678
420960 2687
421067 2679
421173 2683
421280 2678
421386 2684
421493 2681
421599 2680
421706 2683
421812 2681
421918 2683
422026 2681
422132 2679
422239 2686
422345 2682
422452 2679
422558 2677
422664 2680
422771 2686
422877 2681
422984 2675
423091 2682
423197 2683
423304 2686
423410 2632
423517 2685
423623 2681
423729 2681
423836 2683
423942 2680
424049 2683
424156 2680
424262 2680
424369 2682
424475 2683
424582 2676
424688 2681
424794 2682
424901 2679
425008 2678
425115 2686
425221 2681
425328 2683
425434 2643
425540 2684
425647 2683
425753 2683
425859 2696
425966 2682
426073 2683
426180 2682
426286 2684
426393 2681
426499 2680
426605 2685
426712 2670
426818 2684
426924 2680
427032 2677
427138 2686
427245 2682
427351 2682
427458 2690
427564 2678
427670 2682
427777 2682
427883 2688
427991 2684
428097 2682
428203 2682
428310 2679
428416 2683
428523 2683
428629 2681
428735 2692
428842 2681
428948 2683
429056 2682
429162 2681
429268 2681
429375 2683
429481 2669
429588 2681
429694 2679
429800 2683
429907 2666
430014 2679
430121 2682
430227 2681
430333 2678
430440 2681
430546 2683
430653 2681
430759 2703
430865 2683
430972 2682
431079 2682
431186 2726
431292 2685
431398 2679
431505 2682
431611 2681
431718 2681
431824 2680
431930 2682
432038 2680
432144 2680
432251 2680
432357 2674
432464 2676
432570 2681
432676 2681
432783 2684
432889 2680
432997 2676
433103 2680
433209 2672
433316 2680
433422 2678
433529 2678
433635 2720
433741 2679
433848 2682
433954 2678
434062 2679
434168 2681
434274 2678
434381 2679
434487 2679
434594 2680
434700 2680
434806 2665
434913 2679
435020 2678
435127 2678
435233 2694
435340 2680
435446 2682
435552 2682
435659 2619
435765 2681
435871 2680
435978 2681
436085 2665
436192 2682
