1 1140
107 1125
214 1087
320 1123
426 1122
533 1124
639 1092
745 1123
852 1128
959 1124
1065 1125
1172 1123
1278 1124
1384 1124
1491 1123
1597 1126
1704 1126
1810 1140
1917 1128
2024 1125
2130 1120
2236 1128
2343 1122
2449 1123
2556 1123
2662 1101
2768 1123
2875 1123
2982 1123
3088 1161
3195 1119
3301 1123
3407 1124
3514 1118
3620 1122
3727 1122
3833 1121
3940 1171
4047 1123
4153 1121
4259 1121
4366 1121
4472 1119
4579 1125
4685 1104
4791 1123
4898 1124
5005 1122
5111 1105
5218 1119
5324 1123
5430 1122
5537 1133
5643 1121
5750 1120
5856 1124
5964 1127
6070 1122
6176 1122
6282 1122
6389 1119
6495 1120
6602 1123
6708 1124
6814 1081
6921 1123
7028 1120
7134 1123
7241 1120
7347 1120
7453 1123
7560 1132
7666 1122
7773 1118
7879 1118
7987 1114
8093 1121
8199 1122
8305 1123
8412 1123
8518 1118
8625 1118
8731 1120
8837 1161
8944 1121
9051 1121
9158 1119
9264 1133
9371 1118
9477 1118
9583 1121
9690 1115
9796 1122
9903 1120
10010 1118
10116 1121
10222 1119
10329 1122
10435 1116
10542 1120
10648 1118
10755 1123
10861 1125
10969 1122
11075 1126
11181 1120
11287 1058
11394 1121
11500 1124
11606 1120
11713 1065
11819 1121
11926 1122
12033 1118
12139 1133
12245 1118
12352 1121
12458 1125
12565 1127
12671 1123
12778 1122
12884 1124
12992 1125
13098 1123
13204 1124
13310 1128
13417 1122
13523 1126
13629 1122
13736 1128
13842 1122
13950 1129
14056 1123
14163 1053
14269 1128
14375 1123
14482 1122
14588 1142
14695 1123
14801 1130
14908 1123
15015 1125
15121 1126
15227 1127
15334 1126
15440 1128
15547 1128
15653 1125
15759 1147
15866 1126
15973 1124
16080 1125
16186 1113
16292 1128
16398 1125
16505 1126
16611 1132
16718 1124
16824 1128
16931 1122
17038 1134
17144 1126
17250 1127
17357 1126
17463 1103
17570 1127
17676 1122
17782 1125
17889 1034
17996 1126
18103 1133
18209 1124
18315 1125
18421 1126
18528 1125
18634 1120
18741 1123
18847 1124
18955 1124
19061 1125
19167 1122
19273 1126
19380 1126
19486 1114
19593 1126
19699 1126
19805 1124
19912 1044
20019 1122
20126 1125
20232 1126
20338 1129
20444 1125
20551 1124
20657 1123
20764 1168
20870 1122
20978 1122
21084 1135
21190 1124
21296 1124
21403 1120
21509 1122
21616 1125
21722 1126
21828 1119
21935 1128
22042 1126
22149 1113
22255 1125
22361 1122
22467 1121
22574 1123
22680 1120
22787 1276
22893 1122
23001 1123
23107 1122
23213 1098
23319 1124
23426 1122
23532 1123
23639 1110
23745 1118
23851 1124
23959 1129
24065 1121
24171 1121
24278 1120
24384 1116
24490 1118
24597 1122
24703 1119
24810 1118
24916 1125
25024 1122
25130 1126
25236 1133
25342 1119
25449 1122
25555 1119
25662 1003
25768 1119
25874 1121
25982 1120
26088 1058
26194 1122
26301 1119
26407 1123
26513 1113
26620 1122
26726 1122
26833 1118
26939 1125
27047 1122
27153 1121
27259 1138
27365 1117
27472 1121
27578 1120
27685 1123
27791 1120
27897 1118
28005 1124
28111 1115
28217 1122
28324 1121
28430 1120
28536 1094
28643 1119
28749 1124
28856 1123
28963 1072
29069 1118
29175 1117
29282 1122
29388 1108
29495 1122
29601 1121
29708 1121
29814 1122
29920 1120
30028 1124
30134 1119
30240 1121
30347 1124
30453 1121
30559 1131
30666 1126
30772 1120
30879 1125
30986 1119
31092 1122
31198 1124
31305 1121
31411 1163
31518 1119
31624 1123
31731 1120
31837 1156
31943 1122
32051 1120
32157 1120
32264 1123
32370 1121
32477 1124
32583 1122
32690 1126
32796 1124
32902 1125
33010 1108
33116 1122
33222 1124
33329 1122
33435 1111
33541 1125
33648 1124
33754 1125
33861 1106
33968 1124
34074 1124
34180 1124
34287 1153
34393 1121
34500 1126
34606 1121
34713 1187
34819 1123
34925 1124
35033 1126
35139 1125
35245 1120
35352 1124
35458 1123
35564 1129
35671 1125
35777 1128
35884 1114
35991 1120
36097 1124
36203 1121
36310 1131
36416 1128
36523 1125
36629 1127
36736 1133
36842 1128
36950 1126
37056 1125
37162 1119
37269 1125
37375 1129
37481 1125
37588 1167
37694 1126
37801 1123
37907 1126
38015 1125
38121 1125
38227 1124
38333 1134
38440 1128
38546 1125
38653 1125
38759 1130
38865 1125
38973 1126
39079 1126
39185 1143
39292 1126
39398 1123
39504 1123
39611 1128
39717 1124
39824 1124
39930 1124
40038 1126
40144 1125
40250 1127
40356 1124
40463 1053
40569 1123
40676 1122
40782 1124
40888 1121
40996 1123
41102 1122
41208 1128
41315 1125
41421 1121
41527 1125
41634 1122
41740 1125
41847 1124
41954 1123
42060 1126
42166 1123
42273 1123
42379 1122
42486 1118
42592 1121
42699 1120
42805 1123
42911 1151
43019 1113
43125 1123
43231 1117
43338 1119
43444 1122
43550 1121
43657 1124
43763 1123
43870 1123
43977 1120
44083 1124
44189 1121
44296 1121
44402 1123
44509 1125
44615 1125
44722 1120
44828 1122
44934 1114
45042 1121
45148 1124
45254 1121
45361 1119
45467 1121
45573 1117
45680 1121
45786 1098
45893 1122
46000 1122
46106 1122
46212 1113
46319 1121
46425 1118
46532 1123
46638 1123
46745 1120
46851 1122
46958 1115
47065 1120
47171 1119
47277 1121
47384 1115
47490 1122
47596 1122
47703 1120
47809 1124
47916 1120
48023 1121
48129 1120
48235 1129
48342 1123
48448 1120
48555 1122
48661 1154
48768 1120
48874 1121
48981 1117
49088 1118
49194 1120
49300 1122
49407 1121
49513 1117
49619 1123
49726 1118
49832 1123
49939 1124
50046 1119
50152 1122
50258 1121
50365 1126
50471 1120
50578 1120
50684 1128
50791 1122
50897 1124
51004 1122
51111 1158
51217 1120
51323 1120
51430 1124
51536 1092
51642 1122
51749 1121
51855 1121
51963 1125
52069 1119
52175 1120
52281 1121
52388 1121
52494 1124
52601 1125
52707 1125
52814 1121
52920 1124
53027 1122
53134 1112
53240 1124
53346 1123
53453 1124
53559 1108
53665 1121
53772 1122
53878 1125
53986 1119
54092 1125
54198 1124
54304 1125
54411 1136
54517 1123
54624 1125
54730 1120
54837 1162
54943 1122
55050 1123
55157 1125
55263 1122
55370 1128
55476 1124
55583 1108
55689 1125
55795 1124
55902 1126
56009 1124
56115 1126
56222 1122
56328 1124
56434 1144
56541 1122
56647 1125
56754 1122
56860 975
56968 1127
57074 1123
57180 1125
57286 1157
57393 1130
57499 1125
57606 1125
57712 1191
57818 1126
57925 1130
58032 1124
58138 1124
58245 1123
58351 1121
58457 1117
58564 1084
58670 1126
58777 1126
58883 1113
58991 1126
59097 1125
59203 1125
59309 1105
59416 1124
59522 1125
59629 1125
59735 1242
59841 1123
59948 1126
60055 1126
60161 1118
60267 1123
60373 1125
60480 1127
60586 1160
60693 1122
60799 1122
60906 1121
61013 1118
61119 1125
61225 1122
61332 1127
61438 1124
61545 1126
61651 1125
61757 1115
61864 1125
61971 1127
62077 1124
62184 1119
62290 1122
62396 1123
62503 1122
62609 1121
62716 1119
62822 1122
62929 1124
63036 1120
63142 1124
63248 1123
63355 1122
63461 1052
63568 1120
63674 1123
63780 1122
63887 1190
63994 1117
64100 1116
64207 1124
64313 1120
64419 1123
64526 1123
64632 1137
64739 1121
64845 1121
64953 1122
65059 1120
65165 1124
65271 1123
65378 1120
65484 1125
65591 1120
65697 1121
65803 1122
65910 1073
66017 1124
66123 1118
66230 1123
66336 1188
66442 1120
66549 1125
66655 1117
66762 1015
66868 1120
66976 1119
67082 1152
67188 1118
67294 1123
67401 1116
67507 1108
67614 1122
67720 1120
67826 1121
67933 1113
68040 1119
68146 1120
68253 1119
68359 1125
68465 1119
68572 1123
68678 1120
68785 1183
68891 1120
68999 1117
69105 1121
69211 1098
69317 1121
69424 1121
69530 1120
69637 1220
69743 1120
69849 1122
69957 1123
70063 1123
70169 1123
70276 1121
70382 1118
70488 1123
70595 1120
70701 1122
70808 1133
70914 1125
71022 1122
71128 1118
71234 1121
71340 1120
71447 1123
71553 1122
71660 1013
71766 1120
71872 1121
71980 1121
72086 1113
72192 1122
72299 1122
72405 1120
72511 1030
72618 1123
72724 1125
72831 1125
72937 1122
73045 1125
73151 1122
73257 1125
73363 1124
73470 1123
73576 1126
73683 1129
73789 1126
73895 1122
74003 1124
74109 1134
74215 1121
74322 1129
74428 1120
74534 1258
74641 1124
74747 1124
74854 1125
74961 1135
75067 1124
75173 1125
75280 1122
75386 1243
75493 1126
75599 1126
75706 1124
75812 1127
75918 1126
76026 1122
76132 1121
76238 1125
76345 1124
76451 1127
76557 1112
76664 1127
76770 1124
76877 1126
76984 1118
77090 1124
77196 1126
77303 1126
77409 1085
77516 1125
77622 1118
77729 1125
77835 1185
77941 1125
78049 1126
78155 1116
78261 1094
78368 1124
78474 1126
78580 1125
78687 1129
78793 1127
78900 1125
79007 1120
79113 1126
79219 1126
79326 1124
79432 1135
79539 1124
79645 1122
79752 1123
79858 1114
79965 1122
80072 1126
80178 1124
80284 1064
80391 1121
80497 1123
80603 1123
80710 1111
80816 1124
80923 1123
81030 1124
81136 1138
81242 1125
81349 1123
81455 1124
81562 1124
81668 1124
81775 1124
81881 1124
81988 1124
82095 1124
82201 1125
82307 1114
82414 1124
82520 1121
82626 1124
82733 1125
82839 1122
82946 1126
83053 1120
83159 1121
83266 1121
83372 1123
83479 1124
83585 1169
83692 1125
83798 1122
83904 1121
84012 1121
84118 1120
84224 1216
84331 1123
84437 1123
84543 1114
84650 1122
84756 1109
84863 1121
84970 1122
85076 1118
85182 1113
85289 1120
85395 1122
85502 1121
85608 1109
85715 1119
85821 1121
85927 1159
86035 1122
86141 1124
86247 1121
86354 1118
86460 1097
86566 1122
86673 1121
86779 1121
86886 1054
86993 1118
87099 1123
87205 1118
87312 1118
87418 1122
87525 1121
87631 1148
87738 1120
87844 1120
87951 1122
88058 1119
88164 1122
88270 1119
88377 1120
88483 1122
88589 1120
88696 1125
88802 1118
88909 1118
89016 1117
89122 1119
89228 1123
89335 1108
89441 1122
89548 1119
89654 1122
89761 1196
89867 1118
89974 1123
90081 1116
90187 1126
90293 1124
90400 1121
90506 1128
90612 1113
90719 1126
90825 1120
90932 1121
91039 1107
91145 1120
91251 1121
91358 1128
91464 1123
91571 1121
91677 1112
91784 1127
91890 1119
91997 1123
92104 1122
92210 1138
92316 1124
92423 1122
92529 1123
92635 1093
92742 1124
92848 1122
92956 1122
93062 1126
93168 1125
93274 1127
93381 1124
93487 1122
93594 1123
93700 1124
93807 1122
93913 1125
94020 1128
94127 1125
94233 1109
94339 1123
94446 1123
94552 1123
94658 1117
94765 1121
94871 1121
94979 1126
95085 1103
95191 1126
95297 1125
95404 1127
95510 1128
95617 1122
95723 1124
95830 1125
95936 1124
96043 1129
96150 1126
96256 1128
96362 1125
96469 1126
96575 1125
96681 1133
96788 1125
96894 1124
97002 1126
97108 1115
97214 1127
97320 1123
97427 1125
97533 1123
97640 1126
97746 1126
97853 1167
97960 1109
98066 1126
98172 1124
98279 1125
98385 1126
98492 1126
98598 1124
98704 1125
98811 1127
98917 1126
99025 1127
99131 1121
99237 1125
99343 1126
99450 1117
99556 1129
99663 1124
99769 1121
99876 1127
99983 1131
100089 1125
100195 1126
100302 1123
100408 1134
100515 1121
100621 1125
100727 1124
100834 1097
100940 1126
101048 1120
101154 1128
101260 1109
101366 1125
101473 1125
101579 1121
101686 1127
101792 1125
101899 1125
102006 1127
102112 1130
102218 1123
102325 1122
102431 1128
102538 1123
102644 1122
102750 1122
102857 1133
102964 1124
103070 1119
103177 1120
103283 1103
103389 1121
103496 1122
103602 1122
103709 1163
103815 1122
103922 1118
104029 1124
104135 1122
104241 1121
104348 1122
104454 1117
104561 1122
104667 1118
104773 1122
104880 1120
104987 1118
105093 1122
105200 1118
105306 1126
105412 1121
105519 1120
105625 1119
105732 1101
105838 1120
105945 1119
106051 1121
106158 1131
106264 1119
106370 1121
106477 1119
106583 1134
106690 1119
106796 1118
106903 1122
107010 1155
107116 1120
107222 1119
107329 1120
107435 1102
107542 1120
107648 1120
107754 1117
107861 1122
107968 1123
108075 1121
108181 1128
108287 1119
108393 1127
108500 1120
108606 1106
108713 1121
108819 1119
108926 1120
109033 1120
109139 1119
109245 1121
109352 1119
109458 1117
109565 1117
109671 1121
109777 1122
109884 1054
109991 1122
110098 1120
110204 1124
110310 1128
110416 1121
110523 1122
110629 1121
110736 1121
110842 1123
110950 1121
111056 1123
111162 1119
111268 1123
111375 1118
111481 1110
111588 1123
111694 1126
111801 1122
111907 1133
112014 1121
112121 1119
112227 1119
112333 1151
112440 1123
112546 1123
112652 1121
112759 1099
112865 1120
112973 1124
113079 1118
113185 1134
113291 1122
113398 1124
113504 1124
113611 1122
113717 1124
113824 1123
113930 1135
114037 1123
114144 1125
114250 1124
114356 1121
114463 1126
114569 1121
114675 1128
114782 1104
114888 1123
114996 1128
115102 1123
115208 1091
115314 1121
115421 1126
115527 1126
115634 1119
115740 1128
115847 1123
115954 1122
116060 1124
116166 1127
116273 1126
116379 1123
116486 1125
116592 1123
116698 1127
116805 1117
116911 1123
117019 1126
117125 1121
117231 1137
117337 1124
117444 1125
117550 1125
117657 1149
117763 1126
117870 1125
117977 1124
118083 1157
118189 1126
118296 1124
118402 1122
118509 1139
118615 1124
118721 1125
118828 1126
118934 1115
119042 1126
119148 1124
119254 1124
119360 1126
119467 1125
119573 1125
119680 1124
119786 1122
119893 1123
120000 1122
120106 1126
120212 1123
120319 1122
120425 1125
120532 1099
120638 1126
120744 1121
120851 1123
120958 1066
121064 1123
121171 1125
121277 1124
121383 1079
121490 1127
121596 1125
121703 1124
121809 1126
121916 1124
122023 1127
122129 1122
122235 1125
122342 1120
122448 1126
122555 1122
122661 1123
122767 1124
122874 1120
122981 1131
123087 1120
123194 1121
123300 1122
123406 1143
123513 1124
123619 1118
123726 1124
123832 1115
123939 1119
124046 1121
124152 1118
124258 1172
124365 1123
124471 1118
124578 1122
124684 1117
124790 1125
124897 1121
125004 1121
125110 1123
125217 1123
125323 1125
125429 1118
125536 1120
125642 1120
125749 1119
125855 1128
125963 1120
126069 1120
126175 1120
126281 1118
126388 1121
126494 1120
126601 1119
126707 1130
126813 1119
126920 1120
127027 1121
127133 1108
127240 1118
127346 1119
127452 1121
127559 1106
127665 1122
127772 1117
127878 1117
127986 1123
128092 1120
128198 1121
128304 1121
128411 1122
128517 1119
128624 1119
128730 1110
128836 1118
128943 1119
129050 1121
129156 1131
129263 1123
129369 1121
129475 1122
129582 1124
129688 1121
129794 1122
129901 1119
130008 1163
130114 1121
130221 1121
130327 1123
130433 1110
130540 1122
130646 1122
130753 1123
130859 1142
130967 1123
131073 1124
131179 1122
131285 1121
131392 1122
131498 1120
131605 1114
131711 1117
131817 1121
131924 1119
132031 1118
132137 1121
132244 1120
132350 1124
132456 1110
132563 1123
132669 1121
132776 1119
132882 1108
132990 1122
133096 1125
133202 1125
133308 1101
133415 1125
133521 1121
133628 1123
133734 1083
133840 1128
133947 1127
134054 1126
134161 1127
134267 1126
134374 1126
134480 1129
134586 1126
134693 1124
134799 1126
134906 1109
135013 1125
135119 1122
135225 1126
135332 1190
135438 1126
135545 1127
135651 1127
135758 1106
135864 1123
135972 1122
136078 1134
136184 1137
136290 1126
136397 1123
136503 1129
136609 1124
136716 1124
136822 1126
136929 1124
137036 1126
137142 1124
137248 1126
137355 1112
137461 1123
137568 1126
137674 1124
137781 1144
137887 1126
137995 1122
138101 1126
138207 1083
138313 1127
138420 1127
138526 1117
138632 1144
138739 1126
138845 1128
138953 1125
139059 1125
139165 1126
139271 1126
139378 1126
139484 1127
139591 1124
139697 1123
139804 1123
139910 1126
140018 1125
140124 1123
140230 1140
140336 1124
140443 1126
140549 1121
140655 1110
140762 1122
140868 1125
140976 1125
141082 1065
141188 1124
141294 1126
141401 1123
141507 1065
141614 1124
141720 1126
141827 1125
141933 1120
142041 1125
142147 1125
142253 1126
142359 1124
142466 1123
142572 1127
142678 1120
142785 1121
142891 1120
142999 1121
143105 1123
143211 1119
143317 1122
143424 1120
143530 1128
143637 1118
143743 1120
143850 1121
143957 1096
144063 1122
144169 1121
144276 1121
144382 1155
144489 1119
144595 1121
144701 1120
144808 1125
144914 1124
145022 1117
145128 1119
145234 1109
145340 1118
145447 1121
145553 1117
145660 1123
145766 1120
145873 1119
145980 1125
146086 1119
146192 1124
146299 1118
146405 1116
146512 1119
146618 1118
146724 1120
146831 1123
146937 1122
147045 1118
147151 1119
147257 1132
147363 1119
147470 1121
147576 1117
147683 1117
147789 1121
147896 1116
148003 1122
148109 1117
148215 1119
148322 1121
148428 1114
148535 1121
148641 1120
148747 1123
148854 1097
148961 1119
149068 1121
149174 1119
149280 1129
149386 1113
149493 1120
149599 1121
149706 1127
149812 1124
149919 1119
150026 1119
150132 1183
150238 1123
150345 1122
150451 1120
150558 1124
150664 1122
150770 1122
150877 1121
150984 1120
151091 1124
151197 1119
151303 1123
151409 1122
151516 1119
151622 1122
151729 1136
151835 1122
151942 1123
152049 1119
152155 1128
152261 1124
152368 1126
152474 1125
152581 1116
152687 1123
152793 1125
152900 1126
153007 1129
153114 1120
153220 1125
153326 1124
153432 1095
153539 1125
153645 1123
153752 1123
153858 1099
153966 1124
154072 1121
154178 1124
154284 1127
154391 1124
154497 1129
154604 1119
154710 1126
154816 1123
154923 1126
155030 1127
155137 1123
155243 1128
155349 1123
155455 1122
155562 1124
155668 1124
155775 1130
155881 1138
155989 1124
156095 1125
156201 1125
156307 1181
156414 1123
156520 1123
156627 1124
156733 1140
156839 1128
156946 1126
157053 1126
157160 1125
157266 1125
157373 1126
157479 1118
157586 1124
157692 1123
157798 1126
157905 1123
158012 1124
158118 1123
158225 1126
158331 1171
158437 1127
158544 1123
158650 1124
158757 1167
158863 1125
158971 1125
159077 1119
159183 1155
159289 1125
159396 1125
159502 1123
159609 1120
159715 1125
159821 1124
159928 1125
160035 1125
160141 1124
160248 1126
160354 1120
160460 1129
160567 1122
160673 1123
160780 1137
160886 1124
160994 1124
161100 1122
161206 1035
161312 1125
161419 1123
161525 1125
161632 1114
161738 1126
161844 1124
161952 1125
162058 1124
162164 1120
162271 1123
162377 1119
162483 1124
162590 1124
162696 1122
162803 1125
162909 1121
163017 1122
163123 1122
163229 1125
163335 1122
163442 1123
163548 1121
163655 1110
163761 1121
163867 1120
163975 1117
164081 1124
164187 1120
164294 1122
164400 1123
164506 1101
164613 1124
164719 1123
164826 1123
164932 1093
165040 1124
165146 1121
165252 1120
165358 1118
165465 1125
165571 1120
165678 1121
165784 1122
165890 1121
165998 1123
166104 1134
166210 1120
166317 1121
166423 1120
166529 1134
166636 1119
166742 1124
166849 1117
166956 1138
167062 1121
167168 1124
167275 1120
167381 1128
167488 1120
167594 1120
167701 1121
167807 1128
167913 1121
168021 1122
168127 1120
168233 1120
168340 1120
168446 1122
168552 1125
168659 1122
168765 1120
168872 1120
168979 1110
169085 1120
169191 1121
169298 1122
169404 1100
169511 1120
169617 1122
169724 1119
169830 1124
169936 1120
170044 1120
170150 1126
170256 1061
170363 1123
170469 1121
170575 1122
170682 1120
170788 1122
170895 1124
171002 1122
171108 1122
171214 1119
171321 1122
171427 1121
171534 1119
171640 1122
171747 1123
171853 1114
171960 1122
172067 1119
172173 1117
172279 1128
172386 1122
172492 1124
172598 1122
172705 1130
172811 1121
172918 1123
173025 1123
173131 1063
173237 1126
173344 1124
173450 1123
173557 1121
173663 1122
173770 1124
173876 1123
173983 1126
174090 1126
174196 1123
174302 1125
174409 1122
174515 1123
174621 1118
174728 1131
174834 1125
174941 1123
175048 1124
175154 1122
175260 1126
175367 1128
175473 1122
175580 1119
175686 1125
175793 1124
175899 1126
176006 1117
176113 1128
176219 1124
176325 1127
176432 1128
176538 1124
176644 1127
176751 1124
176857 1124
176965 1126
177071 1122
177177 1129
177283 1122
177390 1127
177496 1122
177603 1124
177709 1126
177816 1123
177922 1131
178029 1121
178136 1124
178242 1125
178348 1126
178455 1123
178561 1124
178667 1125
178774 1125
178880 1129
178988 1089
179094 1123
179200 1127
179306 1123
179413 1125
179519 1125
179626 1122
179732 1128
179839 1130
179945 1126
180051 1126
180157 1122
180264 1126
180370 1127
180476 1122
180583 1126
180689 1127
180795 1124
180902 1120
181009 1125
181115 1127
181222 1126
181328 1123
181434 1124
181541 1122
181647 1122
181754 1130
181860 1125
181968 1125
182074 1118
182180 1095
182286 1123
182393 1124
182499 1120
182606 1092
182712 1126
182818 1124
182925 1124
183032 1122
183138 1123
183245 1120
183351 1121
183457 1120
183564 1124
183670 1124
183777 1122
183883 1123
183991 1118
184097 1121
184203 1129
184309 1119
184416 1124
184522 1124
184629 1109
184735 1122
184841 1121
184948 1123
185055 1122
185161 1124
185267 1076
185373 1123
185480 1152
185586 1118
185693 1076
185799 1122
185906 1116
186013 1119
186119 1123
186225 1121
186332 1084
186438 1119
186545 1120
186651 1119
186757 1123
186864 1119
186971 1120
187077 1107
187184 1119
187290 1116
187396 1122
187503 1125
187609 1121
187716 1119
187822 1121
187929 1139
188036 1122
188142 1121
188248 1122
188355 1061
188461 1118
188568 1123
188674 1121
188780 1144
188887 1119
188994 1118
189100 1121
189207 1170
189313 1123
189419 1121
189526 1121
189632 1119
189739 1122
189845 1123
189953 1136
190059 1122
190165 1123
190271 1122
190378 1113
190484 1122
190591 1121
190697 1124
190803 1116
190910 1123
191017 1122
191123 1120
191230 1226
191336 1120
191442 1119
191549 1121
191655 1120
191762 1120
191868 1121
191976 1122
192082 1117
192188 1120
192294 1123
192401 1121
192507 1224
192614 1126
192720 1126
192826 1122
192933 1122
193040 1123
193146 1122
193253 1130
193359 1120
193465 1122
193572 1125
193678 1122
193785 1127
193891 1120
193999 1125
194105 1106
194211 1155
194317 1128
194424 1124
194530 1092
194637 1125
194743 1124
194849 1124
194957 1117
195063 1127
195169 1119
195276 1125
195382 1128
195488 1124
195595 1126
195701 1122
195808 1127
195914 1126
196022 1122
196128 1132
196234 1122
196340 1126
196447 1124
196553 1130
196660 1124
196766 1123
196872 1126
196980 1115
197086 1125
197192 1125
197299 1125
197405 1144
197511 1124
197618 1126
197724 1127
197831 1132
197937 1125
198045 1124
198151 1127
198257 1120
198363 1125
198470 1126
198576 1126
198683 1127
198789 1124
198895 1124
199003 1125
199109 1125
199215 1107
199322 1124
199428 1116
199534 1126
199641 1125
199747 1124
199854 1127
199961 1125
200067 1126
200173 1124
200280 1108
200386 1124
200493 1122
200599 1123
200706 1119
200812 1124
200918 1121
201026 1121
201132 1124
201238 1127
201345 1126
201451 1120
201557 1125
201664 1128
201770 1125
201877 1140
201984 1125
202090 1128
202196 1124
202303 1131
202409 1122
202516 1120
202622 1126
202729 1114
202835 1125
202941 1120
203049 1122
203155 1118
203261 1120
203368 1125
203474 1121
203580 1120
203687 1123
203793 1118
203900 1122
204007 1118
204113 1122
204219 1121
204326 1126
204432 1120
204539 1119
204645 1122
204752 1123
204858 1123
204965 1121
205072 1120
205178 1111
205284 1121
205391 1119
205497 1122
205603 1121
205710 1121
205816 1122
205923 1123
206030 1213
206136 1119
206242 1119
206349 1120
206455 1123
206562 1122
206668 1122
206775 1121
206881 1119
206988 1121
207095 1123
207201 1118
207307 1119
207414 1118
207520 1121
207626 1108
207733 1153
207839 1123
207946 1118
208053 1122
208159 1121
208266 1121
208372 1121
208479 1122
208585 1125
208692 1123
208798 1123
208904 1100
209012 1121
209118 1119
209224 1119
209331 1141
209437 1122
209543 1122
209650 1122
209756 1121
209863 1122
209970 1123
210076 1117
210182 1123
210289 1121
210395 1122
210502 1129
210608 1118
210715 1124
210821 1121
210927 1108
211035 1122
211141 1120
211247 1123
211354 1094
211460 1122
211566 1120
211673 1121
211779 1131
211886 1120
211993 1122
212099 1122
212205 1108
212312 1123
212418 1122
212525 1126
212631 1122
212738 1126
212844 1121
212951 1128
213058 1125
213164 1121
213270 1125
213377 1118
213483 1126
213589 1124
213696 1125
213802 1137
213909 1123
214016 1125
214122 1123
214228 1181
214335 1125
214441 1124
214548 1129
214654 1102
214761 1123
214867 1130
214974 1124
215081 1130
215187 1126
215293 1125
215400 1126
215506 1128
215612 1124
215719 1128
215825 1126
215932 1126
216039 1126
216145 1124
216251 1136
216358 1124
216464 1127
216571 1125
216677 1124
216784 1126
216890 1125
216997 1126
217104 1142
217210 1126
217316 1127
217423 1126
217529 1179
217635 1122
217742 1124
217848 1123
217956 1126
218062 1125
218168 1125
218274 1129
218381 1112
218487 1126
218594 1125
218700 1122
218807 1143
218913 1126
219020 1126
219127 1111
219233 1126
219339 1128
219446 1124
219552 1125
219658 1123
219765 1127
219871 1122
219979 1057
220085 1126
220191 1122
220297 1126
220404 1156
220510 1124
220617 1125
220723 1123
220830 1092
220936 1123
221043 1123
221150 1124
221256 1121
221362 1124
221469 1125
221575 1126
221681 1125
221788 1123
221894 1124
222002 1104
222108 1123
222214 1121
222320 1121
222427 1134
222533 1123
222640 1125
222746 1120
222853 1125
222960 1122
223066 1121
223172 1123
223279 1133
223385 1120
223492 1122
223598 1118
223704 1159
223811 1121
223917 1117
224025 1122
224131 1122
224237 1123
224343 1120
224450 1121
224556 1096
224663 1121
224769 1124
224876 1111
224983 1123
225089 1121
225195 1116
225302 1114
225408 1118
225515 1123
225621 1118
225727 1109
225834 1120
225940 1117
226048 1126
226154 1150
226260 1121
226366 1118
226473 1117
226579 1097
226686 1119
226792 1122
226899 1117
227006 1119
227112 1121
227218 1117
227325 1122
227431 1114
227538 1121
227644 1121
227750 1134
227857 1117
227964 1117
228070 1120
228177 1118
228283 1119
228389 1122
228496 1118
228602 1145
228709 1118
228815 1124
228922 1121
229029 1117
229135 1121
229241 1119
229348 1119
229454 1135
229561 1119
229667 1122
229773 1121
229880 1140
229987 1124
230093 1119
230200 1122
230306 1120
230412 1123
230519 1115
230625 1123
230732 1123
230838 1122
230945 1118
231051 1124
231158 1123
231264 1123
231370 1120
231477 1119
231583 1122
231690 1123
231796 1122
231903 1019
232010 1121
232116 1121
232222 1122
232329 1133
232435 1121
232542 1125
232648 1125
232754 1033
232861 1123
232968 1123
233075 1127
233181 1124
233287 1126
233393 1125
233500 1132
233606 1125
233713 1120
233819 1126
233926 1128
234033 1126
234139 1125
234245 1123
234352 1114
234458 1122
234565 1126
234671 1123
234777 1237
234884 1124
234991 1121
235098 1120
235204 1105
235310 1122
235416 1126
235523 1124
235629 1218
235736 1123
235842 1127
235950 1109
236056 1123
236162 1125
236268 1124
236375 1131
236481 1125
236588 1123
236694 1124
236801 1122
236907 1124
237014 1125
237121 1125
237227 1122
237333 1124
237440 1128
237546 1128
237652 1060
237759 1125
237865 1124
237973 1126
238079 1056
238185 1123
238291 1125
238398 1125
238504 1105
238611 1122
238717 1126
238824 1126
238930 1127
239037 1124
239144 1123
239250 1129
239356 1125
239463 1123
239569 1127
239675 1128
239782 1126
239888 1124
239996 1122
240102 1125
240208 1125
240314 1124
240421 1123
240527 1174
240634 1126
240740 1121
240847 1124
240954 1118
241060 1122
241166 1125
241273 1123
241379 1173
241486 1122
241592 1125
241698 1126
241805 1123
241911 1128
242019 1121
242125 1119
242231 1123
242337 1122
242444 1120
242550 1126
242657 1122
242763 1121
242870 1125
242977 1125
243083 1121
243189 1121
243296 1124
243402 1065
243509 1123
243615 1123
243721 1124
243828 1072
243934 1122
244042 1123
244148 1121
244254 1069
244360 1121
244467 1123
244573 1121
244680 1119
244786 1124
244893 1124
245000 1111
245106 1121
245212 1121
245319 1122
245425 1131
245532 1129
245638 1120
245744 1120
245851 1111
245958 1118
246064 1122
246171 1122
246277 1160
246383 1121
246490 1120
246596 1123
246703 1157
246809 1120
246916 1119
247023 1119
247129 1106
247235 1119
247342 1123
247448 1124
247555 1121
247661 1121
247767 1119
247874 1120
247981 1119
248087 1123
248194 1124
248300 1107
248406 1119
248513 1118
248619 1122
248726 1130
248832 1120
248939 1122
249046 1120
249152 1114
249258 1121
249365 1121
249471 1122
249578 1136
249684 1121
249790 1122
249897 1121
250004 1126
250110 1114
250217 1122
250323 1123
250429 1123
250536 1121
250642 1124
250749 1120
250855 1123
250963 1120
251069 1121
251175 1130
251281 1128
251388 1117
251494 1120
251601 1110
251707 1119
251813 1121
251920 1121
252027 1123
252133 1119
252240 1120
252346 1125
252452 1067
252559 1126
252665 1121
252772 1123
252878 1093
252986 1123
253092 1126
253198 1123
253304 1105
253411 1124
253517 1125
253624 1123
253730 1124
253836 1122
253943 1123
254050 1127
254156 1125
254263 1125
254369 1124
254475 1130
254582 1123
254688 1123
254794 1122
254901 1113
255008 1123
255114 1125
255221 1131
255327 1111
255433 1125
255540 1126
255646 1128
255753 1082
255859 1124
255967 1120
256073 1123
256179 1115
256285 1127
256392 1124
256498 1127
256605 1124
256711 1126
256817 1126
256924 1136
257031 1126
257137 1120
257244 1128
257350 1131
257456 1126
257563 1127
257669 1125
257776 1127
257882 1123
257990 1126
258096 1123
258202 1124
258308 1126
258415 1126
258521 1127
258628 1180
258734 1124
258840 1126
258947 1123
259054 1127
259161 1126
259267 1125
259374 1121
259480 1124
259586 1126
259693 1125
259799 1120
259906 1125
260013 1123
260119 1127
260225 1114
260332 1127
260438 1126
260545 1124
260651 1136
260758 1122
260864 1124
260972 1125
261078 1123
261184 1125
261290 1123
261397 1124
261503 1110
261609 1124
261716 1128
261822 1121
261929 1124
262036 1126
262142 1126
262248 1124
262355 1122
262461 1121
262568 1120
262674 1120
262781 1123
262887 1123
262995 1122
263101 1142
263207 1120
263313 1121
263420 1121
263526 1107
263632 1124
263739 1122
263845 1126
263953 1124
264059 1123
264165 1120
264271 1120
264378 1158
264484 1120
264591 1124
264697 1122
264804 1127
264910 1122
265018 1119
265124 1135
265230 1120
265336 1125
265443 1122
265549 1131
265655 1121
265762 1119
265868 1122
265976 1115
266082 1119
266188 1121
266294 1120
266401 1139
266507 1119
266614 1124
266720 1119
266827 1095
266933 1119
267041 1119
267147 1122
267253 1073
267359 1119
267466 1121
267572 1117
267678 1117
267785 1118
267891 1122
267999 1110
268105 1115
268211 1123
268317 1122
268424 1107
268530 1119
268637 1120
268743 1120
268850 1132
268957 1119
269063 1121
269169 1121
269276 1108
269382 1120
269489 1122
269595 1121
269701 1129
269808 1118
269914 1119
270022 1122
270128 1195
270234 1123
270340 1122
270447 1119
270553 1125
270660 1119
270766 1123
270873 1123
270980 1122
271086 1125
271192 1122
271299 1137
271405 1121
271512 1119
271618 1122
271724 1122
271831 1123
271937 1122
272045 1122
272151 1131
272257 1121
272363 1126
272470 1121
272576 1136
272683 1123
272789 1122
272896 1124
273003 1110
273109 1124
273215 1124
273322 1122
273428 1125
273535 1123
273641 1193
273747 1120
273854 1123
273961 1130
274068 1117
274174 1124
274280 1124
274386 1124
274493 1124
274599 1112
274706 1124
274812 1121
274919 1125
275026 1125
275132 1127
275238 1124
275345 1134
275451 1117
275558 1124
275664 1126
275770 1125
275877 1088
275984 1122
276091 1125
276197 1125
276303 1128
276409 1126
276516 1124
276622 1129
276729 1126
276835 1124
276942 1126
277049 1123
277155 1124
277261 1127
277368 1126
277474 1125
277581 1128
277687 1124
277793 1120
277900 1116
278007 1124
278114 1124
278220 1126
278326 1116
278432 1126
278539 1125
278645 1125
278752 1131
278858 1127
278966 1124
279072 1105
279178 1121
279284 1122
279391 1127
279497 1123
279604 1126
279710 1124
279816 1123
279923 1110
280030 1123
280137 1127
280243 1123
280349 1133
280455 1126
280562 1123
280668 1122
280775 1132
280881 1122
280989 1124
281095 1123
281201 1134
281307 1122
281414 1123
281520 1125
281627 1107
281733 1126
281839 1123
281946 1127
282053 1123
282160 1123
282266 1124
282373 1121
282479 1124
282586 1123
282692 1120
282798 1120
282905 1120
283012 1124
283118 1121
283225 1103
283331 1123
283437 1122
283544 1122
283650 1117
283757 1124
283863 1123
283971 1118
284077 1049
284183 1120
284289 1120
284396 1120
284502 1150
284609 1123
284715 1120
284821 1122
284928 1122
285035 1122
285141 1123
285248 1118
285354 1123
285460 1120
285567 1120
285673 1124
285780 1122
285886 1121
285994 1121
286100 1116
286206 1122
286312 1119
286419 1121
286525 1114
286632 1122
286738 1120
286844 1120
286952 1129
287058 1120
287164 1120
287271 1120
287377 1110
287483 1123
287590 1121
287696 1123
287803 1121
287909 1123
288017 1122
288123 1119
288229 1122
288335 1120
288442 1121
288548 1119
288655 1118
288761 1120
288867 1116
288975 1130
289081 1120
289187 1120
289294 1124
289400 1128
289506 1122
289613 1120
289719 1121
289826 1183
289932 1118
290040 1122
290146 1119
290252 1143
290358 1122
290465 1122
290571 1121
290678 1119
290784 1123
290890 1121
290998 1126
291104 1122
291210 1121
291317 1120
291423 1119
291529 1121
291636 1122
291742 1120
291849 1134
291956 1127
292062 1120
292168 1124
292275 1110
292381 1124
292488 1123
292594 1121
292701 1066
292807 1123
292913 1124
293021 1122
293127 1116
293233 1124
293340 1123
293446 1125
293552 1118
293659 1126
293765 1122
293872 1002
293979 1127
294085 1120
294191 1128
294298 1134
294404 1122
294511 1124
294617 1123
294724 1109
294830 1113
294936 1125
295044 1123
295150 1063
295256 1125
295363 1122
295469 1129
295575 1188
295682 1127
295788 1126
295895 1125
296002 1115
296108 1125
296214 1126
296321 1132
296427 1130
296534 1127
296640 1125
296747 1127
296853 1125
296960 1125
297067 1127
297173 1116
297279 1125
297386 1123
297492 1125
297598 1129
297705 1124
297811 1122
297918 1125
298025 1125
298131 1127
298237 1126
298344 1125
298450 1094
298557 1125
298663 1124
298770 1124
298876 1144
298983 1127
299090 1124
299196 1127
299302 1129
299409 1125
299515 1124
299621 1123
299728 1126
299834 1123
299941 1123
300048 1125
300154 1125
300260 1124
300367 1119
300473 1130
300580 1121
300686 1210
300793 1121
300899 1125
301006 1122
301113 1120
301219 1127
301325 1123
301432 1119
301538 1127
301644 1121
301751 1120
301857 1124
301965 1122
302071 1111
302177 1115
302283 1124
302390 1145
302496 1125
302603 1124
302709 1124
302816 1126
302922 1113
303029 1120
303136 1118
303242 1119
303348 1112
303455 1124
303561 1122
303667 1122
303774 1122
303880 1120
303988 1117
304094 1120
304200 1119
304306 1123
304413 1122
304519 1118
304626 1100
304732 1122
304839 1119
304945 1122
305051 1118
305157 1122
305264 1124
305370 1123
305476 1125
305583 1118
305689 1122
305795 1121
305902 1117
306009 1122
306115 1120
306222 1122
306328 1121
306434 1122
306541 1120
306647 1123
306754 1120
306860 1121
306968 1123
307074 1106
307180 1118
307286 1121
307393 1118
307499 1108
307606 1119
307712 1121
307818 1119
307925 1103
308032 1120
308138 1118
308245 1120
308351 1131
308457 1118
308564 1123
308670 1114
308777 1121
308883 1118
308991 1118
309097 1133
309203 1119
309309 1124
309416 1117
309522 1125
309629 1120
309735 1118
309841 1125
309948 1126
310055 1124
310161 1121
310267 1122
310373 1102
310480 1121
310586 1119
310693 1122
310799 1197
310906 1122
311013 1122
311119 1123
311225 1174
311332 1121
311438 1118
311545 1118
311651 1073
311757 1122
311864 1122
311971 1121
312077 1112
312184 1124
312290 1121
312396 1153
312503 1121
312609 1122
312716 1122
312822 1122
312929 1125
313036 1124
313142 1124
313248 1137
313355 1121
313461 1126
313568 1122
313674 1126
313780 1123
313887 1121
313994 1125
314100 1120
314207 1123
314313 1121
314419 1124
314526 1175
314632 1122
314739 1127
314845 1125
314953 1123
315059 1124
315165 1125
315271 1111
315378 1124
315484 1105
315591 1123
315697 1120
315803 1126
315910 1120
316017 1128
316123 1135
316230 1124
316336 1123
316442 1125
316549 1128
316655 1122
316762 1126
316868 1120
316976 1148
317082 1125
317188 1121
317294 1126
317401 1119
317507 1125
317614 1127
317720 1124
317826 1121
317933 1126
318040 1125
318146 1139
318253 1123
318359 1126
318465 1122
318572 1125
318678 1126
318785 1125
318891 1127
318999 1105
319105 1125
319211 1124
319317 1120
319424 1119
319530 1124
319637 1126
319743 1125
319849 1183
319957 1124
320063 1122
320169 1119
320276 1118
320382 1121
320488 1124
320595 1122
320701 1125
320808 1125
320914 1124
321022 1123
321128 1121
321234 1125
321340 1122
321447 1129
321553 1126
321660 1122
321766 1125
321872 1111
321980 1126
322086 1123
322192 1123
322299 1130
322405 1120
322511 1126
322618 1125
322724 1062
322831 1122
322937 1121
323045 1121
323151 1183
323257 1119
323363 1124
323470 1121
323576 1121
323683 1123
323789 1123
323895 1122
324003 1119
324109 1121
324215 1121
324322 1113
324428 1121
324534 1122
324641 1123
324747 1131
324854 1116
324961 1120
325067 1121
325173 1125
325280 1121
325386 1118
325493 1120
325599 1166
325706 1123
325812 1119
325918 1120
326026 1118
326132 1117
326238 1123
326345 1119
326451 1123
326557 1115
326664 1118
326770 1122
326877 1118
326984 1119
327090 1119
327196 1128
327303 1119
327409 1119
327516 1121
327622 1119
327729 1121
327835 1120
327941 1120
328049 1123
328155 1119
328261 1121
328368 1119
328474 1104
328580 1123
328687 1120
328793 1120
328900 1158
329007 1086
329113 1120
329219 1117
329326 1127
329432 1123
329539 1123
329645 1122
329752 1120
329858 1122
329965 1119
330072 1119
330178 1122
330284 1120
330391 1123
330497 1108
330603 1124
330710 1121
330816 1123
330923 1133
331030 1121
331136 1123
331242 1120
331349 1120
331455 1123
331562 1120
331668 1122
331775 1084
331881 1122
331988 1121
332095 1121
332201 1116
332307 1121
332414 1121
332520 1119
332626 1124
332733 1125
332839 1122
332946 1136
333053 1124
333159 1127
333266 1126
333372 1140
333479 1124
333585 1125
333692 1124
333798 1106
333904 1126
334012 1125
334118 1122
334224 1072
334331 1123
334437 1123
334543 1122
334650 1137
334756 1125
334863 1123
334970 1123
335076 1123
335182 1120
335289 1126
335395 1124
335502 1125
335608 1127
335715 1121
335821 1142
335927 1127
336035 1121
336141 1125
336247 1116
336354 1129
336460 1124
336566 1126
336673 1143
336779 1124
336886 1127
336993 1125
337099 1086
337205 1127
337312 1125
337418 1125
337525 1159
337631 1125
337738 1123
337844 1124
337951 1122
338058 1122
338164 1122
338270 1124
338377 1124
338483 1128
338589 1125
338696 1117
338802 1125
338909 1127
339016 1125
339122 1117
339228 1127
339335 1125
339441 1123
339548 1119
339654 1124
339761 1124
339867 1125
339974 1096
340081 1126
340187 1125
340293 1127
340400 1104
340506 1124
340612 1119
340719 1122
340825 1125
340932 1124
341039 1126
341145 1103
341251 1123
341358 1127
341464 1124
341571 1127
341677 1126
341784 1126
341890 1124
341997 1105
342104 1125
342210 1122
342316 1123
342423 1122
342529 1123
342635 1125
342742 1122
342848 1107
342956 1122
343062 1122
343168 1121
343274 1125
343381 1126
343487 1119
343594 1121
343700 1124
343807 1122
343913 1124
344020 1119
344127 1120
344233 1122
344339 1120
344446 1114
344552 1121
344658 1123
344765 1123
344871 1124
344979 1122
345085 1116
345191 1122
345297 1116
345404 1122
345510 1122
345617 1121
345723 1132
345830 1119
345936 1123
346043 1121
346150 1118
346256 1127
346362 1120
346469 1123
346575 1109
346681 1122
346788 1120
346894 1117
347002 1122
347108 1121
347214 1121
347320 1139
347427 1119
347533 1120
347640 1121
347746 1125
347853 1121
347960 1118
348066 1117
348172 1116
348279 1119
348385 1119
348492 1118
348598 1130
348704 1117
348811 1123
348917 1120
349025 1120
349131 1121
349237 1118
349343 1122
349450 1130
349556 1122
349663 1121
349769 1119
349876 1120
349983 1119
350089 1121
350195 1116
350302 1122
350408 1122
350515 1122
350621 1116
350727 1120
350834 1120
350940 1122
351048 1119
351154 1119
351260 1118
351366 1120
351473 1119
351579 1124
351686 1122
351792 1123
351899 1127
352006 1122
352112 1122
352218 1123
352325 1116
352431 1124
352538 1126
352644 1122
352750 1125
352857 1123
352964 1122
353070 1125
353177 1123
353283 1126
353389 1123
353496 1120
353602 1124
353709 1121
353815 1127
353922 1128
354029 1126
354135 1126
354241 1124
354348 1113
354454 1123
354561 1126
354667 1121
354773 1118
354880 1125
354987 1122
355093 1127
355200 1125
355306 1131
355412 1125
355519 1126
355625 1131
355732 1121
355838 1127
355945 1126
356051 1124
356158 1128
356264 1125
356370 1129
356477 1123
356583 1126
356690 1125
356796 1133
356903 1126
357010 1123
357116 1124
357222 1212
357329 1125
357435 1127
357542 1123
357648 1158
357754 1124
357861 1123
357968 1125
358075 1127
358181 1126
358287 1127
358393 1125
358500 1124
358606 1124
358713 1124
358819 1125
358926 1128
359033 1126
359139 1128
359245 1128
359352 1126
359458 1126
359565 1126
359671 1115
359777 1125
359884 1126
359991 1123
360098 1131
360204 1123
360310 1128
360416 1124
360523 1122
360629 1125
360736 1121
360842 1124
360950 1126
361056 1123
361162 1121
361268 1125
361375 1124
361481 998
361588 1124
361694 1122
361801 1124
361907 1124
362014 1123
362121 1112
362227 1122
362333 1122
362440 1122
362546 1122
362652 1122
362759 1121
362865 1124
362973 1104
363079 1118
363185 1122
363291 1118
363398 1154
363504 1121
363611 1121
363717 1119
363824 1152
363930 1123
364037 1119
364144 1123
364250 1121
364356 1119
364463 1120
364569 1117
364675 1123
364782 1121
364888 1124
364996 1122
365102 1119
365208 1122
365314 1120
365421 1111
365527 1121
365634 1122
365740 1119
365847 1135
365954 1120
366060 1122
366166 1120
366273 1062
366379 1123
366486 1118
366592 1121
366698 1099
366805 1121
366911 1120
367019 1120
367125 1122
367231 1115
367337 1121
367444 1121
367550 1119
367657 1120
367763 1121
367870 1118
367977 1119
368083 1121
368189 1119
368296 1134
368402 1080
368509 1121
368615 1121
368721 1102
368828 1120
368934 1123
369042 1119
369148 1100
369254 1122
369360 1121
369467 1120
369573 1125
369680 1122
369786 1121
369893 1124
370000 1119
370106 1121
370212 1121
370319 1122
370425 1123
370532 1123
370638 1122
370744 1125
370851 1121
370958 1121
371064 1122
371171 1103
371277 1121
371383 1121
371490 1122
371596 1129
371703 1121
371809 1119
371916 1121
372023 1124
372129 1121
372235 1124
372342 1124
372448 1119
372555 1126
372661 1123
372767 1125
372874 1131
372981 1122
373087 1125
373194 1124
373300 1126
373406 1124
373513 1122
373619 1131
373726 1121
373832 1124
373939 1126
374046 1124
374152 1125
374258 1123
374365 1123
374471 1118
374578 1123
374684 1073
374790 1122
374897 1129
375004 1124
375110 1073
375217 1123
375323 1125
375429 1126
375536 1119
375642 1124
375749 1126
375855 1125
375963 1127
376069 1124
376175 1125
376281 1121
376388 1124
376494 1135
376601 1125
376707 1126
376813 1121
376920 1131
377027 1125
377133 1124
377240 1125
377346 1118
377452 1126
377559 1126
377665 1125
377772 1119
377878 1123
377986 1125
378092 1125
378198 1121
378304 1125
378411 1124
378517 1125
378624 1111
378730 1127
378836 1124
378943 1127
379050 1128
379156 1122
379263 1124
379369 1137
379475 1123
379582 1126
379688 1122
379794 1140
379901 1124
380008 1125
380114 1124
380221 1125
380327 1123
380433 1124
380540 1124
380646 1096
380753 1121
380859 1126
380967 1121
381073 1064
381179 1125
381285 1125
381392 1124
381498 1079
381605 1125
381711 1124
381817 1125
381924 1127
382031 1123
382137 1125
382244 1116
382350 1126
382456 1125
382563 1122
382669 1113
382776 1124
382882 1123
382990 1124
383096 1125
383202 1123
383308 1127
383415 1122
383521 1156
383628 1121
383734 1122
383840 1121
383947 1198
384054 1117
384161 1116
384267 1122
384374 1122
384480 1118
384586 1122
384693 1121
384799 1124
384906 1120
385013 1124
385119 1131
385225 1123
385332 1122
385438 1117
385545 1116
385651 1119
385758 1124
385864 1122
385972 1081
386078 1121
386184 1119
386290 1120
386397 1070
386503 1120
386609 1120
386716 1119
386822 1075
386929 1118
387036 1121
387142 1122
387248 1123
387355 1119
387461 1117
387568 1119
387674 1121
387781 1120
387887 1121
387995 1133
388101 1121
388207 1119
388313 1119
388420 1115
388526 1118
388632 1122
388739 1118
388845 1142
388953 1119
389059 1119
389165 1120
389271 1169
389378 1121
389484 1121
389591 1124
389697 1094
389804 1123
389910 1121
390018 1120
390124 1118
390230 1120
390336 1121
390443 1121
390549 1121
390655 1120
390762 1121
390868 1124
390976 1124
391082 1122
391188 1120
391294 1124
391401 1120
391507 1123
391614 1122
391720 1100
391827 1122
391933 1121
392041 1123
392147 1069
392253 1122
392359 1123
392466 1122
392572 1154
392678 1120
392785 1122
392891 1123
392999 1123
393105 1125
393211 1124
393317 1123
393424 1123
393530 1127
393637 1124
393743 1110
393850 1125
393957 1126
394063 1124
394169 1119
394276 1123
394382 1126
394489 1123
394595 1141
394701 1127
394808 1122
394914 1124
395022 1120
395128 1125
395234 1128
395340 1124
395447 1118
395553 1124
395660 1129
395766 1127
395873 1179
395980 1125
396086 1124
396192 1124
396299 1124
396405 1125
396512 1124
396618 1146
396724 1125
396831 1128
396937 1129
397045 1127
397151 1125
397257 1126
397363 1124
397470 1110
397576 1125
397683 1124
397789 1127
397896 1172
398003 1126
398109 1124
398215 1125
398322 1119
398428 1122
398535 1127
398641 1124
398747 1063
398854 1125
398961 1126
399068 1106
399174 1124
399280 1125
399386 1124
399493 1101
399599 1123
399706 1123
399812 1125
399919 1123
400026 1127
400132 1122
400238 1122
400345 1133
400451 1125
400558 1122
400664 1119
400770 1036
400877 1122
400984 1124
401091 1124
401197 1146
401303 1122
401409 1124
401516 1122
401622 1203
401729 1124
401835 1121
401942 1126
402049 1123
402155 1127
402261 1125
402368 1142
402474 1123
402581 1119
402687 1124
402793 1128
402900 1124
403007 1128
403114 1120
403220 1129
403326 1121
403432 1123
403539 1118
403645 1219
403752 1119
403858 1120
403966 1130
404072 1049
404178 1120
404284 1119
404391 1121
404497 1133
404604 1121
404710 1120
404816 1121
404923 1119
405030 1119
405137 1121
405243 1115
405349 1121
405455 1120
405562 1119
405668 1107
405775 1117
405881 1115
405989 1120
406095 1125
406201 1121
406307 1119
406414 1122
406520 1037
406627 1120
406733 1121
406839 1120
406946 1010
407053 1119
407160 1119
407266 1120
407373 1126
407479 1121
407586 1120
407692 1121
407798 1121
407905 1120
408012 1118
408118 1116
408225 1120
408331 1127
408437 1121
408544 1116
408650 1121
408757 1117
408863 1117
408971 1145
409077 1120
409183 1121
409289 1123
409396 1114
409502 1122
409609 1117
409715 1121
409821 1140
409928 1120
410035 1124
410141 1122
410248 1095
410354 1123
410460 1120
410567 1123
410673 1118
410780 1126
410886 1122
410994 1115
411100 1122
411206 1120
411312 1122
411419 1131
411525 1122
411632 1118
411738 1122
411844 1133
411952 1120
412058 1123
412164 1120
412271 1124
412377 1123
412483 1122
412590 1124
412696 1098
412803 1124
412909 1125
413017 1124
413123 1123
413229 1122
413335 1124
413442 1125
413548 1124
413655 1124
413761 1124
413867 1130
413975 1131
414081 1125
414187 1125
414294 1116
414400 1121
414506 1125
414613 1124
414719 1107
414826 1123
414932 1124
415040 1127
415146 1141
415252 1125
415358 1126
415465 1124
415571 1157
415678 1117
415784 1126
415890 1122
415998 1122
416104 1124
416210 1122
416317 1125
416423 1125
416529 1127
416636 1122
416742 1116
416849 1127
416956 1124
417062 1128
417168 1128
417275 1129
417381 1123
417488 1123
417594 1144
417701 1120
417807 1126
417913 1131
418021 1122
418127 1125
418233 1122
418340 1126
418446 1067
418552 1126
418659 1129
418765 1125
418872 1150
418979 1124
419085 1126
419191 1123
419298 1123
419404 1123
419511 1123
419617 1139
419724 1124
419830 1127
419936 1125
420044 1121
420150 1125
420256 1120
420363 1123
420469 1110
420575 1124
420682 1124
420788 1119
420895 1108
421002 1126
421108 1122
421214 1126
421321 1186
421427 1126
421534 1123
421640 1123
421747 1115
421853 1123
421960 1124
422067 1108
422173 1123
422279 1124
422386 1120
422492 1114
422598 1124
422705 1123
422811 1122
422918 1135
423025 1120
423131 1123
423237 1124
423344 1141
423450 1119
423557 1123
423663 1122
423770 1107
423876 1121
423983 1119
424090 1123
424196 1068
424302 1122
424409 1123
424515 1119
424621 1123
424728 1120
424834 1123
424941 1122
425048 1118
425154 1122
425260 1118
425367 1135
425473 1119
425580 1122
425686 1121
425793 1117
425899 1124
426006 1122
426113 1126
426219 1126
426325 1119
426432 1121
426538 1120
426644 1166
426751 1118
426857 1119
426965 1120
427071 1152
427177 1123
427283 1119
427390 1120
427496 1114
427603 1121
427709 1123
427816 1121
427922 1119
428029 1120
428136 1119
428242 1115
428348 1119
428455 1126
428561 1121
428667 1120
428774 1119
428880 1117
428988 1121
429094 1121
429200 1116
429306 1122
429413 1119
429519 1055
429626 1118
429732 1119
429839 1121
429945 1179
430051 1121
430157 1120
430264 1121
430370 1146
430476 1121
430583 1120
430689 1122
430795 1153
430902 1124
431009 1122
431115 1121
431222 1117
431328 1122
431434 1118
431541 1121
431647 1125
431754 1121
431860 1123
431968 1127
432074 1122
432180 1121
432286 1118
432393 1127
432499 1121
432606 1126
432712 1124
432818 1133
432925 1125
433032 1124
433138 1124
433245 1073
433351 1128
433457 1127
433564 1124
433670 1111
433777 1124
433883 1125
433991 1126
434097 1120
434203 1128
434309 1122
434416 1126
434522 1123
434629 1126
434735 1122
434841 1118
434948 1126
435055 1122
435161 1128
435267 1118
435373 1124
435480 1127
435586 1124
435693 1110
435799 1127
435906 1123
436013 1141
