2 3281
144 3293
251 3305
357 3321
464 3333
570 3347
676 3353
783 3364
889 3374
997 3378
1103 3391
1209 3397
1316 3403
1422 3418
1529 3415
1635 3419
1741 3422
1848 3433
1954 3435
2062 3437
2168 3442
2274 3439
2381 3435
2487 3433
2594 3427
2700 3422
2806 3417
2913 3412
3020 3411
3127 3399
3233 3395
3340 3385
3446 3388
3552 3369
3659 3356
3765 3347
3871 3333
3978 3322
4085 3309
4192 3290
4298 3281
4404 3267
4511 3247
4617 3233
4723 3217
4830 3200
4936 3179
5044 3166
5150 3148
5257 3125
5363 3108
5469 3085
5576 3065
5682 3042
5788 3018
5895 2996
6002 2973
6109 2949
6215 2922
6322 2899
6428 2875
6534 2850
6641 2822
6747 2780
6853 2765
6960 2740
7067 2712
7174 2683
7280 2654
7387 2626
7493 2589
7599 2565
7706 2535
7812 2506
7918 2468
8026 2439
8132 2411
8239 2380
8345 2347
8452 2319
8558 2285
8664 2256
8771 2240
8877 2188
8985 2157
9091 2124
9198 2083
9304 2056
9411 2023
9517 1989
9623 1954
9729 1922
9836 1884
9942 1855
10050 1819
10156 1782
10263 1754
10369 1719
10476 1686
10582 1652
10688 1618
10794 1592
10901 1554
11008 1519
11115 1494
11221 1457
11328 1426
11434 1396
11541 1363
11647 1324
11753 1302
11859 1272
11966 1239
12073 1212
12180 1182
12286 1154
12393 1126
12499 1097
12606 1067
12712 1041
12818 1013
12924 988
13032 962
13139 935
13245 910
13352 886
13458 860
13564 838
13671 831
13777 793
13883 768
13991 748
14097 736
14204 709
14310 693
14417 672
14523 653
14629 635
14736 618
14842 603
14948 588
15056 572
15162 561
15269 552
15375 536
15482 522
15588 508
15694 502
15801 488
15907 480
16014 474
16121 464
16227 460
16334 456
16440 444
16547 440
16653 436
16759 432
16866 428
16972 444
17079 419
17186 419
17292 420
17399 418
17505 423
17612 429
17718 436
17824 437
17931 444
18038 447
18144 455
18251 462
18357 466
18464 475
18570 480
18677 494
18783 504
18889 513
18997 510
19103 536
19210 550
19316 565
19423 576
19529 595
19635 606
19742 625
19848 641
19954 657
20062 676
20168 697
20275 709
20381 733
20488 754
20594 779
20700 794
20807 821
20913 841
21020 808
21127 888
21233 917
21340 942
21446 938
21553 993
21659 1021
21765 1043
21872 1078
21978 1102
22085 1131
22192 1159
22298 1191
22405 1222
22511 1250
22617 1280
22724 1308
22830 1338
22936 1371
23044 1404
23150 1435
23257 1464
23363 1499
23470 1530
23576 1559
23682 1591
23789 1624
23895 1656
24003 1687
24109 1723
24215 1754
24322 1778
24428 1823
24535 1856
24641 1892
24747 1923
24854 1957
24960 1989
25068 2024
25174 2057
25280 2090
25387 2124
25493 2151
25600 2184
25706 2221
25812 2252
25919 2281
26026 2314
26133 2346
26239 2377
26346 2414
26452 2441
26558 2475
26665 2503
26771 2556
26877 2564
26985 2596
27091 2629
27198 2657
27304 2683
27411 2714
27517 2740
27623 2766
27730 2791
27836 2821
27942 2850
28050 2870
28156 2901
28263 2925
28369 2953
28476 2978
28582 2998
28688 3024
28795 3042
28901 3063
29009 3088
29115 3108
29222 3128
29328 3149
29434 3164
29541 3189
29647 3201
29753 3220
29860 3235
29966 3253
30074 3267
30180 3281
30287 3296
30393 3310
30499 3321
30606 3331
30712 3344
30818 3354
30925 3362
31032 3373
31139 3385
31245 3391
31352 3397
31458 3405
31564 3410
31671 3395
31777 3416
31883 3427
31991 3430
32098 3433
32204 3436
32310 3438
32417 3438
32523 3434
32629 3428
32736 3427
32842 3424
32948 3416
33056 3412
33163 3405
33269 3399
33375 3392
33482 3385
33588 3371
33694 3364
33801 3356
33907 3345
34015 3332
34121 3309
34228 3310
34334 3295
34440 3283
34547 3266
34653 3250
34759 3232
34866 3220
34972 3201
35080 3181
35186 3168
35293 3146
35399 3125
35505 3104
35612 3086
35718 3064
35824 3041
35931 3015
36038 2998
36145 2964
36251 2948
36358 2924
36464 2895
36570 2863
36677 2843
36783 2819
36889 2789
36997 2761
37103 2735
37210 2708
37316 2679
37423 2652
37529 2616
37635 2592
37742 2558
37848 2534
37954 2496
38062 2465
38168 2432
38275 2407
38381 2373
38488 2340
38594 2313
38700 2282
38807 2248
38913 2213
39021 2198
39127 2149
39234 2115
39340 2083
39447 2008
39553 2017
39659 1982
39765 1950
39872 1914
39978 1882
40085 1844
40192 1810
40298 1782
40404 1742
40511 1714
40617 1677
40723 1648
40830 1611
40936 1579
41043 1550
41150 1508
41256 1484
41363 1456
41469 1421
41576 1395
41682 1357
41788 1332
41895 1290
42002 1265
42108 1242
42215 1207
42321 1207
42428 1149
42534 1120
42641 1094
42747 1064
42853 1037
42960 1010
43067 977
43173 957
43280 930
43386 905
43493 880
43599 857
43706 832
43812 810
43918 795
44026 768
44132 746
44239 729
44345 714
44452 684
44558 670
44664 650
44771 608
44877 614
44984 599
45091 587
45197 571
45304 557
45410 547
45517 528
45623 523
45729 508
45836 497
45942 489
46049 478
46156 474
46262 468
46369 459
46475 449
46582 443
46688 442
46794 429
46901 430
47008 427
47115 423
47221 389
47328 418
47434 416
47540 420
47647 422
47753 430
47859 433
47966 440
48073 443
48180 453
48286 454
48393 467
48499 469
48605 476
48712 484
48818 495
48924 506
49032 516
49138 530
49245 531
49351 552
49458 566
49564 583
49670 597
49777 611
49883 628
49991 643
50097 660
50203 680
50310 699
50416 713
50523 736
50629 755
50735 777
50842 800
50948 825
51056 846
51162 870
51268 899
51375 920
51481 943
51588 973
51694 976
51800 1025
51907 1051
52014 1078
52121 1107
52227 1135
52333 1165
52440 1193
52546 1220
52653 1255
52759 1280
52865 1315
52972 1343
53079 1377
53186 1407
53292 1440
53398 1471
53505 1503
53611 1532
53718 1562
53824 1597
53930 1627
54038 1661
54144 1698
54251 1725
54357 1761
54464 1793
54570 1832
54676 1860
54783 1897
54889 1929
54997 1963
55103 1997
55209 2030
55316 2063
55422 2097
55529 2132
55635 2164
55741 2192
55848 2228
55954 2261
56062 2291
56168 2328
56274 2353
56381 2385
56487 2416
56594 2463
56700 2480
56806 2503
56913 2539
57020 2572
57127 2600
57233 2631
57340 2661
57446 2685
57552 2715
57659 2740
57765 2774
57871 2794
57978 2824
58085 2850
58192 2880
58298 2904
58404 2932
58511 2951
58617 2977
58723 3000
58830 3023
58936 3046
59044 3053
59150 3090
59257 3111
59363 3132
59469 3128
59576 3167
59682 3189
59788 3203
59895 3211
60002 3241
60109 3253
60215 3267
60322 3284
60428 3296
60534 3310
60641 3319
60747 3335
60853 3344
60960 3355
61067 3367
61174 3375
61280 3381
61387 3390
61493 3399
61599 3405
61706 3412
61812 3417
61918 3408
62026 3426
62132 3431
62239 3435
62345 3424
62452 3443
62558 3439
62664 3434
62771 3426
62877 3427
62985 3418
63091 3418
63198 3406
63304 3399
63411 3394
63517 3388
63623 3383
63729 3372
63836 3361
63942 3352
64050 3343
64156 3331
64263 3319
64369 3302
64476 3290
64582 3279
64688 3262
64794 3262
64901 3232
65008 3216
65115 3199
65221 3182
65328 3161
65434 3141
65541 3119
65647 3102
65753 3080
65859 3061
65966 3037
66073 3013
66180 2992
66286 2967
66393 2940
66499 2919
66606 2892
66712 2867
66818 2839
66924 2812
67032 2784
67139 2755
67245 2724
67352 2701
67458 2673
67564 2647
67671 2612
67777 2586
67883 2552
67991 2525
68097 2494
68204 2463
68310 2428
68417 2399
68523 2368
68629 2335
68736 2303
68842 2275
68948 2237
69056 2206
69162 2176
69269 2139
69375 2111
69482 2080
69588 2042
69694 2032
69801 1975
69907 1945
70014 1906
70121 1876
70227 1844
70334 1806
70440 1771
70547 1740
70653 1704
70759 1671
70866 1638
70972 1609
71079 1576
71186 1542
71292 1514
71399 1483
71505 1444
71612 1418
71718 1384
71824 1353
71931 1320
72038 1290
72144 1286
72251 1230
72357 1201
72464 1174
72570 1149
72677 1112
72783 1087
72889 1060
72997 1033
73103 1003
73210 978
73316 951
73423 926
73529 899
73635 874
73742 852
73848 829
73954 809
74062 782
74168 762
74275 741
74381 724
74488 701
74594 684
74700 663
74807 650
74913 628
75020 609
75127 598
75233 584
75340 567
75446 553
75553 544
75659 531
75765 519
75872 507
75978 499
76085 487
76192 479
76298 469
76405 462
76511 460
76617 449
76724 445
76830 437
76936 433
77044 441
77150 427
77257 421
77363 420
77470 381
77576 422
77682 419
77789 422
77895 434
78003 436
78109 442
78215 447
78322 450
78428 459
78535 460
78641 471
78747 478
78854 487
78960 494
79068 505
79174 518
79280 532
79387 542
79493 563
79600 566
79706 584
79812 598
79919 631
80026 627
80133 648
80239 662
80346 682
80452 701
80558 722
80665 740
80771 760
80877 783
80985 804
81091 826
81198 849
81304 874
81411 899
81517 925
81623 949
81730 978
81836 1004
81942 1030
82050 1054
82156 1085
82263 1113
82369 1139
82476 1174
82582 1199
82688 1233
82795 1252
82901 1289
83009 1323
83115 1349
83222 1383
83328 1416
83434 1451
83541 1475
83647 1507
83753 1540
83860 1568
83966 1605
84074 1634
84180 1668
84287 1699
84393 1723
84499 1769
84606 1803
84712 1833
84818 1855
84925 1904
85032 1936
85139 1970
85245 2006
85352 2039
85458 2071
85564 2101
85671 2138
85777 2167
85883 2204
85991 2231
86098 2267
86204 2297
86310 2329
86417 2365
86523 2392
86629 2421
86736 2455
86842 2483
86948 2516
87056 2547
87163 2578
87269 2613
87375 2636
87482 2662
87588 2695
87694 2747
87801 2749
87907 2778
88015 2803
88121 2834
88228 2857
88334 2887
88440 2914
88547 2931
88653 2962
88759 2982
88866 3009
88972 3030
89080 3051
89186 3077
89293 3080
89399 3111
89505 3137
89612 3153
89718 3189
89824 3188
89931 3208
90038 3228
90145 3241
90251 3260
90358 3273
90464 3285
90570 3302
90677 3312
90783 3324
90889 3338
90997 3345
91103 3359
91210 3368
91316 3377
91423 3385
91529 3393
91635 3401
91742 3407
91848 3410
91954 3418
92062 3421
92168 3435
92275 3430
92381 3434
92488 3438
92594 3441
92700 3438
92807 3433
92913 3430
93021 3421
93127 3420
93234 3416
93340 3411
93447 3402
93553 3396
93659 3387
93765 3380
93872 3366
93978 3362
94085 3353
94192 3341
94298 3329
94404 3314
94511 3304
94617 3290
94723 3276
94830 3256
94936 3246
95043 3235
95150 3212
95256 3193
95363 3176
95469 3155
95576 3139
95682 3117
95788 3099
95895 3078
96002 3054
96108 3034
96215 3012
96321 2985
96428 2967
96534 2941
96641 2914
96747 2887
96853 2860
96960 2834
97067 2813
97173 2782
97280 2753
97386 2726
97493 2698
97599 2668
97706 2638
97812 2607
97918 2573
98026 2549
98132 2517
98239 2490
98345 2456
98452 2424
98558 2391
98664 2365
98771 2332
98877 2298
98984 2263
99091 2233
99197 2195
99304 2169
99410 2136
99517 2104
99623 2069
99729 2036
99836 2005
99942 1961
100049 1933
100156 1906
100262 1869
100369 1803
100475 1800
100582 1766
100688 1733
100794 1699
100901 1667
101008 1636
101115 1598
101221 1567
101328 1536
101434 1504
101540 1474
101647 1444
101753 1413
101859 1379
101966 1351
102073 1318
102180 1288
102286 1258
102393 1243
102499 1197
102605 1170
102712 1139
102818 1126
102924 1079
103032 1054
103138 1026
103245 1000
103351 972
103458 950
103564 922
103670 894
103777 871
103883 848
103991 826
104097 802
104203 780
104310 758
104416 736
104523 717
104629 695
104735 681
104842 644
104948 642
105056 626
105162 611
105268 616
105375 582
105481 565
105588 552
105694 542
105800 530
105907 514
106014 508
106121 496
106227 486
106333 480
106440 469
106546 462
106653 454
106759 449
106865 442
106972 436
107079 431
107186 433
107292 396
107398 424
107505 421
107611 389
107718 420
107824 423
107930 427
108038 431
108144 435
108251 440
108357 448
108464 450
108570 461
108676 464
108783 474
108889 478
108997 488
109103 501
109209 511
109316 520
109422 532
109529 544
109635 559
109741 541
109848 585
109954 599
110062 616
110168 625
110274 648
110381 667
110487 687
110594 705
110700 727
110806 743
110913 767
111020 786
111127 808
111233 835
111340 857
111446 875
111552 904
111659 928
111765 950
111871 978
111978 1006
112085 1035
112192 1050
112298 1087
112404 1117
112511 1142
112617 1160
112723 1202
112830 1232
112936 1264
113044 1290
113150 1325
113257 1353
113363 1385
113469 1417
113576 1450
113682 1481
113788 1512
113895 1544
114002 1575
114109 1607
114215 1643
114322 1672
114428 1707
114534 1739
114641 1773
114747 1805
114853 1839
114960 1874
115067 1902
115174 1941
115280 1974
115387 2009
115493 2029
115599 2078
115706 2111
115812 2145
115918 2175
116026 2207
116132 2242
116239 2274
116345 2302
116452 2333
116558 2366
116664 2402
116771 2426
116877 2460
116985 2490
117091 2590
117198 2550
117304 2582
117411 2609
117517 2641
117623 2669
117729 2699
117836 2722
117942 2729
118050 2781
118156 2810
118263 2835
118369 2863
118476 2885
118582 2915
118688 2939
118794 2964
118901 2988
119008 3007
119115 3035
119221 3057
119328 3078
119434 3099
119541 3119
119647 3138
119753 3157
119859 3174
119966 3196
120073 3209
120180 3229
120286 3244
120393 3268
120499 3273
120606 3288
120712 3301
120818 3314
120924 3328
121032 3341
121139 3354
121245 3362
121352 3370
121458 3377
121564 3388
121671 3394
121777 3403
121883 3407
121991 3412
122097 3418
122204 3421
122310 3430
122417 3443
122523 3433
122629 3443
122736 3438
122842 3461
122948 3435
123056 3424
123162 3424
123269 3418
123375 3412
123482 3407
123588 3401
123694 3395
123801 3383
123907 3378
124014 3367
124121 3359
124227 3350
124334 3339
124440 3320
124547 3315
124653 3298
124759 3288
124866 3273
124972 3256
125079 3242
125186 3225
125292 3209
125399 3189
125505 3173
125612 3157
125718 3133
125824 3116
125931 3094
126038 3068
126144 3053
126251 3029
126357 3007
126464 2980
126570 2959
126677 2934
126783 2907
126889 2882
126997 2857
127103 2828
127210 2803
127316 2753
127423 2745
127529 2720
127635 2690
127742 2660
127848 2629
127954 2604
128062 2577
128168 2543
128275 2515
128381 2482
128488 2452
128594 2420
128700 2388
128807 2357
128913 2331
129020 2293
129127 2263
129233 2230
129340 2193
129446 2165
129553 2129
129659 2100
129765 2066
129872 2031
129978 1997
130085 1962
130192 1917
130298 1897
130405 1863
130511 1827
130617 1792
130724 1760
130830 1726
130936 1693
131044 1661
131150 1628
131257 1594
131363 1563
131470 1531
131576 1499
131682 1466
131789 1439
131895 1407
132003 1371
132109 1343
132215 1307
132322 1279
132428 1251
132535 1221
132641 1210
132747 1162
132854 1134
132960 1103
133068 1059
133174 1051
133280 1023
133387 994
133493 969
133600 941
133706 919
133812 893
133919 866
134026 843
134133 822
134239 798
134346 776
134452 754
134558 734
134665 705
134771 697
134877 677
134985 658
135091 633
135198 622
135304 608
135411 592
135517 580
135623 565
135730 551
135836 537
135942 528
136050 513
136156 503
136263 496
136369 483
136476 474
136582 465
136688 463
136795 455
136901 447
137009 443
137115 437
137222 433
137328 428
137434 421
137541 422
137647 418
137753 414
137860 415
137966 394
138074 428
138180 431
138287 433
138393 443
138499 444
138606 451
138712 457
138818 467
138925 472
139032 480
139139 493
139245 501
139352 510
139458 525
139564 535
139671 548
139777 560
139883 573
139991 619
140098 603
140204 621
140310 636
140417 645
140523 672
140629 689
140736 711
140842 746
140948 750
141056 771
141163 796
141269 812
141375 836
141482 853
141588 882
141694 908
141801 938
141907 956
142015 985
142121 1013
142228 1041
142334 1065
142440 1094
142547 1125
142653 1152
142759 1179
142866 1234
142972 1241
143080 1268
143186 1303
143293 1330
143399 1363
143505 1393
143612 1423
143718 1456
143824 1486
143931 1518
144038 1549
144145 1581
144251 1615
144358 1649
144464 1679
144570 1716
144677 1747
144783 1783
144889 1813
144997 1848
145103 1884
145210 1915
145316 1934
145423 1984
145529 2013
145635 2052
145742 2070
145848 2119
145954 2145
146062 2181
146168 2215
146275 2247
146381 2279
146488 2309
146594 2341
146700 2373
146807 2402
146913 2437
147021 2466
147127 2497
147234 2526
147340 2561
147447 2590
147553 2618
147659 2645
147765 2677
147872 2703
147978 2734
148085 2757
148192 2758
148298 2813
148404 2839
148511 2868
148617 2891
148723 2919
148830 2942
148936 2968
149043 2992
149150 3013
149256 3036
149363 3059
149469 3080
149576 3102
149682 3122
149788 3141
149895 3159
150002 3178
150108 3197
150215 3214
150321 3231
150428 3248
150534 3264
150641 3251
150747 3290
150853 3302
150960 3318
151067 3327
151173 3343
151280 3352
151386 3363
151493 3373
151599 3377
151706 3389
151812 3395
151918 3400
152026 3408
152132 3414
152239 3418
152345 3424
152452 3428
152558 3434
152664 3436
152771 3441
152877 3438
152984 3437
153091 3446
153197 3427
153304 3423
153410 3419
153517 3411
153623 3406
153729 3399
153836 3393
153942 3384
154049 3377
154156 3371
154262 3357
154369 3350
154475 3334
154582 3323
154688 3313
154794 3296
154901 3283
155008 3271
155115 3253
155221 3236
155328 3224
155434 3203
155540 3187
155647 3168
155753 3152
155859 3134
155966 3121
156073 3094
156180 3071
156286 3048
156393 3022
156499 2999
156605 2978
156712 2951
156818 2931
156924 2903
157032 2877
157138 2857
157245 2826
157351 2798
157458 2769
157564 2745
157670 2715
157777 2686
157883 2660
157991 2619
158097 2600
158203 2569
158310 2540
158416 2489
158523 2475
158629 2443
158735 2415
158842 2379
158948 2350
159056 2320
159162 2287
159268 2256
159375 2224
159481 2190
159588 2159
159694 2129
159800 2091
159907 2058
160014 2027
160121 1992
160227 1957
160333 1924
160440 1896
160546 1855
160653 1824
160759 1785
160865 1743
160972 1721
161079 1686
161186 1654
161292 1619
161398 1594
161505 1556
161611 1523
161718 1497
161824 1462
161930 1432
162038 1393
162144 1365
162251 1338
162357 1306
162464 1276
162570 1246
162676 1216
162783 1188
162889 1156
162997 1125
163103 1101
163209 1074
163316 1051
163422 1015
163529 992
163635 964
163741 932
163848 912
163954 883
164062 856
164168 840
164274 814
164381 795
164487 773
164594 749
164700 733
164806 712
164913 691
165020 675
165127 655
165233 640
165340 606
165446 604
165552 590
165659 575
165765 562
165871 548
165978 537
166085 522
166192 512
166298 503
166404 493
166511 483
166617 473
166723 466
166830 461
166936 452
167044 445
167150 442
167257 436
167363 430
167469 430
167576 423
167682 419
167788 422
167895 415
168002 422
168109 426
168215 405
168322 435
168428 438
168534 442
168641 449
168747 453
168853 461
168960 469
169067 475
169174 482
169280 493
169387 501
169493 516
169599 524
169706 536
169812 545
169918 562
170026 576
170132 593
170239 592
170345 622
170452 640
170558 658
170664 697
170771 693
170877 712
170985 734
171091 753
171198 775
171304 795
171411 814
171517 840
171623 863
171729 890
171836 912
171942 937
172050 964
172156 991
172263 1015
172369 1044
172476 1072
172582 1101
172688 1128
172794 1156
172901 1184
173008 1216
173115 1231
173221 1276
173328 1304
173434 1337
173541 1366
173647 1396
173753 1427
173859 1464
173966 1490
174073 1524
174180 1555
174286 1588
174393 1620
174499 1653
174606 1683
174712 1718
174818 1752
174924 1786
175032 1819
175139 1856
175245 1886
175352 1922
175458 1952
175564 1968
175671 2019
175777 2055
175883 2088
175991 2119
176097 2155
176204 2187
176310 2220
176417 2251
176523 2282
176629 2314
176736 2344
176842 2379
176948 2407
177056 2440
177162 2473
177269 2502
177375 2532
177482 2566
177588 2585
177694 2624
177801 2649
177907 2677
178014 2719
178121 2735
178227 2763
178334 2793
178440 2812
178547 2843
178653 2870
178759 2895
178866 2919
178972 2949
179079 2973
179186 2998
179292 3020
179399 3042
179505 3063
179612 3086
179718 3104
179824 3125
179931 3144
180038 3162
180144 3183
180251 3200
180357 3217
180464 3232
180570 3248
180677 3264
180783 3280
180889 3294
180997 3305
181103 3319
181210 3334
181316 3341
181423 3354
181529 3365
181635 3371
181742 3382
181848 3385
181954 3399
182062 3403
182168 3408
182275 3416
182381 3420
182488 3423
182594 3428
182700 3432
182807 3440
182913 3437
183020 3435
183127 3435
183233 3429
183340 3412
183446 3421
183553 3413
183659 3410
183765 3411
183872 3398
183978 3390
184085 3385
184192 3375
184298 3365
184405 3355
184511 3346
184617 3334
184724 3320
184830 3304
184936 3294
185044 3282
185150 3267
185257 3252
185363 3226
185470 3218
185576 3202
185682 3185
185789 3174
185895 3147
186003 3125
186109 3110
186215 3087
186322 3065
186428 3044
186535 3020
186641 2996
186747 2975
186854 2950
186960 2923
187068 2897
187174 2876
187280 2845
187387 2821
187493 2795
187600 2764
187706 2738
187812 2708
187919 2679
188026 2652
188133 2623
188239 2586
188346 2560
188452 2533
188558 2504
188665 2478
188771 2439
188877 2407
188985 2375
189091 2349
189198 2313
189304 2284
189411 2252
189517 2215
189623 2187
189730 2153
189836 2123
189942 2090
190050 2052
190156 2021
190263 1986
190369 1952
190476 1920
190582 1885
190688 1854
190795 1812
190901 1782
191009 1748
191115 1716
191222 1681
191328 1649
191434 1612
191541 1584
191647 1551
191753 1522
191860 1486
191966 1456
192074 1424
192180 1393
192287 1362
192393 1333
192499 1296
192606 1272
192712 1238
192818 1210
192925 1180
193032 1152
193139 1124
193245 1097
193352 1066
193458 1037
193564 1014
193671 985
193777 956
193883 933
193991 906
194098 882
194204 857
194310 835
194417 810
194523 790
194629 768
194736 747
194842 724
194948 708
195056 690
195163 670
195269 650
195375 636
195482 618
195588 605
195694 585
195801 575
195907 559
196015 534
196121 530
196228 523
196334 511
196440 500
196547 490
196653 482
196759 473
196866 466
196972 458
197080 450
197186 445
197293 442
197399 436
197505 431
197612 427
197718 424
197824 420
197931 417
198038 440
198145 421
198251 425
198358 427
198464 432
198570 439
198677 441
198783 450
198889 453
198997 461
199103 467
199210 481
199316 486
199423 493
199529 500
199635 518
199742 526
199848 537
199954 549
200062 567
200168 581
200275 592
200381 609
200488 634
200594 641
200700 663
200807 677
200913 724
201021 714
201127 734
201234 754
201340 779
201447 797
201553 824
201659 843
201765 869
201872 892
201978 917
202085 942
202192 968
202298 996
202404 1025
202511 1049
202617 1074
202723 1106
202830 1134
202936 1163
203043 1191
203150 1220
203256 1249
203363 1293
203469 1308
203576 1343
203682 1371
203788 1393
203895 1434
204002 1466
204108 1499
204215 1529
204321 1558
204428 1591
204534 1618
204641 1654
204747 1688
204853 1722
204960 1758
205067 1785
205173 1823
205280 1859
205386 1890
205493 1927
205599 1956
205706 1995
205812 2024
205918 2060
206026 2094
206132 2126
206239 2153
206345 2188
206452 2223
206558 2256
206664 2285
206771 2320
206877 2349
206984 2380
207091 2419
207197 2449
207304 2478
207410 2506
207517 2538
207623 2570
207729 2600
207836 2627
207942 2655
208049 2685
208156 2715
208262 2748
208369 2772
208475 2798
208582 2823
208688 2864
208794 2871
208901 2899
209008 2926
209115 2950
209221 2978
209328 3001
209434 3019
209540 3045
209647 3065
209753 3090
209859 3106
209966 3131
210073 3154
210180 3168
210286 3189
210393 3204
210499 3220
210605 3237
210712 3248
210818 3264
210924 3280
211032 3294
211138 3302
211245 3320
211351 3333
211458 3347
211564 3344
211670 3368
211777 3377
211883 3382
211991 3391
212097 3398
212203 3405
212310 3412
212416 3415
212523 3421
212629 3423
212735 3432
212842 3430
212948 3439
213056 3441
213162 3392
213268 3432
213375 3431
213481 3426
213588 3407
213694 3416
213800 3410
213907 3402
214014 3395
214121 3389
214227 3383
214333 3375
214440 3363
214546 3350
214653 3340
214759 3331
214865 3319
214972 3305
215079 3289
215186 3281
215292 3264
215398 3249
215505 3233
215611 3219
215718 3203
215824 3176
215930 3165
216038 3148
216144 3126
216251 3103
216357 3084
216464 3048
216570 3038
216676 3015
216783 2994
216889 2968
216997 2942
217103 2922
217209 2894
217316 2869
217422 2842
217529 2814
217635 2785
217741 2762
217848 2731
217954 2701
218062 2672
218168 2646
218274 2616
218381 2588
218487 2582
218594 2527
218700 2497
218806 2465
218913 2455
219020 2403
219127 2370
219233 2338
219340 2306
219446 2272
219552 2244
219659 2209
219765 2182
219871 2146
219978 2113
220085 2081
220192 2048
220298 2008
220404 1979
220511 1946
220617 1914
220723 1875
220830 1847
220936 1810
221044 1772
221150 1744
221257 1709
221363 1673
221469 1645
221576 1610
221682 1578
221788 1538
221895 1515
222002 1482
222109 1449
222215 1419
222322 1388
222428 1354
222534 1326
222641 1294
222747 1268
222853 1232
222960 1206
223067 1178
223174 1145
223280 1118
223387 1096
223493 1059
223599 1038
223706 1003
223812 953
223918 950
224026 926
224132 903
224239 879
224345 854
224452 833
224558 811
224664 788
224771 763
224877 740
224985 722
225091 702
225198 681
225304 662
225411 646
225517 630
225623 611
225729 597
225836 584
225942 571
226050 557
226156 545
226263 536
226369 519
226476 508
226582 499
226688 482
226794 479
226901 470
227008 461
227115 458
227221 453
227328 447
227434 441
227541 438
227647 433
227753 425
227859 421
227966 415
228073 414
228180 419
228286 467
228393 426
228499 432
228606 437
228712 460
228818 443
228924 451
229032 456
229139 462
229245 470
229352 480
229458 486
229564 497
229671 503
229777 517
229883 529
229991 542
230097 555
230204 568
230310 577
230417 597
230523 609
230629 628
230736 646
230842 659
230948 678
231056 700
231162 699
231269 738
231375 761
231482 781
231588 803
231694 827
231801 847
231907 873
232014 893
232121 921
232227 945
232334 980
232440 998
232547 1029
232653 1055
232759 1084
232866 1107
232972 1139
233079 1167
233186 1198
233292 1228
233399 1257
233505 1284
233612 1322
233718 1346
233824 1380
233931 1406
234038 1455
234144 1475
234251 1508
234357 1535
234464 1569
234570 1597
234677 1634
234783 1662
234889 1698
234997 1733
235103 1766
235210 1795
235316 1833
235423 1866
235529 1902
235635 1928
235742 1966
235848 2002
235954 2034
236062 2085
236168 2100
236275 2133
236381 2169
236488 2186
236594 2231
236700 2263
236807 2295
236913 2297
237020 2357
237127 2391
237233 2425
237340 2447
237446 2482
237553 2513
237659 2545
237765 2575
237872 2604
237978 2633
238085 2658
238192 2692
238298 2721
238405 2746
238511 2771
238617 2804
238724 2829
238830 2855
238936 2884
239044 2908
239150 2932
239257 2960
239363 2977
239470 3000
239576 3025
239682 3046
239789 3068
239895 3090
240003 3110
240109 3135
240215 3153
240322 3173
240428 3189
240535 3206
240641 3224
240747 3240
240854 3256
240960 3271
241068 3282
241174 3298
241280 3313
241387 3328
241493 3338
241600 3347
241706 3359
241812 3366
241919 3379
242026 3384
242133 3391
242239 3400
242346 3408
242452 3409
242558 3419
242665 3422
242771 3429
242877 3430
242985 3435
243091 3441
243198 3440
243304 3436
243411 3418
243517 3428
243623 3424
243730 3415
243836 3415
243942 3407
244050 3401
244156 3394
244263 3390
244369 3384
244476 3375
244582 3363
244688 3352
244795 3336
244901 3330
245009 3318
245115 3302
245222 3292
245328 3276
245434 3265
245541 3248
245647 3231
245753 3217
245860 3195
245966 3179
246074 3159
246180 3142
246287 3108
246393 3102
246499 3081
246606 3057
246712 3034
246818 3013
246925 2987
247032 2965
247139 2945
247245 2914
247352 2891
247458 2865
247564 2834
247671 2811
247777 2780
247883 2754
247991 2729
248098 2699
248204 2671
248310 2631
248417 2613
248523 2582
248629 2551
248736 2519
248842 2489
248948 2458
249056 2427
249163 2401
249269 2366
249375 2332
249482 2297
249588 2269
249694 2238
249801 2206
249907 2174
250015 2139
250121 2108
250228 2075
250334 2042
250440 2009
250547 1974
250653 1939
250759 1907
250866 1873
250972 1838
251080 1804
251186 1754
251293 1735
251399 1705
251505 1671
251612 1642
251718 1605
251824 1571
251931 1540
252038 1509
252145 1476
252251 1442
252358 1411
252464 1382
252570 1352
252677 1317
252783 1290
252889 1257
252997 1228
253103 1200
253210 1166
253316 1140
253423 1114
253529 1085
253635 1052
253742 1029
253848 1003
253954 978
254062 963
254168 926
254275 898
254381 875
254488 849
254594 822
254700 803
254807 781
254913 758
255021 739
255127 718
255234 699
255340 683
255447 657
255553 647
255659 623
255765 614
255872 596
255978 579
256085 574
256192 552
256298 540
256404 527
256511 517
256617 507
256723 494
256830 485
256936 508
257043 470
257150 461
257256 458
257363 448
257469 444
257576 437
257682 433
257788 429
257895 423
258002 422
258108 416
258215 414
258321 422
258428 424
258534 428
258641 431
258747 434
258853 438
258960 444
259067 447
259173 459
259280 467
259386 466
259493 481
259599 486
259706 495
259812 502
259918 520
260026 533
260132 544
260239 555
260345 569
260452 583
260558 597
260664 612
260771 631
260877 648
260984 665
261091 682
261197 703
261304 723
261410 742
261517 763
261623 787
261729 808
261836 814
261942 852
262049 878
262156 901
262262 929
262369 954
262475 981
262582 1005
262688 1035
262794 1061
262901 1092
263008 1121
263115 1143
263221 1174
263328 1201
263434 1231
263540 1261
263647 1292
263753 1321
263859 1349
263966 1383
264073 1417
264180 1445
264286 1477
264393 1511
264499 1540
264605 1576
264712 1627
264818 1638
264924 1669
265032 1706
265138 1737
265245 1768
265351 1807
265458 1840
265564 1872
265670 1906
265777 1937
265883 1978
265991 2008
266097 2042
266203 2073
266310 2112
266416 2140
266523 2171
266629 2202
266735 2224
266842 2269
266948 2302
267056 2333
267162 2361
267268 2394
267375 2425
267481 2456
267588 2488
267694 2516
267800 2549
267907 2578
268014 2608
268121 2640
268227 2670
268333 2691
268440 2723
268546 2753
268653 2779
268759 2805
268865 2833
268972 2860
269079 2889
269186 2938
269292 2938
269398 2963
269505 2985
269611 3013
269718 3029
269824 3055
269930 3075
270038 3097
270144 3116
270251 3139
270357 3156
270464 3172
270570 3191
270676 3209
270783 3226
270889 3240
270997 3257
271103 3273
271209 3259
271316 3300
271422 3314
271529 3326
271635 3345
271741 3348
271848 3361
271954 3369
272062 3378
272168 3385
272274 3393
272381 3398
272487 3408
272594 3415
272700 3419
272806 3417
272913 3427
273020 3430
273127 3440
273233 3440
273340 3438
273446 3435
273552 3433
273659 3430
273765 3424
273871 3414
273978 3416
274085 3400
274192 3398
274298 3394
274404 3387
274511 3379
274617 3369
274723 3363
274830 3351
274936 3338
275044 3326
275150 3316
275257 3295
275363 3289
275469 3275
275576 3257
275682 3247
275788 3229
275895 3212
276002 3196
276109 3175
276215 3158
276322 3138
276428 3118
276534 3098
276641 3077
276747 3052
276853 3033
276960 3014
277067 2987
277174 2962
277280 2939
277387 2912
277493 2884
277599 2857
277706 2832
277812 2805
277918 2774
278026 2746
278132 2721
278239 2693
278345 2664
278452 2635
278558 2607
278664 2575
278771 2547
278877 2515
278985 2467
279091 2453
279198 2421
279304 2392
279411 2371
279517 2326
279623 2292
279729 2263
279836 2253
279942 2201
280050 2165
280156 2135
280263 2102
280369 2070
280476 2034
280582 1998
280688 1966
280794 1933
280901 1900
281008 1865
281115 1833
281221 1799
281328 1763
281434 1730
281541 1695
281647 1666
281753 1630
281859 1590
281966 1565
282073 1534
282180 1502
282286 1472
282393 1440
282499 1410
282606 1377
282712 1347
282818 1315
282924 1286
283032 1256
283139 1223
283245 1191
283352 1166
283458 1135
283564 1108
283671 1079
283777 1052
283883 1023
283991 995
284097 971
284204 943
284310 942
284417 895
284523 869
284629 847
284736 821
284842 802
284948 778
285056 754
285162 737
285269 715
285375 694
285482 680
285588 657
285694 641
285801 622
285907 611
286014 595
286121 579
286227 566
286334 515
286440 537
286547 530
286653 515
286759 501
286866 492
286972 485
287079 475
287186 476
287292 461
287399 457
287505 448
287612 443
287718 440
287824 434
287931 425
288038 426
288144 421
288251 420
288357 415
288464 420
288570 425
288677 429
288783 432
288889 436
288997 445
289103 449
289210 426
289316 461
289423 466
289529 474
289635 476
289742 493
289848 498
289954 512
290062 521
290168 534
290275 547
290381 559
290488 573
290594 585
290700 602
290807 616
290913 633
291020 650
291127 670
291233 688
291340 708
291446 726
291553 746
291659 767
291765 788
291872 809
291978 832
292085 840
292192 878
292298 906
292405 926
292511 957
292617 986
292724 1010
292830 1031
292936 1067
293044 1092
293150 1123
293257 1148
293363 1181
293470 1206
293576 1237
293682 1262
293789 1298
293895 1325
294003 1358
294109 1394
294215 1423
294322 1453
294428 1485
294535 1516
294641 1550
294747 1578
294854 1611
294960 1645
295068 1675
295174 1710
295280 1741
295387 1777
295493 1811
295600 1842
295706 1877
295812 1909
295919 1947
296026 1981
296133 2018
296239 2047
296346 2077
296452 2114
296558 2191
296665 2161
296771 2207
296877 2240
296985 2275
297091 2307
297198 2334
297304 2366
297411 2400
297517 2429
297623 2461
297730 2490
297836 2521
297942 2554
298050 2583
298156 2616
298263 2644
298369 2673
298476 2701
298582 2728
298688 2755
298795 2782
298901 2810
299009 2842
299115 2865
299222 2891
299328 2915
299434 2935
299541 2968
299647 2986
299753 3014
299860 3033
299966 3058
300074 3078
300180 3102
300287 3122
300393 3140
300499 3156
300606 3180
300712 3196
300818 3212
300925 3226
301032 3248
301139 3262
301245 3275
301352 3291
301458 3318
301564 3314
301671 3330
301777 3339
301883 3354
301991 3362
302098 3374
302204 3380
302310 3391
302417 3394
302523 3400
302629 3407
302736 3415
302842 3417
302948 3424
303056 3427
303163 3431
303269 3439
303375 3441
303482 3436
303588 3435
303694 3430
303801 3428
303907 3422
304015 3415
304121 3414
304228 3405
304334 3406
304440 3394
304547 3382
304653 3379
304759 3361
304866 3361
304972 3346
305080 3335
305186 3327
305293 3312
305399 3299
305505 3288
305612 3271
305718 3257
305824 3241
305931 3226
306038 3208
306145 3191
306251 3173
306358 3153
306464 3134
306570 3116
306677 3094
306783 3049
306889 3049
306997 3028
307103 3004
307210 2996
307316 2958
307423 2931
307529 2905
307635 2878
307742 2855
307848 2829
307954 2798
308062 2772
308168 2747
308275 2719
308381 2688
308488 2661
308594 2632
308700 2599
308807 2572
308913 2540
309021 2511
309127 2478
309234 2446
309340 2413
309447 2383
309553 2356
309659 2329
309765 2292
309872 2260
309978 2222
310085 2195
310192 2160
310298 2134
310404 2095
310511 2064
310617 2030
310723 1995
310830 1963
310936 1928
311043 1893
311150 1859
311256 1823
311363 1792
311469 1755
311576 1725
311682 1688
311788 1658
311895 1625
312002 1588
312108 1544
312215 1528
312321 1498
312428 1464
312534 1435
312641 1402
312747 1367
312853 1339
312960 1324
313067 1278
313173 1248
313280 1217
313386 1190
313493 1158
313599 1130
313706 1103
313812 1075
313918 1049
314026 1018
314132 994
314239 967
314345 941
314452 912
314558 890
314664 862
314771 845
314877 818
314984 827
315091 777
315197 753
315304 730
315410 713
315517 692
315623 677
315729 654
315836 640
315942 620
316049 605
316156 596
316262 578
316369 561
316475 552
316582 539
316688 525
316794 511
316901 504
317008 517
317115 483
317221 475
317328 468
317434 437
317540 454
317647 446
317753 442
317859 382
317966 434
318073 429
318180 420
318286 421
318393 419
318499 418
318605 419
318712 424
318818 428
318924 431
319032 431
319138 439
319245 445
319351 453
319458 459
319564 465
319670 469
319777 478
319883 499
319991 504
320097 517
320203 522
320310 537
320416 546
320523 561
320629 574
320735 590
320842 603
320948 621
321056 638
321162 654
321268 672
321375 690
321481 712
321588 731
321694 751
321800 775
321907 796
322014 815
322121 840
322227 861
322333 882
322440 912
322546 934
322653 966
322759 988
322865 1016
322972 1043
323079 1069
323186 1100
323292 1125
323398 1153
323505 1183
323611 1210
323718 1245
323824 1272
323930 1305
324038 1335
324144 1365
324251 1395
324357 1442
324464 1457
324570 1489
324676 1521
324783 1559
324889 1588
324997 1618
325103 1651
325209 1681
325316 1716
325422 1745
325529 1783
325635 1815
325741 1848
325848 1885
325954 1915
326062 1951
326168 1990
326274 2020
326381 2056
326487 2085
326594 2119
326700 2151
326806 2180
326913 2219
327020 2253
327127 2281
327233 2335
327340 2345
327446 2373
327552 2409
327659 2442
327765 2470
327871 2495
327978 2529
328085 2562
328192 2590
328298 2622
328404 2652
328511 2677
328617 2708
328723 2731
328830 2762
328936 2790
329044 2817
329150 2843
329257 2871
329363 2894
329469 2922
329576 2945
329682 2971
329788 2995
329895 3018
330002 3040
330109 3043
330215 3083
330322 3106
330428 3122
330534 3143
330641 3163
330747 3182
330853 3196
330960 3217
331067 3232
331174 3247
331280 3264
331387 3277
331493 3292
331599 3305
331706 3319
331812 3330
331918 3341
332026 3354
332132 3343
332239 3369
332345 3382
332452 3390
332558 3384
332664 3401
332771 3410
332877 3415
332985 3420
333091 3424
333198 3430
333304 3429
333411 3434
333517 3441
333623 3436
333729 3432
333836 3428
333942 3429
334050 3423
334156 3418
334263 3412
334369 3404
334476 3398
334582 3454
334688 3382
334794 3376
334901 3366
335008 3367
335115 3346
335221 3335
335328 3324
335434 3310
335541 3295
335647 3282
335753 3264
335859 3254
335966 3237
336073 3220
336180 3202
336286 3189
336393 3167
336499 3153
336606 3130
336712 3108
336818 3089
336924 3069
337032 3042
337139 3024
337245 3000
337352 2978
337458 2948
337564 2926
337671 2903
337777 2879
337883 2839
337991 2822
338097 2795
338204 2765
338310 2740
338417 2708
338523 2683
338629 2656
338736 2624
338842 2595
338948 2565
339056 2534
339162 2502
339269 2472
339375 2443
339482 2407
339588 2379
339694 2347
339801 2315
339907 2277
340014 2254
340121 2220
340227 2190
340334 2155
340440 2123
340547 2091
340653 2055
340759 2021
340866 1986
340972 1955
341079 1921
341186 1885
341292 1855
341399 1819
341505 1782
341612 1753
341718 1718
341824 1686
341931 1651
342038 1616
342144 1585
342251 1556
342357 1536
342464 1491
342570 1458
342677 1430
342783 1394
342889 1366
342997 1334
343103 1306
343210 1271
343316 1243
343423 1212
343529 1185
343635 1150
343742 1126
343848 1097
343954 1073
344062 1041
344168 1015
344275 986
344381 997
344488 935
344594 908
344700 885
344807 862
344913 834
345020 812
345127 792
345233 775
345340 751
345446 727
345553 709
345659 692
345765 670
345872 654
345978 635
346085 619
346192 602
346298 589
346405 573
346511 563
346617 547
346724 537
346830 523
346936 510
347044 499
347150 491
347257 509
347363 475
347470 466
347576 461
347682 450
347789 450
347895 441
348003 436
348109 430
348215 428
348322 425
348428 428
348535 415
348641 421
348747 421
348854 428
348960 428
349068 432
349174 441
349280 449
349387 449
349493 453
349600 461
349706 460
349812 477
349919 485
350026 491
350133 492
350239 515
350346 527
350452 539
350558 550
350665 565
350771 578
350877 590
350985 608
351091 624
351198 644
351304 659
351411 677
351517 693
351623 713
351730 736
351836 752
351942 772
352050 796
352156 828
352263 839
352369 866
352476 891
352582 902
352688 939
352795 966
352901 992
353009 1022
353115 1048
353222 1076
353328 1104
353434 1131
353541 1160
353647 1187
353753 1221
353860 1246
353966 1279
354074 1309
354180 1341
354287 1372
354393 1400
354499 1431
354606 1466
354712 1491
354818 1527
354925 1558
355032 1583
355139 1623
355245 1657
355352 1686
355458 1723
355564 1755
355671 1788
355777 1821
355883 1859
355991 1890
356098 1923
356204 1960
356310 1993
356417 2025
356523 2060
356629 2086
356736 2124
356842 2156
356948 2190
357056 2228
357163 2254
357269 2285
357375 2317
357482 2362
357588 2381
357694 2411
357801 2442
357907 2479
358015 2502
358121 2538
358228 2566
358334 2595
358440 2625
358547 2655
358653 2680
358759 2709
358866 2739
358972 2764
359080 2793
359186 2821
359293 2846
359399 2875
359505 2900
359612 2926
359718 2952
359824 2972
359931 2964
360038 3024
360145 3044
360251 3066
360358 3088
360464 3107
360570 3127
360677 3143
360783 3169
360889 3184
360997 3200
361103 3218
361210 3236
361316 3248
361423 3266
361529 3280
361635 3296
361742 3306
361848 3321
361954 3330
362062 3342
362168 3356
362275 3366
362381 3396
362488 3383
362594 3390
362700 3398
362807 3381
362913 3410
363021 3418
363127 3422
363234 3429
363340 3431
363447 3432
363553 3436
363659 3441
363765 3438
363872 3434
363978 3430
364085 3426
364192 3422
364298 3419
364404 3407
364511 3403
364617 3397
364723 3391
364830 3383
364936 3376
365043 3366
365150 3354
365256 3349
365363 3334
365469 3318
365576 3313
365682 3315
365788 3280
365895 3266
366002 3253
366108 3235
366215 3221
366321 3202
366428 3183
366534 3163
366641 3149
366747 3126
366853 3108
366960 3085
367067 3064
367173 3041
367280 3018
367386 2996
367493 2972
367599 2946
367706 2922
367812 2894
367918 2871
368026 2845
368132 2820
368239 2787
368345 2762
368452 2732
368558 2705
368664 2676
368771 2645
368877 2617
368984 2589
369091 2557
369197 2524
369304 2498
369410 2467
369517 2436
369623 2408
369729 2369
369836 2344
369942 2311
370049 2279
370156 2274
370262 2214
370369 2184
370475 2151
370582 2116
370688 2086
370794 2051
370901 2018
371008 1981
371115 1947
371221 1913
371328 1888
371434 1850
371540 1812
371647 1779
371753 1746
371859 1710
371966 1680
372073 1646
372180 1612
372286 1581
372393 1548
372499 1517
372605 1480
372712 1456
372818 1422
372924 1392
373032 1382
373138 1332
373245 1297
373351 1264
373458 1238
373564 1205
373670 1175
373777 1149
373883 1120
373991 1090
374097 1062
374203 1038
374310 1010
374416 982
374523 956
374629 930
374735 905
374842 880
374948 858
375056 828
375162 809
375268 788
375375 768
375481 740
375588 726
375694 707
375800 685
375907 642
376014 651
376121 635
376227 619
376333 600
376440 584
376546 572
376653 559
376759 543
376865 535
376972 523
377079 510
377186 500
377292 489
377398 480
377505 476
377611 463
377718 459
377824 451
377930 476
378038 440
378144 435
378251 431
378357 427
378464 424
378570 421
378676 415
378783 420
378889 423
378997 423
379103 434
379209 433
379316 439
379422 440
379529 451
379635 457
379741 461
379848 468
379954 477
380062 484
380168 498
380274 506
380381 520
380487 530
380594 538
380700 552
380806 571
380913 578
381020 598
381127 611
381233 628
381340 646
381446 661
381552 679
381659 699
381765 714
381871 736
381978 764
382085 779
382192 800
382298 823
382404 846
382511 870
382617 894
382723 921
382830 905
382936 967
383044 993
383150 1026
383257 1082
383363 1080
383469 1107
383576 1135
383682 1166
383788 1194
383895 1223
384002 1255
384109 1284
384215 1315
384322 1349
384428 1376
384534 1408
384641 1437
384747 1469
384853 1499
384960 1534
385067 1565
385174 1597
385280 1628
385387 1663
385493 1693
385599 1731
385706 1780
385812 1796
385918 1830
386026 1860
386132 1896
386239 1933
386345 1963
386452 1998
386558 2029
386664 2065
386771 2099
386877 2128
386985 2166
387091 2197
387198 2229
387304 2261
387411 2289
387517 2324
387623 2355
387729 2392
387836 2416
387942 2450
388050 2480
388156 2479
388263 2539
388369 2572
388476 2603
388582 2630
388688 2658
388794 2689
388901 2714
389008 2745
389115 2772
389221 2799
389328 2831
389434 2854
389541 2881
389647 2906
389753 2933
389859 2957
389966 2977
390073 3003
390180 3027
390286 3051
390393 3069
390499 3092
390606 3114
390712 3130
390818 3150
390924 3170
391032 3189
391139 3207
391245 3222
391352 3239
391458 3251
391564 3269
391671 3281
391777 3302
391883 3311
391991 3319
392097 3335
392204 3353
392310 3358
392417 3370
392523 3372
392629 3378
392736 3390
392842 3400
392948 3406
393056 3408
393162 3416
393269 3424
393375 3427
393482 3429
393588 3435
393694 3441
393801 3443
393907 3436
394014 3433
394121 3430
394227 3427
394334 3419
394440 3413
394547 3408
394653 3407
394759 3398
394866 3387
394972 3382
395079 3379
395186 3362
395292 3353
395399 3339
395505 3331
395612 3319
395718 3305
395824 3293
395931 3274
396038 3265
396144 3250
396251 3232
396357 3215
396464 3197
396570 3176
396677 3164
396783 3140
396889 3124
396997 3103
397103 3079
397210 3061
397316 3036
397423 3012
397529 2990
397635 2967
397742 2943
397848 2917
397954 2891
398062 2867
398168 2839
398275 2811
398381 2786
398488 2752
398594 2730
398700 2700
398807 2670
398913 2643
399020 2612
399127 2585
399233 2552
399340 2523
399446 2495
399553 2460
399659 2427
399765 2400
399872 2365
399978 2340
400085 2302
400192 2274
400298 2243
400405 2184
400511 2176
400617 2145
400724 2110
400830 2075
400936 2044
401044 2009
401150 1976
401257 1941
401363 1910
401470 1872
401576 1839
401682 1809
401789 1773
401895 1739
402003 1700
402109 1674
402215 1640
402322 1608
402428 1574
402535 1543
402641 1513
402747 1479
402854 1490
402960 1412
403068 1379
403174 1355
403280 1343
403387 1291
403493 1259
403600 1230
403706 1203
403812 1171
403919 1144
404026 1111
404133 1087
404239 1058
404346 1028
404452 1001
404558 976
404665 947
404771 921
404877 902
404985 867
405091 849
405198 824
405304 786
405411 784
405517 756
405623 740
405730 722
405836 700
405942 680
406050 665
406156 646
406263 626
406369 612
406476 593
406582 580
406688 570
406795 549
406901 542
407009 531
407115 520
407222 509
407328 494
407434 486
407541 486
407647 470
407753 466
407860 455
407966 453
408074 445
408180 452
408287 437
408393 434
408499 423
408606 424
408712 420
408818 414
408925 415
409032 416
409139 429
409245 428
409352 435
409458 441
409564 445
409671 452
409777 456
409883 465
409991 470
410098 476
410204 479
410310 497
410417 509
410523 521
410629 510
410736 543
410842 553
410948 568
411056 584
411163 599
411269 615
411375 630
411482 646
411588 665
411694 682
411801 701
411907 721
412015 742
412121 763
412228 780
412334 805
412440 832
412547 851
412653 875
412759 895
412866 926
412972 953
413080 979
413186 1005
413293 1029
413399 1059
413505 1085
413612 1111
413718 1141
413824 1169
413931 1199
414038 1226
414145 1260
414251 1291
414358 1319
414464 1347
414570 1379
414677 1412
414783 1443
414889 1474
414997 1508
415103 1496
415210 1571
415316 1604
415423 1636
415529 1666
415635 1705
415742 1734
415848 1770
415954 1793
416062 1834
416168 1872
416275 1903
416381 1937
416488 1969
416594 2005
416700 2039
416807 2068
416913 2104
417021 2139
417127 2173
417234 2201
417340 2232
417447 2267
417553 2298
417659 2329
417765 2361
417872 2391
417978 2396
418085 2455
418192 2481
418298 2517
418404 2545
418511 2577
418617 2604
418723 2638
418830 2666
418936 2696
419043 2721
419150 2748
419256 2775
419363 2807
419469 2830
419576 2855
419682 2884
419788 2910
419895 2934
420002 2957
420108 2984
420215 3010
420321 3026
420428 3077
420534 3074
420641 3095
420747 3112
420853 3130
420960 3151
421067 3169
421173 3192
421280 3201
421386 3227
421493 3241
421599 3255
421706 3272
421812 3286
421918 3304
422026 3314
422132 3325
422239 3337
422345 3350
422452 3357
422558 3369
422664 3377
422771 3386
422877 3393
422984 3400
423091 3405
423197 3413
423304 3434
423410 3424
423517 3426
423623 3431
423729 3432
423836 3441
423942 3439
424049 3433
424156 3435
424262 3427
424369 3424
424475 3417
424582 3414
424688 3407
424794 3401
424901 3398
425008 3389
425115 3379
425221 3368
425328 3359
425434 3357
425540 3336
425647 3324
425753 3321
425859 3300
425966 3290
426073 3274
426180 3284
426286 3247
426393 3232
426499 3213
426605 3194
426712 3177
426818 3159
426924 3136
427032 3119
427138 3101
427245 3077
427351 3055
427458 3035
427564 3011
427670 2989
427777 2959
427883 2936
427991 2917
428097 2887
428203 2852
428310 2837
428416 2808
428523 2782
428629 2748
428735 2726
428842 2694
428948 2665
429056 2638
429162 2608
429268 2584
429375 2546
429481 2518
429588 2488
429694 2457
429800 2423
429907 2392
430014 2362
430121 2332
430227 2295
430333 2267
430440 2235
430546 2201
430653 2130
430759 2137
430865 2104
430972 2073
431079 2022
431186 2004
431292 1971
431398 1934
431505 1903
431611 1865
431718 1835
431824 1797
431930 1766
432038 1731
432144 1699
432251 1666
432357 1631
432464 1603
432570 1570
432676 1530
432783 1504
432889 1474
432997 1445
433103 1413
433209 1382
433316 1351
433422 1320
433529 1289
433635 1257
433741 1224
433848 1198
433954 1182
434062 1135
434168 1111
434274 1082
434381 1054
434487 1027
434594 1000
434700 973
434806 944
434913 921
435020 898
435127 870
435233 848
435340 826
435446 797
435552 789
435659 756
435765 742
435871 717
435978 704
436085 680
436192 673
