2 3819
145 3823
251 3808
357 3821
464 3824
570 3823
676 3828
783 3822
889 3819
997 3819
1103 3794
1210 3824
1316 3818
1422 3829
1528 3780
1635 3821
1741 3823
1847 3819
1954 3828
2061 3822
2168 3819
2274 3822
2381 3821
2487 3819
2593 3818
2700 3822
2806 3821
2912 3822
3020 3822
3126 3814
3233 3821
3339 3821
3445 3821
3552 3827
3658 3822
3764 3824
3871 3818
3977 3820
4084 3823
4191 3822
4297 3822
4403 3825
4510 3822
4616 3822
4722 3819
4829 3794
4935 3820
5042 3820
5149 3822
5255 3824
5362 3820
5468 3820
5574 3819
5681 3821
5787 3818
5893 3822
6001 3806
6107 3823
6214 3823
6320 3820
6426 3827
6533 3820
6639 3821
6745 3817
6852 3815
6958 3820
7066 3820
7172 3822
7278 3869
7385 3822
7491 3817
7597 3818
7704 3762
7810 3817
7916 3822
8024 3820
8130 3818
8237 3822
8343 3819
8450 3823
8556 3819
8662 3822
8768 3818
8875 3832
8981 3819
9089 3816
9195 3821
9302 3810
9408 3819
9514 3822
9621 3816
9727 3809
9833 3817
9940 3824
10047 3821
10154 3817
10260 3820
10366 3819
10473 3818
10579 3880
10685 3824
10792 3819
10898 3819
11005 3821
11112 3819
11218 3821
11325 3815
11431 3819
11537 3818
11644 3818
11750 3838
11856 3821
11963 3819
12070 3820
12176 3821
12283 3821
12389 3817
12496 3821
12602 3836
12708 3816
12815 3821
12921 3820
13029 3780
13135 3820
13241 3817
13348 3820
13454 3813
13560 3823
13667 3818
13773 3821
13879 3822
13987 3820
14093 3821
14200 3819
14306 3821
14413 3820
14519 3817
14625 3821
14731 3818
14838 3821
14944 3819
15052 3831
15158 3820
15265 3815
15371 3820
15477 3692
15584 3818
15690 3822
15796 3819
15903 3804
16010 3820
16117 3821
16223 3818
16329 3816
16436 3817
16542 3821
16648 3821
16755 3822
16861 3820
16967 3821
17075 3814
17181 3821
17288 3823
17394 3821
17500 3806
17607 3823
17713 3820
17819 3822
17926 3809
18033 3823
18139 3822
18246 3822
18352 3826
18459 3820
18565 3820
18671 3819
18778 3853
18884 3823
18992 3821
19098 3820
19204 3814
19311 3820
19417 3819
19523 3824
19630 3820
19736 3825
19842 3823
19949 3819
20056 3824
20163 3820
20269 3820
20376 3824
20482 3819
20588 3823
20694 3818
20801 3806
20907 3822
21015 3822
21121 3826
21228 3822
21334 3820
21440 3823
21547 3820
21653 3774
21759 3818
21866 3821
21972 3819
22079 3819
22186 3823
22292 3823
22399 3821
22505 3820
22611 3822
22718 3824
22824 3822
22930 3822
23038 3823
23144 3821
23251 3816
23357 3823
23463 3821
23570 3822
23676 3824
23782 3818
23889 3820
23996 3820
24102 3837
24209 3825
24315 3819
24422 3813
24528 3812
24634 3822
24741 3818
24847 3819
24953 3832
25061 3819
25167 3822
25274 3821
25380 3816
25486 3820
25593 3818
25699 3824
25805 3820
25912 3820
26019 3820
26126 3831
26232 3819
26339 3824
26445 3821
26551 3833
26657 3817
26764 3821
26870 3818
26976 3799
27084 3820
27191 3820
27297 3819
27403 3822
27510 3818
27616 3822
27722 3818
27829 3787
27935 3818
28042 3822
28149 3817
28255 3822
28362 3818
28468 3820
28574 3812
28681 3821
28787 3822
28893 3823
29001 3819
29107 3821
29214 3819
29320 3822
29426 3821
29533 3821
29639 3819
29745 3818
29852 3842
29958 3819
30065 3820
30172 3821
30278 3833
30385 3821
30491 3818
30597 3819
30704 3827
30810 3819
30916 3820
31024 3811
31130 3821
31237 3823
31343 3817
31449 3826
31556 3816
31662 3821
31768 3820
31875 3834
31981 3819
32089 3821
32195 3819
32302 3797
32408 3820
32514 3816
32621 3816
32727 3845
32833 3820
32940 3820
33047 3820
33154 3818
33260 3821
33367 3819
33473 3820
33579 3822
33686 3820
33792 3822
33898 3820
34006 3817
34112 3821
34219 3819
34325 3804
34431 3818
34538 3822
34644 3818
34750 3813
34857 3821
34963 3821
35070 3820
35177 3835
35283 3818
35390 3823
35496 3819
35602 3776
35709 3818
35815 3819
35921 3820
36029 3818
36135 3818
36242 3820
36348 3818
36454 3821
36561 3818
36667 3823
36773 3818
36880 3822
36987 3821
37094 3821
37200 3838
37306 3820
37413 3821
37519 3820
37625 3816
37732 3820
37838 3819
37944 3820
38052 3814
38159 3822
38265 3819
38371 3820
38477 3787
38584 3819
38690 3821
38796 3817
38903 3818
39010 3821
39117 3821
39223 3822
39330 3820
39436 3823
39542 3820
39649 3826
39755 3822
39861 3819
39967 3821
40075 3827
40181 3820
40288 3822
40394 3820
40501 3835
40607 3821
40713 3824
40820 3820
40926 3809
41033 3821
41140 3820
41246 3820
41353 3832
41459 3821
41565 3824
41672 3823
41778 3845
41884 3817
41992 3823
42098 3822
42205 3823
42311 3821
42417 3818
42524 3820
42630 3821
42736 3820
42843 3822
42949 3811
43057 3822
43163 3821
43269 3823
43376 3821
43482 3820
43588 3819
43695 3820
43801 3800
43907 3823
44015 3819
44122 3822
44228 3728
44334 3820
44440 3821
44547 3824
44653 3825
44759 3822
44866 3821
44972 3823
45080 3821
45186 3822
45293 3817
45399 3821
45505 3818
45612 3823
45718 3820
45824 3852
45930 3820
46038 3820
46144 3822
46251 3845
46357 3821
46464 3819
46570 3818
46676 3817
46783 3819
46889 3820
46996 3821
47103 3827
47209 3817
47316 3823
47422 3818
47528 3822
47635 3817
47741 3822
47847 3817
47954 3822
48061 3819
48168 3823
48274 3824
48380 3820
48487 3818
48593 3820
48699 3822
48806 3823
48912 3817
49020 3818
49126 3833
49232 3820
49339 3821
49445 3821
49551 3868
49658 3822
49764 3818
49870 3823
49977 3821
50084 3823
50191 3820
50297 3818
50403 3819
50510 3826
50616 3820
50722 3819
50829 3821
50935 3821
51043 3820
51149 3836
51256 3819
51362 3821
51468 3817
51575 3829
51681 3818
51787 3819
51893 3820
52001 3793
52107 3819
52214 3820
52320 3819
52427 3827
52533 3819
52639 3821
52746 3818
52852 3832
52958 3819
53066 3822
53172 3821
53279 3821
53385 3818
53491 3819
53598 3818
53704 3820
53810 3818
53917 3820
54024 3823
54131 3819
54237 3820
54343 3822
54450 3818
54556 3819
54662 3820
54769 3821
54875 3811
54981 3821
55089 3820
55195 3819
55302 3861
55408 3819
55515 3818
55621 3818
55727 3733
55834 3820
55940 3819
56048 3822
56154 3820
56260 3820
56367 3820
56473 3827
56579 3820
56686 3819
56792 3820
56898 3826
57006 3820
57113 3819
57219 3820
57325 3817
57431 3820
57538 3824
57644 3817
57750 3837
57857 3819
57963 3821
58071 3822
58177 3817
58284 3821
58390 3821
58496 3818
58603 3833
58709 3818
58815 3820
58921 3819
59029 3819
59135 3822
59242 3821
59348 3816
59455 3821
59561 3822
59667 3823
59774 3825
59880 3822
59987 3818
60094 3823
60200 3803
60307 3825
60413 3818
60519 3822
60626 3893
60732 3823
60838 3820
60945 3820
61052 3805
61159 3819
61265 3821
61371 3822
61478 3823
61584 3820
61690 3818
61797 3820
61903 3818
62011 3822
62117 3823
62223 3834
62330 3819
62436 3821
62542 3820
62649 3837
62755 3820
62861 3823
62968 3821
63075 3825
63182 3821
63288 3825
63394 3820
63501 3776
63607 3819
63713 3821
63820 3819
63926 3849
64034 3823
64140 3822
64247 3819
64353 3820
64459 3820
64566 3823
64672 3818
64778 3823
64884 3816
64992 3818
65098 3816
65205 3820
65311 3818
65418 3821
65524 3822
65630 3823
65737 3820
65843 3822
65949 3818
66057 3821
66163 3819
66270 3821
66376 3822
66482 3821
66589 3818
66695 3819
66801 3853
66908 3821
67015 3819
67122 3820
67228 3817
67334 3823
67441 3821
67547 3817
67653 3820
67760 3818
67866 3819
67972 3812
68080 3821
68186 3824
68293 3818
68399 3821
68505 3817
68612 3819
68718 3821
68824 3822
68931 3818
69038 3821
69145 3821
69251 3808
69357 3815
69464 3821
69570 3816
69676 3806
69783 3819
69889 3820
69997 3823
70103 3819
70210 3819
70316 3820
70422 3835
70529 3822
70635 3819
70741 3821
70847 3814
70954 3824
71061 3822
71168 3820
71274 3810
71381 3821
71487 3819
71593 3821
71700 3765
71806 3822
71912 3817
72020 3820
72126 3838
72233 3819
72339 3818
72445 3821
72552 3855
72658 3820
72764 3818
72871 3818
72977 3818
73084 3817
73191 3818
73297 3840
73403 3818
73510 3820
73616 3820
73722 3831
73829 3819
73935 3819
74042 3821
74149 3815
74255 3817
74362 3822
74468 3818
74574 3813
74681 3820
74787 3819
74893 3819
75001 3824
75107 3819
75214 3820
75320 3818
75426 3818
75533 3817
75639 3822
75745 3818
75852 3819
75958 3819
76066 3818
76172 3813
76279 3821
76385 3820
76491 3821
76597 3826
76704 3820
76810 3819
76916 3821
77024 3830
77131 3820
77237 3820
77343 3823
77450 3814
77556 3822
77662 3819
77769 3821
77875 3806
77981 3823
78089 3820
78195 3823
78302 3827
78408 3821
78514 3820
78621 3822
78727 3820
78833 3823
78940 3818
79047 3815
79153 3819
79260 3822
79366 3822
79473 3808
79579 3821
79685 3822
79792 3822
79898 3828
80005 3822
80112 3822
80218 3819
80325 3826
80431 3818
80537 3822
80644 3820
80750 3777
80856 3820
80963 3818
81070 3821
81177 3825
81283 3820
81389 3822
81496 3821
81602 3821
81708 3819
81815 3821
81921 3818
82029 3822
82135 3819
82242 3819
82348 3829
82454 3823
82560 3823
82667 3824
82773 3833
82879 3822
82987 3819
83094 3819
83200 3777
83306 3821
83413 3820
83519 3822
83625 3818
83732 3823
83838 3817
83944 3820
84052 3820
84158 3821
84265 3819
84371 3819
84477 3819
84584 3816
84690 3818
84796 3819
84903 3819
85010 3822
85116 3819
85223 3832
85329 3818
85436 3819
85542 3821
85648 3823
85755 3818
85861 3821
85967 3819
86075 3872
86181 3819
86288 3822
86394 3817
86500 3872
86607 3819
86713 3821
86819 3818
86926 3834
87033 3822
87140 3820
87246 3822
87352 3823
87459 3819
87565 3823
87671 3819
87778 3824
87884 3819
87992 3821
88098 3813
88205 3819
88311 3814
88417 3818
88523 3836
88630 3823
88736 3818
88842 3822
88949 3838
89056 3818
89163 3819
89269 3819
89376 3819
89482 3821
89588 3819
89695 3819
89801 3871
89907 3819
90015 3818
90121 3811
90228 3820
90334 3821
90440 3816
90547 3812
90653 3820
90759 3819
90866 3818
90972 3813
91079 3820
91186 3820
91292 3815
91399 3821
91505 3819
91611 3818
91718 3819
91824 3894
91930 3819
92038 3818
92144 3820
92251 3836
92357 3815
92463 3818
92570 3819
92676 3817
92782 3818
92889 3819
92996 3836
93103 3818
93209 3820
93315 3822
93422 3817
93528 3822
93634 3818
93741 3820
93847 3813
93953 3822
94061 3819
94168 3817
94274 3830
94380 3820
94486 3820
94593 3822
94699 3779
94805 3821
94912 3819
95019 3823
95126 3804
95232 3821
95339 3821
95445 3820
95551 3814
95658 3818
95764 3820
95870 3820
95976 3820
96084 3821
96190 3817
96297 3838
96403 3817
96510 3821
96616 3817
96722 3821
96829 3821
96935 3821
97042 3820
97149 3838
97255 3818
97362 3823
97468 3816
97574 3821
97681 3839
97787 3819
97893 3819
98001 3825
98107 3817
98214 3822
98320 3821
98426 3824
98533 3818
98639 3823
98745 3820
98852 3825
98958 3821
99066 3819
99172 3834
99278 3820
99385 3821
99491 3823
99597 3807
99704 3825
99810 3818
99916 3819
100024 3823
100131 3820
100237 3820
100343 3822
100449 3856
100556 3820
100662 3820
100768 3822
100875 3778
100981 3824
101089 3820
101195 3818
101301 3824
101408 3818
101514 3825
101620 3817
101727 3821
101833 3818
101939 3821
102047 3822
102153 3826
102260 3816
102366 3820
102472 3831
102579 3824
102685 3819
102791 3823
102898 3816
103005 3821
103111 3823
103218 3819
103324 3781
103431 3823
103537 3817
103643 3821
103750 3882
103856 3822
103962 3821
104070 3824
104176 3816
104283 3820
104389 3818
104495 3821
104602 3818
104708 3823
104814 3821
104921 3810
105028 3821
105135 3823
105241 3819
105347 3832
105454 3819
105560 3821
105666 3820
105773 3829
105879 3819
105987 3819
106093 3816
106200 3816
106306 3819
106412 3820
106518 3817
106625 3801
106731 3820
106837 3819
106944 3820
107051 3820
107158 3820
107264 3819
107371 3819
107477 3822
107583 3818
107690 3822
107796 3808
107902 3817
108010 3822
108116 3821
108223 3829
108329 3821
108435 3820
108542 3819
108648 3812
108754 3822
108861 3818
108967 3817
109074 3817
109181 3817
109287 3819
109394 3820
109500 3864
109606 3818
109713 3816
109819 3821
109925 3816
110033 3821
110139 3819
110246 3816
110352 3819
110458 3820
110565 3821
110671 3814
110777 3819
110884 3818
110991 3818
111098 3804
111204 3818
111310 3818
111417 3807
111523 3910
111629 3819
111736 3821
111842 3819
111948 3838
112056 3818
112163 3822
112269 3816
112375 3822
112481 3818
112588 3820
112694 3833
112800 3823
112907 3825
113014 3819
113121 3820
113227 3821
113334 3817
113440 3821
113546 3822
113653 3821
113759 3820
113865 3820
113971 3814
114079 3818
114185 3822
114292 3819
114398 3824
114505 3821
114611 3819
114717 3822
114824 3777
114930 3822
115037 3822
115144 3821
115250 3818
115357 3818
115463 3820
115569 3820
115676 3816
115782 3817
115888 3817
115996 3825
116102 3822
116209 3822
116315 3818
116421 3827
116528 3818
116634 3820
116740 3820
116847 3823
116953 3822
117061 3822
117167 3819
117273 3873
117380 3818
117486 3821
117592 3818
117699 3853
117805 3822
117911 3822
118019 3820
118126 3823
118232 3819
118338 3822
118444 3820
118551 3822
118657 3819
118763 3824
118870 3819
118976 3824
119084 3821
119190 3824
119297 3815
119403 3823
119509 3821
119616 3819
119722 3823
119828 3823
119934 3821
120042 3822
120148 3834
120255 3822
120361 3817
120468 3823
120574 3773
120680 3823
120787 3818
120893 3822
121000 3823
121107 3820
121213 3820
121320 3819
121426 3819
121532 3821
121639 3819
121745 3816
121851 3819
121958 3822
122065 3820
122172 3814
122278 3818
122384 3822
122491 3818
122597 3811
122703 3821
122810 3820
122916 3819
123024 3777
123130 3821
123236 3825
123343 3822
123449 3843
123555 3818
123662 3820
123768 3820
123874 3826
123981 3818
124088 3821
124195 3820
124301 3822
124407 3820
124514 3824
124620 3805
124726 3822
124832 3817
124939 3819
125046 3812
125153 3819
125259 3819
125366 3821
125472 3816
125578 3822
125685 3817
125791 3821
125897 3653
126005 3819
126111 3822
126218 3820
126324 3816
126430 3823
126537 3821
126643 3823
126749 3725
126856 3821
126962 3818
127069 3821
127176 3824
127282 3818
127389 3818
127495 3810
127601 3823
127708 3822
127814 3819
127920 3816
128028 3819
128134 3821
128241 3818
128347 3806
128453 3820
128560 3821
128666 3820
128772 3843
128879 3821
128986 3823
129093 3820
129199 3845
129305 3817
129412 3821
129518 3816
129624 3826
129731 3819
129837 3820
129943 3819
130051 3819
130157 3818
130264 3821
130370 3819
130477 3819
130583 3818
130689 3821
130795 3809
130902 3820
131009 3820
131116 3819
131222 3794
131329 3819
131435 3818
131541 3821
131648 3897
131754 3821
131860 3817
131967 3821
132074 3827
132181 3819
132287 3817
132393 3818
132500 3821
132606 3817
132712 3817
132819 3821
132925 3818
133032 3819
133139 3820
133245 3833
133352 3818
133458 3820
133564 3819
133671 3825
133777 3819
133883 3819
133991 3821
134097 3810
134204 3819
134310 3820
134416 3803
134523 3777
134629 3819
134735 3819
134842 3820
134948 3794
135056 3820
135162 3820
135268 3817
135375 3822
135481 3818
135587 3822
135694 3817
135800 3822
135906 3819
136014 3818
136120 3827
136227 3821
136333 3819
136440 3820
136546 3812
136652 3821
136758 3820
136865 3820
136971 3827
137079 3821
137185 3818
137292 3820
137398 3818
137504 3820
137611 3819
137717 3820
137823 3798
137930 3819
138037 3818
138144 3822
138250 3820
138356 3821
138463 3820
138569 3821
138675 3820
138782 3823
138888 3816
138995 3817
139102 3821
139208 3818
139315 3821
139421 3806
139527 3817
139634 3820
139740 3817
139846 3819
139953 3819
140060 3823
140166 3820
140273 3834
140379 3824
140486 3822
140592 3822
140698 3803
140805 3822
140911 3821
141019 3783
141125 3821
141231 3819
141338 3823
141444 3819
141550 3821
141657 3818
141763 3819
141869 3827
141976 3820
142083 3821
142190 3820
142296 3818
142403 3820
142509 3819
142615 3821
142721 3885
142828 3822
142934 3819
143042 3822
143148 3836
143255 3823
143361 3822
143467 3821
143574 3829
143680 3821
143786 3818
143893 3821
144000 3821
144107 3820
144213 3822
144319 3818
144426 3819
144532 3819
144638 3820
144745 3839
144851 3819
144957 3821
145065 3819
145171 3958
145278 3820
145384 3823
145490 3820
145597 3820
145703 3822
145809 3821
145916 3819
146023 3827
146129 3821
146236 3821
146342 3821
146449 3815
146555 3813
146661 3820
146768 3819
146874 3821
146980 3822
147088 3821
147194 3815
147301 3818
147407 3819
147513 3819
147620 3810
147726 3817
147832 3819
147938 3816
148046 3832
148152 3817
148259 3823
148365 3819
148472 3819
148578 3821
148684 3817
148791 3817
148897 3862
149004 3822
149111 3823
149217 3819
149324 3825
149430 3818
149536 3822
149643 3822
149749 3819
149855 3818
149962 3819
150069 3832
150176 3821
150282 3820
150388 3822
150495 3815
150601 3822
150707 3820
150814 3822
150920 3820
151028 3820
151134 3820
151240 3819
151347 3826
151453 3821
151559 3817
151666 3819
151772 3779
151878 3820
151986 3823
152093 3819
152199 3821
152305 3819
152411 3820
152518 3818
152624 3817
152730 3821
152837 3815
152943 3819
153051 3817
153157 3820
153264 3819
153370 3818
153476 3819
153583 3819
153689 3820
153795 3819
153901 3819
154009 3820
154115 3824
154222 3870
154328 3817
154435 3823
154541 3820
154647 3784
154754 3816
154860 3822
154966 3819
155074 3823
155180 3819
155287 3821
155393 3817
155499 3820
155606 3819
155712 3820
155818 3808
155925 3821
156032 3820
156139 3821
156245 3797
156351 3822
156458 3821
156564 3823
156670 3817
156777 3822
156883 3821
156991 3820
157097 3786
157203 3819
157310 3818
157416 3827
157522 3828
157629 3821
157735 3816
157841 3820
157948 3881
158055 3819
158162 3822
158268 3845
158374 3820
158481 3820
158587 3820
158693 3822
158800 3821
158906 3822
159014 3821
159120 3826
159227 3821
159333 3820
159439 3822
159546 3833
159652 3819
159758 3821
159864 3820
159971 3956
160078 3819
160185 3821
160291 3817
160398 3819
160504 3818
160610 3819
160717 3819
160823 3868
160929 3821
161037 3820
161143 3827
161250 3821
161356 3815
161462 3820
161569 3831
161675 3822
161781 3822
161888 3825
161995 3835
162102 3818
162208 3819
162314 3823
162421 3838
162527 3825
162633 3819
162740 3823
162846 3819
162952 3822
163060 3824
163166 3820
163273 3819
163379 3822
163485 3817
163592 3822
163698 3823
163804 3822
163911 3818
164018 3819
164125 3822
164231 3821
164337 3819
164444 3834
164550 3819
164656 3821
164763 3819
164869 3826
164975 3818
165083 3818
165189 3818
165296 3833
165402 3821
165509 3821
165615 3820
165721 3765
165827 3823
165934 3822
166041 3818
166148 3824
166254 3819
166361 3821
166467 3818
166573 3822
166680 3820
166786 3821
166892 3818
167000 3820
167106 3820
167213 3821
167319 3834
167425 3821
167532 3818
167638 3821
167744 3819
167851 3821
167957 3819
168064 3820
168171 3834
168277 3819
168384 3819
168490 3820
168596 3810
168703 3816
168809 3817
168915 3819
169023 3821
169129 3819
169236 3815
169342 3818
169448 3819
169555 3820
169661 3818
169767 3820
169874 3819
169980 3817
170088 3821
170194 3820
170300 3823
170407 3819
170513 3819
170620 3824
170726 3818
170832 3820
170939 3816
171046 3787
171153 3822
171259 3821
171365 3820
171472 3812
171578 3819
171684 3819
171791 3817
171897 3837
172005 3820
172111 3822
172218 3816
172324 3820
172430 3814
172537 3818
172643 3835
172749 3820
172855 3818
172962 3820
173069 3821
173176 3821
173282 3815
173389 3817
173495 3835
173601 3821
173708 3819
173814 3820
173920 3875
174028 3818
174134 3821
174241 3819
174347 3885
174453 3823
174560 3818
174666 3820
174772 3827
174879 3819
174986 3818
175093 3812
175199 3818
175305 3818
175412 3817
175518 3819
175624 3817
175731 3819
175837 3819
175943 3831
176051 3821
176157 3816
176264 3819
176370 3822
176476 3818
176583 3819
176689 3820
176795 3833
176902 3819
177009 3821
177116 3820
177222 3855
177328 3820
177435 3822
177541 3822
177647 3820
177754 3817
177860 3817
177966 3819
178074 3820
178180 3819
178287 3822
178393 3816
178500 3817
178606 3819
178712 3821
178818 3832
178925 3819
179032 3821
179139 3820
179245 3811
179352 3823
179458 3820
179564 3822
179671 3879
179777 3822
179883 3822
179991 3818
180097 3843
180204 3821
180310 3818
180416 3906
180523 3821
180629 3824
180735 3817
180842 3821
180948 3819
181055 3820
181162 3822
181268 3827
181375 3820
181481 3824
181587 3821
181694 3827
181800 3821
181906 3821
182014 3819
182120 3782
182227 3820
182333 3822
182439 3819
182546 3781
182652 3820
182758 3819
182865 3819
182971 3889
183079 3822
183185 3820
183291 3819
183398 3821
183504 3819
183610 3820
183717 3820
183823 3822
183929 3822
184037 3820
184143 3818
184250 3820
184356 3820
184463 3823
184569 3817
184675 3820
184781 3820
184888 3823
184995 3785
185102 3818
185208 3822
185315 3822
185421 3812
185527 3823
185634 3818
185740 3819
185846 3818
185953 3820
186060 3820
186167 3822
186273 3819
186379 3821
186486 3815
186592 3806
186698 3818
186805 3822
186911 3818
187018 3815
187125 3823
187231 3821
187338 3820
187444 3812
187550 3821
187657 3821
187763 3817
187869 3800
187976 3819
188083 3820
188189 3821
188296 3822
188402 3819
188509 3820
188615 3820
188721 3871
188828 3819
188934 3821
189042 3817
189148 3824
189254 3818
189361 3819
189467 3820
189573 3820
189680 3820
189786 3820
189892 3810
190000 3817
190106 3817
190213 3821
190319 3801
190426 3820
190532 3818
190638 3819
190744 3760
190851 3822
190957 3821
191065 3820
191171 3819
191278 3816
191384 3818
191490 3821
191597 3810
191703 3817
191809 3817
191916 3821
192023 3820
192130 3819
192236 3819
192342 3819
192449 3820
192555 3820
192661 3816
192768 3815
192874 3818
192980 3820
193088 3816
193194 3790
193301 3822
193407 3819
193514 3819
193620 3882
193726 3816
193833 3819
193939 3823
194046 3787
194153 3818
194259 3823
194366 3825
194472 3818
194578 3819
194685 3821
194791 3818
194897 3822
195005 3821
195111 3821
195218 3830
195324 3822
195430 3819
195537 3819
195643 3823
195749 3819
195856 3820
195962 3819
196070 3842
196176 3819
196282 3817
196389 3823
196495 3813
196601 3823
196708 3820
196814 3822
196920 3813
197028 3821
197134 3821
197241 3821
197347 3819
197454 3822
197560 3818
197666 3823
197772 3821
197879 3821
197986 3819
198093 3820
198199 3820
198306 3822
198412 3817
198518 3817
198625 3817
198731 3822
198837 3820
198944 3811
199051 3820
199158 3819
199264 3822
199370 3820
199477 3820
199583 3821
199689 3817
199796 3828
199902 3819
200009 3819
200116 3823
200222 3821
200329 3820
200435 3820
200541 3806
200648 3822
200754 3818
200860 3820
200967 3823
201074 3820
201180 3822
201287 3822
201393 3820
201500 3822
201606 3821
201712 3820
201819 3809
201925 3818
202033 3821
202139 3820
202245 3826
202352 3822
202458 3818
202564 3821
202671 3764
202777 3821
202883 3820
202991 3820
203097 3823
203204 3821
203310 3820
203417 3826
203523 3821
203629 3825
203735 3817
203842 3823
203948 3821
204056 3820
204162 3823
204269 3809
204375 3820
204481 3821
204588 3819
204694 3820
204800 3818
204907 3821
205014 3819
205121 3848
205227 3818
205333 3819
205440 3820
205546 3792
205652 3817
205759 3820
205865 3821
205971 3818
206079 3820
206185 3823
206292 3812
206398 3820
206504 3819
206611 3822
206717 3811
206823 3823
206930 3819
207037 3819
207143 3829
207250 3821
207356 3819
207463 3824
207569 3835
207675 3820
207782 3820
207888 3820
207996 3790
208102 3819
208208 3818
208315 3821
208421 3814
208527 3825
208634 3817
208740 3821
208846 3817
208953 3822
209060 3822
209167 3821
209273 3820
209380 3816
209486 3818
209592 3814
209698 3815
209805 3820
209911 3814
210019 3820
210125 3819
210232 3819
210338 3819
210444 3809
210551 3818
210657 3820
210763 3821
210870 3858
210976 3818
211083 3818
211190 3818
211296 3820
211403 3819
211509 3821
211615 3818
211722 3819
211828 3817
211934 3822
212042 3823
212148 3823
212255 3818
212361 3821
212467 3811
212574 3819
212680 3818
212786 3820
212893 3831
213000 3819
213106 3820
213213 3820
213319 3858
213426 3821
213532 3820
213638 3821
213745 3873
213851 3820
213957 3819
214065 3821
214171 3818
214278 3820
214384 3818
214490 3822
214597 3815
214703 3820
214809 3818
214916 3827
215023 3821
215130 3818
215236 3817
215343 3832
215449 3819
215555 3819
215661 3819
215768 3827
215874 3817
215980 3820
216088 3816
216194 3873
216301 3823
216407 3820
216513 3820
216620 3772
216726 3817
216832 3821
216939 3819
217046 3819
217152 3822
217259 3821
217365 3820
217472 3820
217578 3822
217684 3822
217791 3833
217897 3824
218004 3821
218111 3821
218217 3810
218324 3821
218430 3822
218536 3819
218643 3818
218749 3822
218855 3822
218962 3823
219069 3791
219176 3823
219282 3820
219388 3821
219495 3819
219601 3823
219707 3822
219814 3820
219920 3826
220028 3821
220134 3821
220241 3800
220347 3817
220453 3822
220559 3819
220666 3833
220772 3821
220878 3821
220986 3819
221093 3816
221199 3820
221305 3820
221412 3820
221518 3822
221624 3820
221731 3824
221837 3819
221943 3786
222051 3821
222157 3822
222264 3817
222370 3819
222476 3820
222583 3822
222689 3821
222795 3814
222902 3817
223009 3819
223115 3799
223222 3824
223328 3821
223435 3820
223541 3812
223647 3822
223754 3819
223860 3820
223966 3822
224074 3823
224180 3820
224287 3823
224393 3820
224499 3822
224606 3822
224712 3820
224818 3813
224925 3820
225032 3819
225139 3822
225245 3837
225351 3821
225458 3819
225564 3820
225670 3817
225777 3821
225883 3821
225991 3821
226097 3833
226204 3820
226310 3819
226416 3821
226522 3817
226629 3822
226735 3818
226841 3828
226948 3819
227055 3818
227162 3821
227268 3834
227375 3819
227481 3820
227587 3819
227694 3811
227800 3819
227906 3820
228014 3817
228120 3821
228227 3818
228333 3817
228439 3818
228546 3816
228652 3818
228758 3822
228865 3817
228971 3820
229078 3818
229185 3818
229291 3808
229398 3817
229504 3819
229610 3819
229717 3815
229823 3818
229929 3817
230037 3818
230143 3814
230250 3818
230356 3817
230462 3822
230569 3779
230675 3819
230781 3818
230888 3819
230995 3821
231102 3822
231208 3817
231314 3821
231421 3819
231527 3820
231633 3819
231740 3820
231846 3818
231952 3819
232060 3822
232167 3812
232273 3820
232379 3821
232485 3819
232592 3838
232698 3818
232804 3821
232911 3821
233018 3877
233125 3819
233231 3822
233338 3820
233444 3878
233550 3820
233657 3820
233763 3818
233869 3819
233975 3820
234083 3819
234189 3821
234296 3821
234402 3817
234509 3820
234615 3799
234721 3821
234828 3819
234934 3822
235041 3823
235148 3822
235254 3820
235361 3821
235467 3825
235573 3819
235680 3817
235786 3819
235892 3838
236000 3821
236106 3820
236213 3818
236319 3820
236425 3821
236532 3820
236638 3822
236744 3938
236851 3821
236957 3820
237065 3819
237171 3819
237277 3823
237384 3816
237490 3810
237596 3822
237703 3820
237809 3819
237915 3825
238023 3821
238130 3823
238236 3821
238342 3803
238448 3819
238555 3823
238661 3821
238767 3843
238874 3820
238980 3820
239088 3822
239194 3790
239301 3821
239407 3821
239513 3818
239620 3828
239726 3820
239832 3822
239939 3820
240046 3820
240153 3821
240259 3821
240366 3819
240472 3820
240578 3819
240685 3820
240791 3807
240897 3819
241005 3818
241111 3820
241218 3798
241324 3823
241430 3820
241537 3818
241643 3885
241749 3822
241856 3819
241962 3821
242069 3826
242176 3821
242282 3818
242389 3825
242495 3821
242601 3821
242708 3820
242814 3822
242920 3819
243028 3819
243134 3821
243241 3833
243347 3817
243453 3818
243560 3813
243666 3814
243772 3819
243879 3822
243986 3821
244093 3800
244199 3820
244305 3822
244412 3811
244518 3784
244624 3818
244731 3822
244837 3820
244943 3882
245051 3821
245158 3820
245264 3819
245370 3820
245476 3822
245583 3821
245689 3819
245795 3821
245902 3817
246009 3822
246116 3825
246222 3821
246329 3818
246435 3823
246541 3838
246648 3818
246754 3819
246860 3822
246966 3830
247074 3821
247180 3819
247287 3819
247393 3818
247500 3819
247606 3812
247712 3817
247819 3821
247925 3821
248032 3821
248139 3825
248245 3816
248352 3819
248458 3817
248564 3834
248671 3818
248777 3820
248883 3817
248991 3824
249097 3823
249204 3820
249310 3819
249416 3830
249523 3819
249629 3822
249735 3819
249842 3809
249948 3817
250056 3819
250162 3821
250268 3822
250375 3821
250481 3823
250587 3818
250694 3775
250800 3815
250906 3819
251014 3820
251121 3820
251227 3817
251333 3818
251439 3808
251546 3818
251652 3820
251758 3821
251865 3822
251971 3821
252079 3821
252185 3821
252292 3835
252398 3819
252504 3820
252611 3819
252717 3791
252823 3819
252929 3818
253037 3818
253143 3823
253250 3821
253356 3816
253463 3819
253569 3806
253675 3821
253782 3819
253888 3819
253995 3820
254102 3820
254208 3814
254315 3819
254421 3818
254527 3820
254634 3819
254740 3820
254846 3820
254953 3820
255060 3819
255167 3813
255273 3819
255379 3819
255486 3817
255592 3832
255698 3817
255805 3819
255911 3820
256019 3779
256125 3822
256231 3819
256338 3820
256444 3818
256550 3818
256657 3823
256763 3820
256869 3819
256976 3820
257083 3821
257190 3818
257296 3823
257402 3819
257509 3820
257615 3826
257721 3822
257828 3822
257934 3822
258042 3772
258148 3821
258255 3819
258361 3822
258467 3824
258574 3821
258680 3819
258786 3823
258892 3840
259000 3820
259106 3820
259213 3822
259319 3819
259426 3821
259532 3814
259638 3821
259745 3817
259851 3821
259957 3818
260065 3821
260171 3819
260278 3824
260384 3818
260490 3825
260597 3820
260703 3820
260809 3821
260916 3806
261023 3817
261130 3822
261236 3820
261342 3798
261449 3821
261555 3820
261661 3817
261768 3780
261874 3819
261980 3820
262088 3823
262195 3820
262301 3822
262407 3822
262514 3811
262620 3823
262726 3819
262833 3822
262939 3807
263047 3823
263153 3823
263260 3821
263366 3821
263472 3821
263578 3823
263685 3823
263791 3832
263897 3822
264005 3820
264112 3823
264218 3823
264324 3821
264431 3816
264537 3818
264643 3816
264750 3820
264856 3822
264962 3824
265070 3821
265176 3821
265283 3817
265389 3821
265495 3819
265602 3819
265708 3820
265814 3822
265921 3820
266028 3821
266134 3822
266241 3815
266347 3822
266454 3821
266560 3821
266666 3922
266773 3818
266879 3818
266986 3820
267093 3883
267199 3821
267306 3821
267412 3835
267518 3829
267625 3818
267731 3822
267837 3820
267944 3824
268051 3824
268158 3819
268264 3816
268370 3820
268477 3817
268583 3821
268689 3823
268796 3821
268902 3816
269010 3819
269116 3807
269223 3820
269329 3818
269435 3816
269541 3797
269648 3822
269754 3819
269860 3822
269967 3878
270074 3818
270181 3818
270287 3821
270394 3818
270500 3818
270606 3820
270713 3821
270819 3822
270925 3821
271033 3820
271139 3830
271246 3818
271352 3820
271458 3817
271565 3812
271671 3819
271777 3819
271884 3820
271991 3781
272097 3821
272204 3821
272310 3818
272417 3863
272523 3816
272629 3821
272736 3818
272842 3814
272948 3819
273056 3816
273162 3819
273269 3820
273375 3819
273481 3818
273588 3819
273694 3822
273800 3818
273907 3821
274014 3816
274121 3820
274227 3819
274333 3818
274440 3797
274546 3819
274652 3818
274759 3821
274865 3823
274971 3821
275079 3822
275186 3821
275292 3769
275398 3817
275504 3821
275611 3820
275717 3792
275823 3823
275930 3819
276037 3821
276144 3817
276250 3821
276357 3828
276463 3820
276569 3821
276676 3818
276782 3817
276888 3827
276996 3821
277102 3823
277209 3819
277315 3806
277421 3820
277528 3820
277634 3818
277740 3809
277847 3819
277953 3823
278060 3821
278167 3818
278273 3820
278380 3821
278486 3819
278592 3890
278699 3820
278805 3824
278911 3818
279019 3819
279125 3820
279232 3818
279338 3834
279444 3821
279551 3819
279657 3822
279763 3831
279870 3820
279976 3820
280084 3820
280190 3815
280296 3822
280403 3822
280509 3821
280615 3803
280722 3821
280828 3815
280934 3823
281042 3793
281149 3821
281255 3821
281361 3822
281467 3784
281574 3821
281680 3821
281786 3821
281893 3818
282000 3820
282107 3818
282213 3834
282320 3821
282426 3822
282532 3821
282639 3822
282745 3820
282851 3820
282957 3819
283065 3831
283171 3827
283278 3822
283384 3817
283491 3762
283597 3820
283703 3821
283810 3819
283916 3819
284023 3821
284130 3821
284236 3822
284343 3828
284449 3818
284555 3821
284662 3816
284768 3821
284874 3822
284981 3820
285088 3799
285194 3821
285301 3819
285407 3821
285513 3818
285620 3819
285726 3819
285832 3822
285939 3830
286046 3822
286152 3821
286259 3821
286365 3820
286472 3825
286578 3819
286684 3818
286791 3839
286897 3820
287005 3820
287111 3821
287217 3823
287324 3820
287430 3821
287536 3819
287643 3821
287749 3817
287855 3816
287962 3823
288069 3818
288176 3822
288282 3818
288389 3820
288495 3818
288601 3818
288707 3819
288814 3827
288920 3821
289028 3820
289134 3817
289241 3822
289347 3818
289453 3823
289560 3817
289666 3798
289772 3819
289879 3819
289986 3820
290093 3820
290199 3817
290305 3836
290412 3759
290518 3823
290624 3820
290731 3820
290837 3817
290943 3820
291051 3819
291157 3818
291264 3825
291370 3820
291476 3819
291583 3821
291689 3824
291795 3824
291902 3823
292009 3822
292115 3820
292222 3818
292328 3819
292435 3819
292541 3782
292647 3820
292754 3818
292860 3822
292966 3824
293074 3820
293180 3821
293287 3820
293393 3819
293499 3819
293606 3819
293712 3822
293818 3819
293925 3823
294032 3819
294139 3819
294245 3819
294352 3820
294458 3817
294564 3811
294670 3820
294777 3819
294883 3819
294991 3852
295097 3819
295204 3820
295310 3816
295416 3853
295523 3817
295629 3823
295735 3817
295842 3824
295948 3819
296055 3817
296162 3822
296268 3821
296375 3816
296481 3821
296587 3819
296694 3822
296800 3818
296906 3821
297014 3824
297120 3819
297227 3821
297333 3821
297439 3804
297546 3819
297652 3820
297758 3821
297865 3822
297971 3820
298078 3821
298185 3822
298291 3881
298398 3819
298504 3820
298610 3818
298717 3830
298823 3823
298929 3818
299037 3819
299143 3820
299250 3823
299356 3817
299462 3830
299569 3818
299675 3820
299781 3821
299888 3818
299995 3821
300102 3823
300208 3821
300315 3833
300421 3819
300527 3824
300633 3818
300740 3689
300846 3822
300952 3823
301060 3821
301167 3754
301273 3818
301379 3821
301486 3819
301592 3805
301698 3820
301805 3822
301911 3821
302018 3820
302125 3822
302231 3820
302338 3823
302444 3823
302550 3818
302657 3822
302763 3807
302869 3821
302976 3818
303083 3822
303189 3820
303296 3820
303402 3821
303509 3822
303615 3828
303721 3821
303828 3818
303934 3821
304041 3879
304148 3819
304254 3818
304361 3821
304467 3819
304573 3821
304680 3820
304786 3821
304892 3819
305000 3820
305106 3821
305213 3811
305319 3820
305425 3821
305532 3820
305638 3815
305744 3820
305851 3821
305957 3821
306065 3965
306171 3819
306278 3822
306384 3819
306490 3889
306596 3819
306703 3821
306809 3822
306915 3855
307023 3819
307130 3823
307236 3819
307342 3821
307449 3819
307555 3820
307661 3824
307768 3821
307874 3821
307980 3818
308088 3836
308194 3820
308300 3820
308407 3819
308513 3830
308619 3821
308726 3821
308832 3822
308938 3813
309046 3822
309152 3821
309259 3818
309365 3822
309471 3819
309578 3818
309684 3818
309790 3778
309897 3820
310004 3818
310111 3820
310217 3820
310323 3818
310430 3820
310536 3816
310642 3818
310749 3818
310855 3821
310961 3819
311069 3818
311175 3821
311282 3821
311388 3820
311495 3820
311601 3817
311707 3820
311813 3819
311920 3818
312027 3819
312134 3820
312240 3885
312347 3819
312453 3820
312559 3821
312666 3761
312772 3819
312878 3817
312986 3820
313092 3818
313199 3821
313305 3820
313411 3815
313518 3820
313624 3818
313730 3819
313837 3838
313943 3818
314050 3819
314157 3821
314263 3809
314370 3818
314476 3820
314582 3820
314689 3809
314795 3818
314901 3818
315009 3822
315115 3824
315222 3819
315328 3823
315434 3817
315541 3880
315647 3817
315753 3823
315860 3817
315966 3788
316074 3821
316180 3817
316286 3815
316393 3821
316499 3818
316605 3822
316712 3837
316818 3821
316924 3820
317032 3817
317138 3817
317245 3819
317351 3820
317458 3822
317564 3829
317670 3821
317776 3818
317883 3820
317990 3794
318097 3822
318203 3818
318310 3819
318416 3821
318522 3822
318629 3822
318735 3820
318841 3822
318948 3820
319055 3817
319162 3826
319268 3820
319374 3821
319481 3820
319587 3827
319693 3821
319800 3820
319906 3821
320013 3831
320120 3822
320226 3823
320333 3818
320439 3703
320545 3819
320652 3820
320758 3819
320864 3810
320971 3822
321078 3819
321184 3820
321291 3820
321397 3817
321504 3823
321610 3822
321716 3823
321823 3820
321929 3819
322037 3804
322143 3822
322249 3822
322356 3822
322462 3811
322568 3819
322675 3820
322781 3821
322887 3821
322995 3819
323101 3824
323208 3819
323314 3827
323421 3829
323527 3822
323633 3824
323739 3822
323846 3821
323952 3818
324060 3820
324166 3821
324273 3821
324379 3822
324485 3821
324592 3820
324698 3820
324804 3820
324911 3821
325018 3819
325125 3821
325231 3819
325337 3810
325444 3819
325550 3820
325656 3817
325763 3818
325869 3821
325975 3820
326083 3820
326189 3830
326296 3816
326402 3819
326508 3817
326615 3779
326721 3820
326827 3821
326934 3819
327041 3817
327147 3822
327254 3821
327360 3819
327467 3818
327573 3818
327679 3821
327786 3821
327892 3819
328000 3820
328106 3818
328212 3825
328319 3819
328425 3818
328531 3822
328638 3817
328744 3817
328850 3818
328957 3822
329064 3876
329171 3822
329277 3817
329384 3819
329490 3843
329596 3827
329702 3819
329809 3820
329915 3825
330023 3821
330129 3820
330236 3823
330342 3817
330448 3822
330555 3818
330661 3815
330767 3817
330874 3821
330980 3818
331087 3822
331194 3820
331300 3821
331406 3819
331513 3816
331619 3819
331725 3818
331832 3818
331938 3811
332045 3819
332152 3821
332258 3818
332365 3822
332471 3817
332577 3821
332684 3818
332790 3820
332896 3817
333004 3819
333110 3819
333217 3823
333323 3818
333429 3819
333536 3827
333642 3818
333748 3818
333855 3820
333961 3820
334069 3819
334175 3819
334282 3822
334388 3820
334494 3821
334600 3819
334707 3822
334813 3962
334919 3820
335027 3816
335134 3820
335240 3830
335346 3820
335453 3819
335559 3820
335665 3872
335772 3823
335878 3817
335985 3821
336092 3820
336198 3820
336305 3819
336411 3821
336517 3822
336624 3819
336730 3820
336836 3822
336943 3820
337050 3819
337156 3821
337263 3836
337369 3818
337476 3819
337582 3820
337688 3769
337795 3821
337901 3818
338008 3822
338115 3818
338221 3816
338328 3821
338434 3819
338540 3822
338647 3823
338753 3822
338859 3821
338966 3820
339073 3820
339180 3820
339286 3834
339392 3823
339499 3820
339605 3824
339711 3822
339818 3822
339924 3820
340032 3824
340138 3651
340245 3820
340351 3820
340457 3823
340563 3797
340670 3821
340776 3819
340882 3823
340990 3813
341097 3823
341203 3821
341309 3821
341416 3819
341522 3820
341628 3821
341735 3821
341841 3821
341947 3822
342055 3822
342161 3803
342268 3818
342374 3822
342480 3819
342587 3812
342693 3820
342799 3820
342906 3818
343013 3843
343119 3822
343226 3805
343332 3815
343439 3871
343545 3822
343651 3822
343758 3822
343864 3850
343970 3822
344078 3819
344184 3819
344291 3823
344397 3819
344503 3822
344610 3820
344716 3821
344822 3821
344929 3822
345036 3810
345143 3818
345249 3820
345355 3820
345462 3839
345568 3822
345674 3818
345781 3821
345887 3811
345995 3818
346101 3823
346208 3820
346314 3792
346420 3821
346526 3818
346633 3822
346739 3847
346845 3822
346952 3817
347059 3818
347166 3816
347272 3821
347379 3821
347485 3822
347591 3820
347698 3821
347804 3817
347910 3824
348018 3821
348124 3823
348231 3820
348337 3824
348443 3819
348550 3820
348656 3818
348762 3829
348869 3820
348975 3822
349082 3822
349189 3787
349295 3816
349402 3821
349508 3816
349614 3807
349721 3819
349827 3821
349933 3816
350041 3820
350147 3822
350254 3821
350360 3817
350466 3823
350573 3818
350679 3819
350785 3816
350892 3819
350999 3823
351106 3819
351212 3818
351318 3819
351425 3820
351531 3820
351637 3651
351744 3820
351850 3817
351956 3818
352064 3811
352171 3820
352277 3821
352383 3821
352489 3778
352596 3820
352702 3816
352808 3823
352915 3818
353022 3821
353129 3818
353235 3813
353342 3818
353448 3821
353554 3820
353661 3819
353767 3814
353873 3821
353979 3816
354086 3823
354192 3807
354298 3817
354405 3819
354511 3824
354617 3818
354724 3821
354830 3820
354936 3814
355044 3821
355151 3819
355257 3820
355363 3824
355469 3818
355576 3820
355682 3818
355788 3819
355895 3818
356002 3818
356109 3819
356215 3820
356322 3818
356428 3822
356534 3818
356641 3822
356747 3819
356853 3820
356959 3815
357067 3818
357173 3820
357280 3820
357386 3820
357493 3819
357599 3820
357705 3820
357812 3826
357918 3821
358025 3820
358132 3821
358238 3834
358345 3818
358451 3818
358557 3820
358664 3788
358770 3820
358876 3820
358984 3821
359090 3820
359197 3821
359303 3818
359409 3817
359516 3820
359622 3820
359728 3821
359835 3826
359941 3820
360049 3821
360155 3820
360262 3824
360368 3817
360474 3824
360580 3820
360687 3829
360793 3821
360899 3821
361007 3821
361114 3819
361220 3821
361326 3821
361433 3819
361539 3803
361645 3821
361752 3821
361858 3818
361964 3858
362072 3821
362178 3818
362285 3839
362391 3822
362497 3817
362604 3820
362710 3824
362816 3823
362923 3819
363030 3820
363136 3835
363243 3819
363349 3822
363456 3821
363562 3840
363668 3821
363775 3818
363881 3821
363988 3820
364095 3821
364201 3820
364308 3820
364414 3817
364520 3823
364627 3820
364733 3820
364839 3824
364946 3823
365053 3819
365160 3831
365266 3819
365372 3821
365479 3822
365585 3835
365691 3819
365798 3821
365904 3821
366012 3803
366118 3820
366225 3821
366331 3821
366437 3836
366543 3818
366650 3820
366756 3819
366862 3764
366969 3819
367076 3819
367183 3820
367289 3815
367396 3817
367502 3813
367608 3821
367715 3821
367821 3819
367927 3820
368035 3821
368141 3818
368248 3817
368354 3823
368460 3829
368567 3824
368673 3816
368779 3821
368886 3813
368993 3818
369099 3823
369206 3820
369312 3789
369419 3821
369525 3821
369631 3820
369738 3808
369844 3823
369950 3816
370058 3823
370164 3819
370271 3819
370377 3821
370483 3819
370590 3820
370696 3833
370802 3820
370909 3825
371016 3818
371123 3820
371229 3817
371335 3825
371442 3820
371548 3820
371654 3817
371761 3835
371867 3819
371973 3819
372081 3821
372188 3872
372294 3817
372400 3819
372506 3816
372613 3871
372719 3819
372825 3820
372932 3820
373039 3821
373146 3821
373252 3821
373359 3817
373465 3819
373571 3818
373678 3819
373784 3829
373890 3820
373998 3819
374104 3819
374211 3835
374317 3820
374423 3817
374530 3821
374636 3833
374742 3819
374849 3818
374955 3818
375062 3792
375169 3818
375275 3820
375382 3819
375488 3813
375594 3820
375701 3821
375807 3822
375913 3784
376021 3820
376127 3820
376234 3810
376340 3820
376446 3820
376553 3818
376659 3815
376765 3821
376872 3821
376978 3820
377086 3802
377192 3820
377298 3821
377404 3820
377511 3816
377617 3820
377723 3821
377830 3819
377936 3840
378044 3821
378150 3818
378257 3819
378363 3821
378469 3822
378576 3824
378682 3818
378788 3843
378894 3820
379002 3820
379108 3823
379215 3819
379321 3822
379428 3820
379534 3819
379640 3821
379747 3820
379853 3820
379959 3816
380067 3818
380173 3820
380280 3820
380386 3818
380492 3822
380599 3820
380705 3822
380811 3826
380918 3821
381025 3821
381132 3820
381238 3860
381344 3818
381451 3821
381557 3820
381663 3808
381770 3822
381876 3820
381984 3830
382091 3821
382197 3820
382304 3821
382410 3819
382516 3821
382623 3821
382729 3819
382835 3827
382941 3820
383049 3822
383155 3821
383262 3777
383368 3829
383475 3821
383581 3822
383687 3848
383794 3830
383900 3820
384007 3821
384114 3821
384220 3819
384327 3823
384433 3819
384539 3819
384646 3820
384752 3820
384858 3821
384965 3821
385072 3820
385179 3820
385285 3817
385391 3822
385498 3819
385604 3822
385710 3820
385817 3821
385923 3821
386031 3819
386137 3838
386243 3821
386350 3820
386456 3824
386562 3853
386669 3822
386775 3819
386881 3821
386989 3821
387096 3819
387202 3821
387308 3821
387414 3820
387521 3821
387627 3817
387733 3816
387840 3819
387946 3823
388054 3820
388160 3817
388267 3819
388373 3819
388479 3821
388586 3823
388692 3818
388798 3818
388904 3818
389012 3806
389118 3820
389225 3823
389331 3820
389438 3807
389544 3820
389650 3820
389757 3822
389863 3832
389969 3820
390077 3820
390183 3809
390290 3823
390396 3814
390502 3821
390609 3815
390715 3821
390821 3821
390928 3820
391035 3832
391142 3820
391248 3818
391354 3821
391461 3809
391567 3821
391673 3819
391780 3824
391886 3827
391994 3817
392100 3819
392206 3818
392313 3844
392419 3820
392525 3819
392632 3822
392738 3821
392844 3821
392951 3819
393058 3830
393165 3818
393271 3818
393377 3820
393484 3826
393590 3818
393696 3820
393803 3818
393909 3806
394017 3821
394123 3820
394230 3817
394336 3823
394442 3818
394549 3819
394655 3821
394761 3790
394867 3819
394974 3819
395081 3818
395188 3816
395294 3816
395401 3822
395507 3820
395613 3816
395720 3820
395826 3819
395932 3820
396040 3820
396146 3821
396253 3821
396359 3818
396465 3821
396572 3819
396678 3821
396784 3820
396891 3820
396998 3820
397105 3821
397211 3785
397317 3821
397424 3820
397530 3820
397636 3869
397743 3825
397849 3823
397955 3821
398063 3823
398169 3820
398276 3819
398382 3820
398488 3819
398595 3821
398701 3821
398807 3823
398914 3822
399021 3821
399128 3821
399234 3807
399340 3817
399447 3823
399553 3819
399659 3824
399766 3821
399872 3823
399978 3820
400085 3778
400192 3820
400298 3824
400405 3806
400511 3819
400618 3821
400724 3820
400830 3819
400937 3782
401044 3821
401150 3821
401257 3820
401363 3819
401470 3822
401576 3819
401682 3822
401789 3817
401895 3824
402002 3825
402109 3818
402215 3821
402322 3820
402428 3820
402534 3825
402641 3821
402747 3821
402853 3820
402960 3821
403067 3823
403174 3822
403280 3819
403386 3823
403493 3823
403599 3820
403705 3821
403812 3812
403918 3820
404026 3821
404132 3820
404239 3823
404345 3818
404451 3827
404557 3822
404664 3822
404770 3819
404876 3820
404984 3815
405090 3821
405197 3822
405303 3824
405409 3817
405516 3822
405622 3818
405728 3819
405834 3832
405941 3821
406048 3822
406155 3821
406261 3817
406368 3820
406474 3816
406580 3822
406687 3828
406793 3821
406899 3818
407007 3820
407113 3818
407220 3818
407326 3820
407432 3816
407539 3819
407645 3821
407751 3819
407858 3837
407964 3817
408071 3819
408178 3819
408284 3821
408391 3819
408497 3820
408603 3818
408710 3819
408816 3819
408922 3821
409030 3820
409136 3772
409243 3818
409349 3819
409455 3817
409562 3830
409668 3818
409774 3817
409881 3816
409988 3816
410095 3818
410201 3823
410307 3833
410414 3822
410520 3820
410626 3822
410733 3824
410839 3820
410945 3819
411053 3820
411159 3819
411266 3821
411372 3819
411479 3821
411585 3794
411691 3821
411797 3817
411904 3820
412011 3834
412118 3816
412224 3819
412331 3820
412437 3767
412543 3822
412650 3820
412756 3822
412862 3824
412969 3820
413076 3822
413183 3823
413289 3821
413395 3818
413502 3819
413608 3824
413714 3819
413821 3820
413927 3816
414034 3809
414141 3819
414247 3820
414354 3819
414460 3806
414566 3820
414673 3819
414779 3821
414885 3839
414993 3820
415099 3822
415206 3818
415312 3820
415418 3820
415525 3821
415631 3818
415737 3822
415844 3818
415950 3815
416058 3815
416164 3819
416270 3817
416377 3820
416483 3817
416589 3822
416696 3819
416802 3821
416908 3820
417016 3821
417122 3818
417229 3820
417335 3878
417442 3822
417548 3821
417654 3821
417760 3878
417867 3820
417973 3820
418081 3821
418187 3828
418294 3820
418400 3820
418506 3823
418613 3822
418719 3823
418825 3821
418932 3822
419039 3821
419146 3820
419252 3821
419358 3824
419465 3819
419571 3820
419677 3821
419784 3833
419890 3816
419997 3820
420104 3821
420210 3801
420317 3819
420423 3821
420529 3819
420636 3834
420742 3825
420848 3820
420955 3819
421062 3830
421168 3823
421275 3821
421381 3818
421488 3823
421594 3820
421700 3821
421807 3840
421913 3821
422021 3822
422127 3822
422233 3821
422340 3823
422446 3820
422552 3821
422659 3819
422765 3819
422871 3823
422978 3822
423085 3821
423192 3821
423298 3820
423405 3815
423511 3815
423617 3822
423724 3817
423830 3819
423936 3887
424044 3821
424150 3825
424257 3836
424363 3817
424470 3821
424576 3819
424682 3825
424788 3820
424895 3820
425002 3817
425109 3820
425215 3821
425322 3818
425428 3820
425534 3903
425641 3821
425747 3821
425853 3819
425960 3810
426067 3823
426174 3821
426280 3821
426386 3820
426493 3821
426599 3819
426705 3818
426812 3816
426918 3819
427025 3822
427132 3805
427238 3818
427345 3819
427451 3822
427557 3823
427664 3822
427770 3819
427876 3817
427984 3820
428090 3820
428197 3820
428303 3822
428410 3833
428516 3817
428622 3821
428729 3816
428835 3798
428941 3813
429049 3822
429155 3820
429262 3822
429368 3821
429474 3818
429581 3819
429687 3817
429793 3820
429900 3819
430007 3818
430114 3823
430220 3818
430327 3816
430433 3816
430539 3824
430645 3743
430752 3819
430858 3814
430964 3819
431072 3819
431179 3820
431285 3775
431391 3820
431498 3817
431604 3822
431710 3792
431817 3817
431923 3818
432030 3818
432137 3823
432243 3819
432350 3819
432456 3823
432562 3817
432669 3821
432775 3821
432881 3809
432989 3819
433095 3820
433202 3819
433308 3810
433414 3819
433521 3819
433627 3821
433733 3836
433840 3814
433946 3819
434053 3821
434160 3816
434266 3819
434373 3820
434479 3819
434585 3803
434692 3820
434798 3821
434904 3819
435012 3820
435118 3819
435225 3822
435331 3822
435437 3821
435544 3820
435650 3819
435756 3829
435863 3820
435969 3820
436077 3821
