2.00 0.35 2599.37 82.58
93.25 12.02 2057.62 63.82
179.62 12.24 1641.25 50.24
266.37 11.98 1309.25 41.15
352.62 12.26 1046.87 23.68
439.25 12.04 835.75 25.06
525.62 11.89 673.37 21.43
612.00 11.77 545.75 14.64
698.50 12.32 441.50 14.24
784.87 12.54 362.37 10.09
871.62 12.26 300.12 10.87
957.75 12.20 250.75 7.51
1044.50 12.30 210.00 6.12
1130.87 12.16 177.37 3.39
1217.37 11.98 154.87 6.23
1303.62 12.26 134.25 10.45
1390.25 12.04 115.75 3.49
1476.50 11.94 108.50 8.02
1563.12 12.10 94.75 3.77
1649.37 12.00 86.50 3.77
1736.00 12.13 82.75 2.82
1822.50 12.32 74.25 4.24
1908.75 12.20 69.37 8.70
1995.25 12.39 69.37 3.81
2081.87 12.16 67.00 2.87
2168.25 12.02 68.25 7.79
2254.62 12.26 65.37 3.53
2341.00 12.11 62.75 1.39
2427.50 11.94 61.62 6.80
2513.87 12.18 61.00 1.41
2600.37 12.00 60.87 2.15
2687.12 12.10 58.37 4.18
2773.50 12.32 58.62 3.20
2859.75 12.21 59.87 1.69
2946.62 12.25 51.87 14.54
3032.75 12.20 58.62 3.46
3119.00 12.10 58.50 1.80
3205.50 12.30 58.37 1.65
3292.00 12.12 58.25 5.93
3378.50 11.93 57.37 3.04
3464.75 12.22 56.25 3.49
3551.37 12.00 155.00 80.05
3637.62 11.90 682.25 62.56
3724.37 12.37 1105.25 51.12
3810.62 12.28 1436.75 39.94
3897.62 12.26 1694.87 33.53
3983.62 12.26 1902.62 24.12
4070.25 12.01 2066.12 20.16
4156.62 12.25 2195.00 13.48
4243.00 12.11 2299.87 13.25
4329.37 11.97 2376.37 9.46
4415.75 12.22 2442.12 9.03
4502.25 12.04 2489.87 12.34
4588.75 11.85 2529.87 5.69
4675.00 12.14 2562.12 5.08
4761.50 12.33 2585.00 4.85
4848.12 12.09 2604.00 6.16
4934.50 12.31 2621.62 3.67
5021.12 12.05 2633.62 2.83
5107.62 12.26 2641.75 5.91
5193.75 12.21 2652.12 10.78
5280.25 12.01 2657.75 3.07
5366.75 12.22 2661.87 5.08
5452.87 12.18 2659.00 8.89
5539.62 11.89 2669.87 3.37
5625.87 12.19 2670.25 3.31
5712.37 12.37 2673.50 3.35
5799.12 12.46 2672.75 7.21
5885.37 12.36 2676.12 2.42
5971.87 12.15 2672.12 12.52
6058.50 12.31 2676.75 1.92
6144.62 12.27 2677.62 2.73
6231.25 12.01 2677.00 2.24
6317.62 12.26 2676.00 6.61
6404.00 12.13 2679.75 2.49
6490.37 11.97 2679.75 2.44
6576.87 12.19 2680.75 5.61
6663.12 12.10 2679.12 2.71
6750.12 12.46 2680.25 1.92
6836.12 12.46 2680.12 2.32
6922.75 12.20 2681.37 1.50
7009.25 12.42 2681.50 3.84
7095.62 12.27 2654.25 70.08
7182.00 12.11 2146.25 73.59
7268.62 12.28 1700.37 53.10
7354.87 12.17 1355.00 41.73
7441.25 12.03 1083.62 32.68
7527.62 12.29 865.75 27.94
7614.00 12.13 697.25 19.00
7700.75 12.61 562.37 18.24
7786.87 12.56 460.37 15.27
7873.50 12.30 375.87 9.52
7959.87 12.54 307.00 8.46
8046.37 12.36 257.37 7.33
8132.62 12.26 214.75 4.92
8219.25 12.42 181.12 6.11
8305.62 12.27 156.62 5.08
8391.87 12.17 136.50 3.12
8478.50 12.35 119.62 3.84
8564.87 12.19 106.75 2.95
8651.12 12.10 97.37 2.60
8737.62 12.68 93.62 11.92
8824.25 12.42 83.37 2.95
8910.75 12.60 77.37 1.87
8997.00 12.50 76.50 12.40
9083.62 12.26 68.62 7.21
9170.00 12.50 63.75 4.66
9256.62 12.27 67.62 1.87
9342.75 12.21 65.75 8.94
9429.62 12.29 63.87 2.03
9515.75 12.22 61.50 2.87
9602.12 12.10 62.12 2.94
9688.75 12.63 62.50 8.06
9775.37 12.75 60.12 4.70
9861.62 12.65 60.37 1.65
9948.00 12.48 62.75 14.94
10034.62 12.63 63.37 9.89
10120.87 12.53 63.25 6.94
10207.50 12.31 58.50 2.24
10293.75 12.21 55.00 8.94
10380.50 12.33 59.12 1.62
10466.62 12.27 57.00 3.67
10553.12 12.10 56.87 2.47
10639.62 12.29 84.87 70.75
10726.25 12.42 606.37 69.41
10812.50 12.71 1042.75 54.89
10899.00 12.49 1388.12 41.95
10985.62 12.63 1659.00 34.15
11072.00 12.49 1873.75 25.70
11158.25 12.40 2042.50 21.19
11244.87 12.54 2177.50 16.01
11331.25 12.42 2279.75 14.01
11417.62 12.27 2364.62 11.52
11504.00 12.13 2431.12 8.05
11590.62 12.29 2483.00 6.18
11676.87 12.19 2521.62 6.00
11763.25 12.05 2556.50 4.79
11849.87 12.17 2583.87 3.59
11936.37 11.97 2600.75 3.60
12022.50 11.93 2613.75 10.65
12109.25 12.02 2638.25 20.64
12195.50 11.93 2641.75 2.44
12282.00 11.75 2648.87 3.76
12368.50 11.94 2655.00 4.33
12454.62 11.89 2658.87 2.62
12541.37 11.63 2665.37 2.69
12627.62 11.89 2669.62 6.78
12714.25 12.05 2669.37 2.78
12800.75 12.23 2670.62 4.95
12887.37 11.97 2676.75 5.38
12973.62 11.87 2674.25 1.64
13060.25 12.02 2675.50 3.81
13146.50 11.93 2676.37 3.50
13233.00 11.75 2680.25 6.94
13319.37 11.98 2667.62 29.01
13405.75 11.84 2678.37 2.91
13492.25 11.67 2687.75 20.01
13578.62 11.89 2682.12 8.64
13664.87 11.83 2679.50 1.12
13751.75 12.23 2680.75 4.29
13838.12 12.09 2679.00 3.74
13924.62 12.26 2679.00 2.12
14011.12 12.05 2680.12 2.85
14097.50 11.93 2681.62 7.87
14184.00 11.74 2667.50 34.63
14270.37 11.98 2217.12 66.78
14356.62 11.88 1763.37 52.37
14443.37 11.61 1401.37 42.11
14529.75 11.86 1121.25 30.68
14616.00 11.77 896.50 25.23
14702.87 12.17 721.62 20.44
14789.12 12.10 581.75 14.61
14875.50 12.32 473.62 13.25
14962.12 12.05 374.25 32.87
15048.62 11.88 317.37 8.23
15135.00 12.10 263.25 5.78
15221.37 11.98 219.00 4.03
15307.87 11.78 187.75 3.93
15394.37 11.61 159.50 3.71
15480.62 11.90 138.62 5.15
15567.12 11.71 119.75 12.52
15653.50 11.56 108.87 2.42
15740.12 12.10 98.37 2.59
15826.37 11.99 88.87 6.11
15913.12 12.05 84.87 4.23
15999.50 11.93 78.25 3.15
16086.00 12.10 73.12 2.94
16172.25 12.02 70.87 1.96
16258.87 11.78 67.37 2.40
16345.37 11.98 67.00 7.16
16431.50 11.94 63.75 3.90
16518.00 11.75 62.87 4.54
16604.50 11.56 61.25 3.07
16691.12 12.10 60.12 3.02
16777.50 12.32 69.25 11.96
16864.00 12.11 60.00 2.92
16950.50 11.93 60.00 1.80
17037.12 12.07 58.25 3.07
17123.25 12.02 59.00 2.83
17209.75 11.83 58.12 3.79
17296.37 11.98 61.75 4.15
17382.50 11.94 55.62 3.31
17468.87 11.79 57.62 2.60
17555.62 11.89 57.87 4.37
17641.75 11.86 56.87 4.57
17728.37 11.99 73.62 39.87
17814.87 12.17 528.87 67.81
17901.62 11.87 981.12 46.98
17987.87 12.15 1340.00 41.27
18074.25 12.02 1619.87 30.42
18160.75 11.83 1843.00 25.84
18247.37 11.98 2018.75 20.24
18333.37 11.98 2155.75 16.86
18419.87 11.79 2267.12 11.83
18506.50 11.94 2353.62 9.79
18592.75 11.86 2421.75 7.14
18679.25 11.66 2475.37 6.84
18765.87 12.17 2519.50 5.24
18852.37 11.99 2556.25 21.73
18938.75 11.82 2575.75 7.41
19025.25 12.01 2600.62 4.12
19111.87 11.77 2616.62 3.60
19198.25 11.65 2628.87 2.47
19284.50 11.93 2638.87 2.26
19371.12 11.71 2648.25 3.53
19457.37 11.61 2654.00 3.16
19543.87 11.80 2661.12 5.01
19630.12 11.71 2665.50 3.50
19717.00 12.12 2666.62 2.18
19803.25 12.05 2670.62 1.87
19889.75 11.82 2672.37 1.80
19976.25 12.01 2686.75 25.79
20062.87 11.77 2676.62 5.54
20149.00 11.74 2677.62 1.93
20235.50 11.93 2677.87 1.76
20322.25 11.65 2683.00 9.38
20408.37 11.61 2678.12 1.83
20494.75 11.85 2679.12 2.57
20581.25 11.67 2677.25 2.44
20667.50 11.56 2682.87 8.13
20754.25 12.05 2680.00 1.41
20840.62 11.87 2678.00 3.43
20927.25 12.01 2680.00 4.18
21013.75 11.82 2680.75 3.35
21100.00 11.74 2679.62 2.83
21186.50 11.92 2681.00 2.12
21273.12 11.69 2678.87 3.10
21359.37 11.61 2295.50 67.15
21445.75 11.85 1820.87 51.10
21532.50 11.56 1453.25 41.51
21618.50 11.56 1159.50 34.01
21705.25 12.05 928.25 26.00
21791.62 12.28 747.37 22.83
21878.25 12.01 602.12 16.44
21964.75 11.82 487.75 14.06
22051.12 12.07 401.37 9.21
