2.06 0.24 570.28 27.85
19.21 4.54 669.43 25.24
35.60 4.49 758.76 26.07
51.96 4.59 846.65 26.07
68.35 4.55 927.18 23.19
84.68 4.64 1009.18 21.75
101.04 4.59 1084.07 19.81
117.40 4.54 1155.03 20.53
133.68 4.65 1225.04 18.68
149.95 4.60 1290.50 18.25
166.37 4.55 1352.60 16.57
182.68 4.52 1412.34 15.90
199.06 4.61 1469.46 15.12
215.43 4.56 1524.07 14.53
231.79 4.52 1576.01 14.25
248.18 4.61 1627.29 15.66
264.45 4.57 1671.85 14.32
280.82 4.53 1720.04 16.28
297.18 4.61 1761.35 12.29
313.40 4.58 1802.85 11.49
329.81 4.53 1841.92 10.69
346.18 4.61 1880.32 10.44
362.46 4.57 1916.73 10.21
378.90 4.52 1949.85 11.26
395.31 4.60 1983.59 9.19
411.59 4.56 2014.81 8.92
427.96 4.51 2043.26 9.60
444.34 4.60 2074.56 9.53
460.59 4.69 2099.01 12.65
477.00 4.76 2130.29 16.36
493.31 4.73 2150.17 9.83
509.59 4.81 2174.57 11.12
526.07 4.75 2195.87 15.50
542.32 4.74 2216.67 26.75
558.71 4.80 2131.95 26.85
575.09 4.74 2038.46 26.12
591.35 4.73 1949.79 24.99
607.71 4.80 1864.07 23.64
624.06 4.74 1782.87 22.37
640.35 4.72 1705.15 21.84
656.71 4.80 1631.79 20.13
673.01 4.75 1562.10 19.68
689.39 4.71 1492.82 18.14
705.79 4.79 1429.06 17.50
722.10 4.74 1367.98 17.31
738.50 4.69 1308.96 15.75
754.87 4.77 1252.84 15.19
771.07 4.74 1199.04 14.84
787.50 4.69 1147.71 14.50
803.81 4.66 1100.10 14.49
820.06 4.75 1052.56 16.85
836.46 4.70 1008.23 13.36
852.90 4.64 966.25 12.87
869.18 4.73 924.95 12.01
885.57 4.66 885.98 11.42
902.00 4.63 848.70 14.06
918.37 4.69 814.57 12.71
934.71 4.64 780.09 9.87
951.12 4.60 748.57 12.61
967.48 4.66 718.60 9.44
983.81 4.60 686.07 10.44
1000.15 4.58 659.14 8.71
1016.59 4.64 629.93 11.55
1032.87 4.62 606.09 7.95
1049.34 4.57 582.23 12.10
1065.70 4.65 559.68 4.91
1081.96 4.62 538.31 18.19
1098.37 4.58 572.95 26.80
1114.71 4.63 669.12 25.95
1131.00 4.61 759.40 24.08
1147.37 4.58 846.15 23.00
1163.68 4.65 928.65 22.14
1180.00 4.61 1007.95 21.22
1196.45 4.58 1083.28 19.74
1212.75 4.66 1155.37 18.77
1229.06 4.63 1223.98 17.85
1245.48 4.58 1290.40 18.74
1261.78 4.55 1351.81 17.08
1278.12 4.62 1412.32 16.44
1294.48 4.60 1469.51 25.96
1310.76 4.56 1523.39 15.25
1327.12 4.62 1574.29 16.37
1343.42 4.60 1625.54 14.14
1359.81 4.55 1672.21 14.40
1376.20 4.61 1717.10 12.58
1392.42 4.59 1760.07 11.40
1408.89 4.54 1803.92 13.08
1425.29 4.60 1841.26 11.76
1441.46 4.59 1879.71 11.35
1457.89 4.79 1916.18 10.95
1474.29 4.73 1949.03 11.08
1490.48 4.71 1982.35 10.72
1506.89 4.79 2013.67 10.02
1523.32 4.72 2044.89 9.87
1539.59 4.82 2073.60 8.19
1555.98 4.78 2101.73 13.49
1572.34 4.71 2125.70 10.25
1588.67 4.80 2151.28 7.07
1605.01 4.78 2175.04 6.25
1621.29 4.73 2194.51 12.34
1637.68 4.80 2215.64 25.74
1653.96 4.77 2134.54 28.27
1670.28 4.73 2039.51 25.49
1686.70 4.80 1951.45 24.17
1702.96 4.77 1863.84 24.62
1719.37 4.71 1783.90 23.18
1735.78 4.78 1706.89 21.84
1752.07 4.75 1632.95 22.37
1768.42 4.72 1560.84 22.01
1784.78 4.78 1493.48 19.51
1801.06 4.75 1429.53 18.97
1817.39 4.72 1368.56 21.31
1833.73 4.79 1308.71 16.04
1850.01 4.76 1252.62 16.10
1866.48 4.71 1198.92 14.62
1882.79 4.66 1148.78 14.33
1899.14 4.74 1097.57 13.86
1915.60 4.66 1052.87 12.88
1932.00 4.62 1007.59 12.55
1948.28 4.70 966.06 11.46
1964.71 4.64 924.28 11.04
1981.07 4.59 886.20 10.99
1997.42 4.66 847.67 11.31
2013.75 4.63 813.00 9.80
2030.09 4.60 779.57 10.30
2046.57 4.66 747.57 9.73
2062.81 4.65 716.32 9.24
2079.23 4.60 686.62 8.88
2095.64 4.66 659.81 9.49
2111.87 4.64 631.67 8.01
2128.26 4.60 606.62 7.48
2144.62 4.66 580.48 8.33
2160.81 4.65 560.34 11.82
2177.25 4.60 537.85 20.26
2193.64 4.66 570.45 26.57
2209.92 4.65 667.04 26.10
2226.29 4.62 758.25 25.10
2242.73 4.68 846.79 23.46
2259.01 4.65 927.20 25.32
2275.37 4.62 1006.53 21.78
2291.70 4.69 1082.21 21.43
2308.01 4.66 1154.14 19.70
2324.34 4.62 1222.87 19.60
2340.68 4.56 1289.31 18.53
2357.07 4.64 1351.07 16.85
2373.45 4.60 1411.67 16.84
2389.75 4.55 1468.34 15.54
2406.20 4.63 1522.43 14.61
2422.50 4.60 1575.70 14.58
2438.76 4.57 1625.37 14.09
2455.15 4.77 1671.70 13.34
2471.45 4.85 1717.53 12.71
2487.78 4.81 1760.89 12.30
2504.15 4.77 1801.00 12.23
2520.46 4.85 1841.71 11.13
2536.85 4.79 1879.00 10.34
2553.23 4.74 1915.56 10.36
2569.60 4.82 1949.93 11.61
2585.92 4.78 1982.64 10.24
2602.28 4.74 2011.96 15.22
2618.54 4.84 2042.37 12.83
2634.89 4.79 2070.90 15.72
2651.21 4.74 2097.54 11.71
2667.53 4.83 2126.60 10.71
2683.89 4.79 2152.25 12.20
2700.26 4.74 2174.28 9.09
2716.67 4.80 2197.00 13.48
2732.95 4.77 2214.31 25.96
2749.32 4.73 2134.79 26.78
2765.70 4.80 2040.60 27.11
2781.92 4.78 1950.34 24.53
2798.32 4.73 1864.18 23.02
2814.68 4.80 1783.75 22.99
2830.92 4.78 1706.07 20.99
2847.32 4.73 1633.64 21.40
2863.75 4.79 1561.04 18.63
2880.04 4.77 1494.75 18.70
2896.37 4.73 1428.87 17.28
2912.87 4.79 1366.84 18.65
2929.14 4.74 1308.39 16.09
2945.59 4.67 1253.43 15.14
2961.92 4.64 1199.90 16.47
2978.31 4.69 1147.75 14.29
2994.70 4.64 1099.71 10.73
3011.00 4.61 1052.79 13.16
3027.42 4.69 1006.73 13.55
3043.78 4.67 964.17 16.12
3060.14 4.63 924.06 11.88
3076.50 4.70 885.68 12.69
3092.82 4.67 848.70 10.08
3109.17 4.63 812.12 11.85
3125.56 4.70 779.98 11.05
3141.79 4.68 747.12 11.10
3158.14 4.63 716.85 10.11
3174.56 4.69 687.76 10.18
3190.82 4.67 658.85 7.90
3207.28 4.64 632.21 8.32
3223.62 4.70 607.29 9.80
3239.92 4.68 581.87 9.25
3256.29 4.64 559.92 6.75
3272.68 4.70 539.20 17.97
3288.92 4.68 570.34 27.77
3305.23 4.65 665.85 25.90
3321.62 4.71 759.17 25.45
3337.93 4.67 845.00 22.89
3354.31 4.64 927.54 21.83
3370.67 4.71 1006.75 18.20
3387.03 4.66 1082.28 19.62
3403.39 4.62 1153.89 19.32
3419.71 4.56 1223.51 21.00
3436.07 4.65 1289.75 18.23
3452.45 4.61 1351.43 19.18
3468.75 4.81 1412.53 19.58
3485.09 4.77 1468.51 17.17
3501.40 4.87 1521.93 16.02
3517.76 4.81 1574.64 14.96
3534.12 4.77 1625.17 14.40
3550.50 4.86 1671.87 13.95
3566.82 4.81 1717.93 14.53
3583.21 4.75 1760.20 12.79
3599.54 4.84 1802.23 12.12
3615.84 4.80 1841.62 11.86
3632.23 4.75 1879.90 13.79
3648.51 4.72 1914.98 10.45
3664.82 4.80 1948.32 10.72
3681.25 4.75 1982.90 10.30
3697.54 4.71 2013.76 10.11
3713.89 4.80 2043.18 11.07
3730.28 4.72 2072.40 8.24
3746.62 4.68 2099.81 8.22
3762.87 4.79 2126.50 11.00
3779.28 4.73 2148.54 14.16
3795.62 4.68 2174.34 5.60
3811.90 4.78 2195.29 11.43
3828.26 4.74 2213.53 27.69
3844.67 4.67 2134.42 26.51
3860.96 4.78 2040.59 25.62
3877.37 4.72 1951.04 24.15
3893.78 4.66 1865.64 23.58
3910.10 4.75 1782.07 22.32
3926.53 4.68 1707.31 22.56
3942.92 4.64 1633.40 22.86
3959.21 4.72 1562.10 19.65
3975.67 4.65 1492.68 19.54
3992.01 4.61 1428.39 20.02
4008.34 4.69 1367.31 16.40
4024.67 4.67 1309.37 18.23
4041.15 4.61 1251.96 16.30
4057.42 4.69 1198.71 14.95
4073.82 4.67 1148.07 13.74
4090.20 4.62 1098.82 14.60
4106.48 4.58 1052.82 12.99
4122.82 4.68 1007.93 12.39
4139.17 4.63 964.29 13.76
4155.45 4.59 924.75 11.23
4171.82 4.68 885.04 11.11
