2.00 0.18 222.12 63.60
19.65 6.37 387.65 61.24
36.09 6.47 549.62 58.51
52.50 6.40 698.65 55.53
69.03 6.49 844.71 53.42
85.12 6.47 980.81 50.04
101.59 6.39 1109.28 47.77
118.00 6.49 1231.28 47.79
134.15 6.47 1354.15 43.01
150.68 6.38 1469.12 41.81
167.09 6.48 1573.81 41.00
183.21 6.46 1679.53 37.72
199.65 6.39 1780.06 36.50
216.09 6.48 1873.43 34.96
232.21 6.46 1963.93 33.28
248.59 6.41 2050.40 32.55
265.06 6.31 2133.15 30.09
281.21 6.46 2210.65 28.87
297.59 6.40 2285.65 27.12
314.15 6.29 2358.03 26.15
330.37 6.43 2426.37 24.87
346.59 6.40 2491.65 24.37
363.12 6.30 2554.59 26.45
379.37 6.43 2612.93 21.88
395.68 6.39 2670.78 22.39
412.25 6.29 2725.37 19.16
428.50 6.42 2776.90 19.16
444.71 6.40 2828.56 19.83
461.28 6.29 2872.37 15.68
477.59 6.42 2918.71 16.84
493.78 6.39 2961.50 16.81
510.28 6.29 3004.40 15.15
526.59 6.41 3042.93 14.33
542.84 6.37 3082.12 14.11
559.40 6.26 3116.71 14.34
575.62 6.41 3152.71 13.07
591.87 6.36 3181.84 15.57
608.34 6.27 3215.56 13.09
624.62 6.40 3246.12 16.66
640.81 6.38 3273.68 12.47
657.28 6.29 3302.25 12.08
673.59 6.40 3326.00 14.13
689.78 6.56 3354.03 11.87
706.40 6.62 3375.96 10.44
722.75 6.54 3400.50 9.34
738.93 6.69 3421.50 8.76
755.37 6.61 3441.81 8.15
771.75 6.54 3463.15 8.02
787.93 6.69 3481.12 7.59
804.31 6.62 3498.87 7.47
820.68 6.55 3514.87 9.87
837.00 6.68 3534.00 6.77
853.40 6.60 3549.28 5.81
869.78 6.53 3562.87 9.27
886.09 6.65 3577.65 3.22
902.40 6.60 3591.53 7.15
918.81 6.52 3604.65 9.41
935.06 6.66 3618.81 7.74
951.43 6.59 3629.65 8.63
967.84 6.51 3643.53 15.70
984.06 6.48 3652.78 4.49
1000.34 6.61 3662.96 5.90
1016.84 6.52 3673.81 5.45
1033.18 6.48 3683.46 6.52
1049.56 6.61 3692.96 9.99
1066.00 6.52 3701.09 5.12
1082.28 6.49 3707.78 7.26
1098.46 6.63 3717.00 4.40
1115.00 6.52 3725.25 5.56
1131.28 6.49 3731.50 5.46
1147.43 6.64 3738.93 3.48
1164.09 6.51 3743.59 7.36
1180.37 6.47 3751.62 3.24
1196.62 6.61 3758.40 5.45
1213.09 6.52 3764.00 5.69
1229.46 6.46 3769.78 4.22
1245.65 6.61 3775.00 8.36
1262.12 6.52 3779.53 2.86
1278.43 6.47 3782.84 5.35
1294.65 6.60 3787.28 8.91
1311.18 6.50 3792.46 2.87
1327.53 6.45 3796.31 6.27
1343.78 6.57 3803.00 3.72
1360.21 6.49 3804.78 4.55
1376.59 6.44 3807.96 6.41
1392.81 6.58 3812.43 4.29
1409.21 6.50 3817.06 6.00
1425.62 6.43 3818.78 3.11
1441.84 6.41 3825.21 11.25
1458.25 6.52 3825.59 5.10
1474.65 6.42 3829.78 6.38
1490.90 6.39 3830.15 3.77
1507.18 6.53 3831.59 6.28
1523.59 6.43 3836.56 6.92
1540.00 6.37 3837.75 1.58
1556.28 6.50 3839.06 6.56
1572.75 6.39 3842.62 3.81
1589.06 6.35 3844.12 1.69
1605.28 6.50 3846.62 1.83
1621.75 6.39 3847.65 5.22
1638.06 6.35 3849.37 3.08
1654.28 6.49 3851.03 2.66
1670.78 6.39 3853.21 3.33
1687.06 6.71 3854.37 4.10
1703.37 6.64 3856.59 3.08
1719.90 6.53 3856.03 5.14
1736.15 6.68 3859.46 2.40
1752.40 6.63 3860.46 1.37
1768.84 6.73 3863.25 13.48
1785.12 6.69 3863.65 3.10
1801.40 6.63 3863.03 6.91
1817.81 6.73 3865.87 6.02
1834.18 6.68 3866.31 2.52
1850.40 6.63 3866.56 6.16
1866.84 6.72 3867.56 3.47
1883.18 6.64 3869.12 3.15
1899.43 6.61 3869.31 2.84
1915.90 6.70 3871.37 6.90
1932.15 6.65 3872.34 8.26
1948.46 6.60 3873.12 9.40
1964.84 6.71 3872.15 4.22
1981.18 6.64 3874.28 2.71
1997.46 6.60 3868.28 30.96
2013.87 6.71 3875.84 3.41
2030.15 6.65 3875.25 2.68
2046.59 6.61 3875.34 6.96
2063.00 6.71 3876.75 3.03
2079.34 6.66 3877.15 2.74
2095.59 6.61 3878.78 15.00
2111.93 6.54 3879.50 9.70
2128.37 6.65 3878.75 3.10
2144.53 6.64 3881.06 9.38
2161.00 6.53 3880.06 3.35
2177.43 6.65 3880.15 8.91
2193.59 6.62 3881.06 4.03
2210.03 6.54 3879.03 9.93
2226.40 6.65 3880.56 4.76
2242.68 6.62 3882.12 3.00
2259.03 6.54 3881.53 5.41
2275.43 6.64 3881.06 3.33
2291.75 6.61 3878.12 17.81
2308.09 6.52 3882.15 3.88
2324.56 6.60 3882.96 10.81
2340.87 6.58 3886.09 9.54
2357.09 6.53 3883.28 2.41
2373.62 6.59 3885.31 4.20
2389.87 6.58 3882.37 5.56
2406.18 6.53 3884.71 3.02
2422.62 6.61 3883.84 2.96
2438.93 6.57 3884.25 2.28
2455.34 6.51 3884.78 2.30
2471.62 6.61 3884.28 4.29
2488.03 6.58 3884.75 2.36
2504.31 6.52 3885.31 2.43
2520.59 6.62 3884.90 6.80
2537.00 6.56 3885.21 2.58
2553.37 6.50 3884.81 2.24
2569.71 6.40 3888.65 10.77
2586.12 6.53 3885.78 2.13
2602.40 6.50 3888.75 9.51
2618.71 6.40 3886.34 3.15
2635.12 6.53 3886.96 2.62
2651.34 6.50 3885.43 6.14
2667.75 6.40 3886.18 3.77
2684.09 6.69 3885.40 8.83
2700.43 6.66 3887.43 3.48
2716.87 6.72 3886.96 5.60
2733.21 6.66 3886.56 3.51
2749.53 6.63 3883.84 9.59
2765.84 6.73 3887.31 2.24
2782.12 6.66 3886.78 5.39
2798.53 6.63 3886.34 10.05
2814.81 6.74 3889.15 14.35
2831.15 6.66 3890.50 11.50
2847.53 6.62 3886.71 2.79
2863.87 6.55 3886.00 7.20
2880.18 6.64 3887.78 4.37
2896.56 6.60 3887.93 4.22
2912.90 6.53 3887.65 4.92
2929.15 6.65 3887.78 2.93
2945.59 6.60 3889.03 15.60
2961.90 6.54 3887.46 1.90
2978.12 6.66 3887.12 2.96
2994.50 6.61 3887.68 7.66
3010.84 6.55 3887.87 2.00
3027.12 6.66 3889.00 4.09
3043.65 6.61 3887.78 4.46
3059.93 6.56 3890.46 16.37
3076.34 6.66 3887.15 5.29
3092.65 6.61 3888.90 3.65
3108.87 6.57 3889.53 7.13
3125.34 6.66 3888.15 4.60
3141.62 6.61 3886.03 10.12
3157.96 6.56 3888.18 2.54
3174.40 6.65 3887.40 4.91
3190.75 6.61 3887.96 4.31
3207.03 6.55 3886.59 8.14
3223.43 6.66 3887.62 4.90
3239.75 6.61 3889.15 7.52
3256.09 6.55 3888.90 2.96
3272.40 6.67 3886.75 8.23
3288.71 6.60 3888.62 2.86
3305.09 6.54 3888.53 1.64
3321.46 6.45 3889.46 5.43
3337.81 6.59 3887.03 4.71
3354.18 6.53 3889.31 1.57
3370.50 6.45 3888.75 4.24
3386.84 6.58 3888.90 1.55
3403.25 6.53 3888.90 2.69
3419.50 6.46 3889.00 5.78
3435.90 6.59 3888.81 3.28
3452.34 6.52 3888.03 2.80
3468.56 6.46 3889.53 5.20
3484.96 6.58 3888.78 2.30
3501.34 6.52 3891.53 13.87
3517.53 6.47 3889.37 4.44
3533.93 6.57 3888.62 3.03
3550.40 6.49 3889.03 4.77
3566.62 6.45 3890.21 10.01
3583.06 6.53 3891.43 8.97
3599.40 6.49 3891.25 15.77
3615.62 6.45 3888.03 3.12
3632.03 6.54 3889.68 2.86
3648.37 6.49 3889.75 12.45
3664.68 6.43 3887.68 5.26
3681.06 6.72 3884.59 17.80
3697.43 6.66 3888.87 3.34
3713.81 6.57 3890.09 8.78
3730.18 6.69 3888.21 2.61
3746.53 6.62 3889.62 4.29
3762.81 6.57 3888.37 4.44
3779.09 6.69 3888.65 2.05
3795.53 6.62 3888.81 4.85
3811.78 6.58 3885.53 20.37
3828.09 6.68 3888.59 3.02
3844.59 6.60 3887.68 5.73
3860.81 6.57 3890.25 5.68
3877.15 6.65 3888.59 2.12
3893.56 6.59 3889.90 6.59
3909.90 6.53 3888.12 6.45
3926.12 6.66 3888.53 11.13
3942.59 6.59 3888.65 2.64
3958.96 6.52 3887.71 5.04
3975.12 6.66 3889.50 4.30
3991.50 6.60 3889.56 8.27
4007.90 6.54 3887.65 3.65
4024.09 6.68 3890.28 11.61
4040.62 6.60 3887.68 4.52
4057.00 6.54 3890.84 7.44
4073.18 6.50 3888.59 2.45
4089.59 6.61 3887.56 7.59
4105.90 6.56 3890.18 5.03
4122.15 6.50 3890.18 7.38
4138.56 6.62 3889.81 5.19
4154.93 6.57 3889.40 1.73
4171.21 6.50 3888.68 3.15
