2.12 0.33 141.75 79.14
83.12 12.06 618.25 64.34
159.50 12.29 998.62 60.34
235.87 12.52 1323.87 43.83
312.37 12.34 1576.50 36.52
388.62 12.25 1785.00 27.44
465.25 12.40 1952.25 24.22
541.62 12.26 2087.37 17.95
617.87 12.16 2198.75 15.03
694.50 12.31 2287.75 12.58
770.87 12.17 2358.75 2.82
847.12 12.07 2422.00 7.56
923.62 11.88 2470.75 7.96
1000.25 12.01 2510.12 4.78
1076.37 11.96 2540.62 5.68
1153.00 12.48 2567.75 5.67
1229.62 12.25 2588.25 3.45
1305.62 12.25 2603.37 4.56
1382.00 12.48 2619.37 4.33
1458.62 12.26 2638.37 21.85
1534.87 12.16 2637.12 7.91
1611.37 12.36 2650.87 9.08
1687.62 12.26 2653.50 3.28
1764.12 12.08 2659.62 2.39
1840.62 12.26 2662.25 1.71
1916.75 12.21 2665.75 1.71
1993.62 11.86 2670.62 3.27
2069.87 12.15 2670.75 1.71
2146.25 12.39 2673.50 2.29
2222.87 12.15 2672.87 2.57
2299.12 12.43 2676.75 3.11
2375.50 12.30 2676.37 1.87
2451.87 12.16 2677.37 1.49
2528.50 12.31 2677.50 1.94
2604.75 12.21 2678.25 2.05
2681.00 12.12 2677.37 3.77
2757.75 12.21 2676.87 4.88
2833.87 12.17 2679.75 4.81
2910.25 12.03 2682.62 6.12
2987.00 12.10 2679.50 2.64
3063.12 12.06 2680.00 3.12
3139.62 11.86 2679.75 1.64
3216.12 12.43 2680.00 2.24
3292.50 12.30 2680.00 2.60
3369.00 12.48 2680.62 1.49
3445.37 12.35 2678.75 1.30
3521.87 12.18 2681.00 1.58
3598.25 12.40 2386.12 76.57
3674.50 12.31 1948.12 61.09
3751.00 12.11 1592.87 49.14
3827.37 12.36 1305.12 39.13
3903.75 12.21 1069.37 32.76
3980.25 12.01 879.50 27.06
4056.75 12.19 725.37 21.78
4133.00 12.10 601.87 16.95
4209.50 12.30 501.25 18.77
4286.00 12.48 415.62 11.35
4362.25 12.39 344.12 12.33
4438.62 12.26 296.87 8.91
4515.25 12.40 251.50 6.93
4591.50 12.31 215.87 4.26
4667.87 12.18 184.87 4.20
4744.50 12.30 161.75 3.80
4820.75 12.21 142.87 5.65
4897.12 12.08 127.75 2.86
4973.75 12.19 113.25 4.82
5050.00 12.10 104.75 2.22
5126.25 12.01 94.75 2.54
5203.00 12.48 89.62 3.00
5279.25 12.39 82.00 2.78
5355.50 12.30 77.87 2.42
5432.00 12.48 73.25 2.95
5508.37 12.35 68.75 6.55
5584.75 12.22 71.75 10.11
5661.12 12.44 64.50 5.43
5737.62 12.26 64.37 3.70
5814.12 12.08 62.50 2.23
5890.50 12.31 61.12 2.20
5966.62 12.26 60.87 3.52
6043.25 12.02 62.37 4.80
6119.50 12.30 63.00 7.94
6195.87 12.53 58.25 2.68
6272.50 12.69 59.62 2.06
6348.75 12.59 59.37 3.00
6425.00 12.49 59.25 2.33
6501.75 12.61 59.62 3.77
6578.00 12.50 58.87 2.09
6654.37 12.35 59.25 1.92
6731.00 12.13 56.87 2.62
6807.37 12.37 57.87 3.02
6883.62 12.26 55.87 11.69
6960.25 12.03 54.25 8.29
7036.62 12.26 56.62 5.74
7112.87 12.15 160.87 84.42
7189.50 12.68 637.25 69.87
7265.87 12.54 1021.87 56.91
7342.00 12.49 1333.37 45.70
7418.62 12.64 1583.25 30.23
7495.00 12.50 1791.62 30.79
7571.37 12.35 1957.62 24.47
7647.75 12.61 2093.50 20.04
7724.37 12.37 2202.50 17.39
7800.62 12.26 2292.25 13.56
7877.12 12.46 2362.75 10.82
7953.50 12.32 2422.75 7.55
8029.87 12.15 2469.37 5.41
8106.37 11.97 2510.50 4.85
8182.75 12.59 2540.87 4.78
8259.25 12.40 2568.50 9.18
8335.75 12.59 2586.75 17.14
8411.87 12.54 2599.50 9.05
8488.50 12.31 2617.37 2.87
8564.87 12.55 2631.87 3.14
8641.12 12.45 2638.75 2.33
8717.62 12.26 2647.87 1.76
8794.12 12.46 2654.12 2.26
8870.37 12.37 2664.00 11.49
8946.62 12.26 2662.12 1.36
9023.50 12.30 2666.12 2.93
9099.62 12.26 2668.00 1.94
9176.12 12.43 2670.00 1.41
9252.75 12.59 2671.00 2.60
9328.87 12.54 2673.00 2.83
9405.37 12.35 2675.00 1.80
9482.00 12.50 2676.37 2.18
9558.12 12.45 2676.00 4.30
9634.75 12.22 2679.37 10.76
9711.12 12.45 2676.25 14.45
9787.25 12.41 2671.25 18.70
9863.75 12.20 2677.62 1.32
9940.12 12.45 2679.25 2.77
10016.75 12.20 2677.25 2.38
10092.87 12.15 2680.50 3.74
10169.50 12.68 2682.62 8.69
10245.87 12.54 2680.50 2.35
10322.25 12.40 2679.75 1.64
10398.62 12.64 2679.87 3.06
10475.12 12.46 2680.00 3.20
10551.62 12.28 2681.25 2.05
10627.87 12.55 2676.12 11.10
10704.00 12.51 2363.00 76.12
10781.00 12.12 1928.50 63.94
10857.12 12.45 1578.25 50.91
10933.25 12.41 1292.75 41.45
11010.12 12.07 1062.50 35.68
11086.37 12.35 871.75 30.55
11162.87 12.53 720.37 22.86
11239.37 12.73 596.12 19.33
11315.62 12.64 493.62 16.03
11392.00 12.49 413.00 12.64
11468.62 12.28 348.25 10.65
11544.87 12.55 292.00 9.40
11621.25 12.41 250.87 7.25
11697.87 12.18 213.12 5.95
11774.12 12.45 186.62 4.92
11850.50 12.31 161.12 5.67
11927.00 12.12 144.12 3.76
12003.37 12.35 126.62 4.69
12079.75 12.20 114.75 3.03
12156.50 12.68 101.37 5.31
12232.62 12.64 97.75 6.30
12309.00 12.49 95.00 10.91
12385.50 12.69 81.25 13.70
12461.87 12.55 80.12 3.33
12538.37 12.35 78.62 7.58
12614.75 12.61 69.50 2.96
12690.87 12.55 70.12 2.42
12767.75 12.20 66.37 1.65
12844.00 12.12 66.37 3.57
12920.25 12.42 64.87 4.40
12997.00 12.10 62.50 2.96
13073.25 12.02 61.87 2.26
13149.62 12.64 62.00 2.87
13226.37 12.35 60.37 2.55
13302.62 12.64 61.25 2.22
13378.62 12.64 60.12 1.17
13455.37 12.34 60.12 2.47
13531.75 12.59 60.87 2.20
13607.75 12.59 61.00 15.73
13684.37 12.34 60.75 5.95
13761.00 12.49 65.75 9.55
13837.12 12.45 61.62 4.00
13913.62 12.24 58.50 3.20
13990.12 12.43 57.87 3.14
14066.37 12.35 60.12 1.36
14143.00 12.48 56.50 7.33
14219.37 12.73 188.25 82.30
14295.62 12.64 658.75 70.35
14372.25 12.40 1038.37 56.96
14448.50 12.68 1347.50 45.04
14524.87 12.54 1596.62 37.32
14601.50 12.30 1801.87 30.06
14677.75 12.59 1964.75 24.59
14754.25 12.41 2100.12 18.53
14830.62 12.24 2208.62 16.02
14907.00 12.49 2294.00 13.08
14983.62 12.26 2372.75 12.80
15059.87 12.15 2426.12 11.62
15136.25 12.39 2474.75 9.24
15212.75 12.60 2514.25 5.91
15289.25 12.40 2543.87 5.08
15365.37 12.73 2568.00 5.10
15441.75 12.59 2591.12 4.70
15518.62 12.63 2603.75 5.52
15594.75 12.59 2622.00 3.43
15670.87 12.54 2630.75 3.45
15747.87 12.53 2642.00 3.08
15824.00 12.49 2646.50 3.43
15900.25 12.41 2652.00 1.58
15977.12 12.43 2658.62 2.78
16053.25 12.39 2664.75 2.90
16129.75 12.20 2666.37 3.24
16206.37 12.73 2668.62 2.64
16282.50 12.68 2671.12 9.40
16358.87 12.54 2669.87 5.92
16435.37 12.73 2675.00 3.46
16511.75 12.59 2674.37 2.06
16588.12 12.45 2676.12 2.98
16664.62 12.63 2677.00 1.73
16741.00 12.49 2678.12 0.93
16817.37 12.36 2678.37 2.00
16893.87 12.53 2677.25 3.70
16970.37 12.34 2678.37 2.18
17046.87 12.16 2678.75 2.05
17123.25 12.39 2679.87 2.09
17199.62 12.63 2680.87 1.69
17276.12 12.44 2678.50 2.50
17352.62 12.64 2679.87 1.69
17428.75 12.59 2680.50 2.12
17505.62 12.25 2681.25 2.73
17581.87 12.53 2680.25 3.73
17658.12 12.45 2677.25 10.28
17734.87 12.15 2672.87 23.54
17811.12 12.43 2343.62 81.55
17887.50 12.31 1904.62 61.37
17964.00 12.10 1557.87 50.43
18040.37 12.35 1278.12 42.12
18116.62 12.26 1042.50 35.65
18193.37 12.72 861.75 32.98
18269.62 12.64 715.00 23.19
18345.87 12.55 590.25 20.55
18422.25 12.41 490.25 13.24
18499.00 12.49 410.62 13.35
18575.12 12.45 345.00 9.62
18651.62 12.25 290.87 8.22
18728.12 12.43 248.12 5.82
18804.50 12.31 213.12 7.54
18880.87 12.15 184.37 2.91
18957.25 12.39 160.75 6.04
19033.75 12.21 145.62 9.16
19110.12 12.05 124.37 5.10
19186.50 12.68 113.50 14.09
19263.00 12.51 103.50 3.28
19339.50 12.68 94.00 3.39
19415.62 12.64 87.87 2.80
19492.12 12.45 83.12 2.03
