2.00 0.35 403.00 8.06
93.12 12.06 366.37 4.39
179.37 11.97 343.00 2.00
266.12 12.08 343.50 2.69
352.50 11.93 349.62 3.31
438.87 11.79 374.37 12.65
525.62 11.89 397.75 2.54
611.87 11.78 434.50 5.36
698.25 11.66 472.12 8.99
785.00 11.76 518.25 6.81
871.25 12.02 565.00 7.30
957.87 12.18 615.37 8.29
1044.25 12.01 662.37 6.96
1130.87 12.16 719.50 7.76
1217.25 12.02 771.50 10.21
1303.50 11.93 830.62 6.71
1390.25 12.03 880.62 15.82
1476.62 11.87 945.62 6.30
1563.00 11.75 1004.62 6.52
1649.62 11.90 1061.25 8.48
1736.00 11.74 1122.50 7.30
1822.62 11.89 1181.00 6.23
1909.00 12.13 1243.50 8.73
1995.50 11.92 1301.87 8.27
2082.00 12.11 1361.87 6.97
2168.37 11.97 1419.75 18.94
2255.00 12.11 1481.37 7.28
2341.50 11.93 1540.75 10.90
2427.75 11.83 1601.87 8.22
2514.25 12.04 1663.87 8.58
2600.87 11.78 1722.87 8.49
2687.12 11.70 1784.37 8.62
2773.87 11.80 1846.37 17.04
2860.25 12.02 1905.75 8.12
2946.75 11.85 1960.75 10.86
3033.25 12.01 2022.12 9.70
3119.75 11.83 2084.37 11.63
3206.12 12.08 2141.87 8.51
3292.50 11.93 2201.62 6.89
3379.00 12.12 2260.37 7.87
3465.75 11.83 2317.62 8.73
3552.00 11.75 2376.75 7.38
3638.62 11.90 2421.50 4.47
3725.00 11.74 2441.50 4.50
3811.50 11.94 2447.50 1.94
3898.00 12.13 2437.37 6.87
3984.50 11.92 2418.25 4.71
4070.87 12.16 2390.37 5.81
4157.37 11.97 2353.50 5.17
4243.87 12.17 2313.75 7.22
4330.50 11.93 2269.62 7.09
4416.87 11.79 2233.75 25.22
4503.37 12.00 2172.12 8.64
4589.87 11.78 2123.62 9.87
4676.12 11.70 2067.75 9.05
4762.75 11.47 2011.50 8.34
4849.25 12.02 1956.12 8.31
4935.75 12.22 1899.12 6.21
5022.25 12.01 1842.00 11.53
5108.62 12.25 1780.75 8.66
5195.12 12.08 1721.50 8.78
5281.50 11.93 1662.00 8.86
5368.00 12.12 1600.25 9.88
5454.62 11.87 1541.25 9.16
5541.00 11.75 1476.62 14.59
5627.50 11.58 1422.50 9.15
5714.12 11.70 1357.87 8.24
5800.50 11.94 1299.75 8.64
5887.00 12.13 1240.00 8.51
5973.50 11.92 1174.37 19.29
6059.87 12.16 1119.00 9.25
6146.37 11.97 1058.25 9.28
6232.87 12.16 998.75 9.47
6319.37 11.97 937.25 8.80
6405.75 11.83 877.00 9.30
6492.00 11.75 816.12 8.54
6578.75 11.83 758.50 9.76
6665.00 11.74 700.00 9.54
6751.50 11.58 639.75 7.98
6838.25 12.02 584.87 10.82
6924.37 11.98 523.50 9.42
7011.12 12.07 467.50 7.05
7097.62 11.87 416.37 8.53
7184.00 12.12 366.00 4.09
7270.62 11.89 339.50 12.13
7356.87 11.79 341.37 1.65
7443.62 11.89 351.87 8.99
7530.00 11.75 367.75 3.96
7616.12 11.71 392.62 4.47
7703.00 11.75 436.87 23.19
7789.25 11.66 468.00 7.19
7876.00 12.13 516.62 13.65
7962.37 11.99 557.50 6.80
8048.62 11.88 604.87 5.94
8135.50 11.94 658.50 7.63
8221.62 11.89 712.62 8.03
8307.87 11.80 766.50 10.29
8394.62 11.51 818.25 13.04
8480.87 11.79 878.87 7.51
8567.50 11.57 935.87 9.24
8653.87 11.42 993.62 8.72
8740.37 11.62 1048.62 14.91
8827.00 11.77 1112.12 10.02
8913.37 11.99 1171.25 9.09
9000.00 11.74 1234.62 9.38
9086.50 11.93 1296.12 13.33
9172.75 11.85 1349.00 1.66
9259.50 11.56 1413.50 9.34
9345.62 11.89 1473.87 7.75
9432.25 11.66 1534.12 8.59
9518.75 11.46 1594.87 7.86
9605.12 11.71 1654.37 9.97
9691.75 11.48 1712.00 7.03
9778.00 11.37 1773.12 9.21
9864.87 11.80 1838.87 10.05
9951.12 12.10 1891.37 16.59
10037.50 11.93 1956.00 8.70
10124.25 11.67 2015.87 8.30
10210.50 11.94 2076.62 8.33
10296.87 11.80 2135.37 9.75
10383.62 11.51 2191.87 9.43
10469.75 11.84 2255.75 11.70
10556.50 11.57 2310.87 8.79
10642.87 11.42 2363.50 13.57
10729.37 11.62 2416.75 5.04
10816.00 11.77 2438.25 2.99
10902.37 11.99 2448.00 1.73
10989.00 11.74 2439.75 2.11
11075.25 12.03 2422.12 4.28
11161.75 11.85 2396.00 5.61
11248.37 11.63 2358.12 10.80
11334.62 11.89 2322.12 5.88
11421.37 11.63 2278.87 9.17
11507.75 11.46 2233.00 6.29
11594.00 11.76 2182.50 6.38
11680.75 11.48 2127.87 6.64
11767.12 11.33 2077.37 8.75
11853.87 11.80 2020.25 8.53
11940.00 11.77 1955.25 20.44
12026.62 11.88 1904.62 8.41
12113.00 11.75 1849.75 8.90
12199.50 11.94 1788.50 8.03
12285.87 11.80 1731.12 8.95
12372.62 11.51 1672.87 13.03
12458.75 11.84 1611.12 8.48
12545.50 11.57 1550.62 8.69
12631.87 11.42 1490.25 8.91
12718.37 11.62 1425.00 12.46
12805.00 11.77 1370.37 5.79
12891.25 12.06 1309.50 9.26
12977.87 11.78 1248.50 8.65
13064.37 11.97 1187.75 8.11
13150.75 11.85 1128.00 8.90
13237.37 11.60 1071.25 13.97
13323.62 11.89 1006.12 10.44
13410.25 11.66 946.87 7.69
13496.75 11.46 886.62 8.09
13583.00 11.76 827.25 7.00
13669.75 11.48 768.25 9.82
13755.75 11.48 707.00 6.42
13842.62 11.89 644.25 9.85
13929.00 11.77 590.25 8.54
14015.50 11.93 532.87 8.87
14102.00 11.75 472.25 9.18
14188.50 11.94 417.25 6.83
14274.87 11.80 368.00 8.99
14361.50 11.56 342.25 11.43
14447.75 11.84 343.00 9.83
14534.50 11.57 346.75 3.73
14620.62 11.53 363.25 4.26
14707.12 11.71 390.12 4.28
14793.75 11.50 422.62 7.16
14880.12 12.10 460.87 4.93
14966.75 11.84 503.12 8.69
15053.00 11.76 552.00 6.16
15139.75 11.85 599.87 7.69
15226.00 11.78 649.37 7.19
15312.25 11.67 704.87 7.56
15399.00 11.77 759.00 9.27
15485.25 11.67 814.00 9.59
15571.62 11.51 869.00 8.25
15658.37 11.64 928.75 7.08
15744.62 11.53 986.37 9.08
15831.37 12.00 1046.12 8.37
15917.62 11.93 1107.87 10.13
16004.25 11.65 1163.25 7.61
16090.62 11.89 1222.87 8.99
16177.00 11.78 1283.00 9.38
16263.75 11.85 1343.00 10.31
16349.87 11.82 1405.00 8.47
16436.50 11.55 1463.75 9.81
16523.12 11.72 1523.75 5.02
16609.50 11.57 1584.75 8.51
16695.87 11.43 1647.25 10.44
16782.50 11.60 1705.12 9.06
16868.87 11.81 1765.50 9.46
16955.50 11.96 1826.12 9.76
17041.75 11.86 1881.25 17.07
17128.50 11.58 1945.25 8.33
17214.62 11.90 2004.25 10.05
17301.12 11.72 2061.75 11.34
17387.87 11.79 2125.00 8.31
17474.00 11.77 2184.75 11.27
17560.62 11.51 2241.87 10.34
17647.12 11.73 2297.87 9.99
17733.62 11.53 2358.37 8.82
17820.25 12.04 2408.75 4.89
17906.62 11.93 2437.00 3.32
17993.25 11.65 2450.87 10.95
18079.50 11.94 2441.25 3.15
18166.00 11.78 2425.00 2.40
18252.75 11.85 2399.37 4.61
18338.87 11.82 2366.50 5.83
18425.50 11.55 2327.75 6.36
18512.00 11.77 2285.87 7.17
18598.37 11.63 2237.50 7.67
18684.75 11.46 2189.75 9.31
18771.50 11.60 2134.75 10.87
18857.87 11.81 2083.75 6.59
18944.37 12.00 2031.00 10.65
19030.62 11.89 1971.87 9.77
19117.62 11.90 1913.37 8.06
19203.75 11.88 1854.75 8.86
19290.12 11.72 1793.25 13.23
19376.87 11.81 1739.12 9.60
19463.00 11.77 1676.00 10.98
19549.62 11.51 1618.50 9.14
19636.25 11.69 1559.25 6.70
19722.62 11.53 1496.25 18.38
19809.12 11.71 1439.25 8.91
19895.50 11.96 1380.62 14.01
19982.25 11.65 1317.12 8.37
20068.50 11.94 1255.12 11.41
20154.87 11.84 1195.75 8.91
20241.62 11.89 1134.50 7.55
20327.87 11.82 1075.87 9.64
20414.50 11.55 1017.00 9.30
20501.00 11.77 957.12 10.71
20587.37 11.63 895.62 10.74
20673.75 11.46 834.12 7.57
20760.12 11.72 775.75 8.76
20846.87 11.81 717.00 8.96
20933.12 11.71 656.62 8.65
21019.62 11.89 598.00 9.11
21106.37 11.62 540.62 7.28
21192.50 11.95 495.25 29.45
21279.00 11.78 423.00 7.47
21365.75 11.84 375.50 6.00
21451.87 11.81 346.87 5.58
21538.62 11.51 340.25 3.23
21624.87 11.79 342.12 7.96
21711.50 11.59 360.12 5.30
21798.12 11.71 387.12 5.80
21884.37 12.00 418.00 7.11
21971.12 11.69 453.00 9.85
22057.37 11.98 495.62 6.18
