2.01 0.12 2570.84 5.61
559.62 4.65 2567.09 7.37
1116.78 4.59 2499.93 4.47
1673.89 4.74 2422.50 5.74
2230.96 4.71 2340.06 4.48
2788.20 4.68 2257.23 9.03
3345.26 4.68 2176.62 8.41
3902.45 4.63 2091.35 5.93
4459.54 4.79 2008.42 6.46
5016.71 4.59 1923.23 6.15
5573.81 4.75 1838.85 5.65
6131.00 4.71 1754.79 5.61
6688.10 4.70 1669.00 3.15
7245.26 4.81 1582.26 9.58
7802.42 4.65 1497.95 4.77
8359.54 4.78 1412.98 3.69
8916.60 4.61 1326.50 13.30
9473.82 4.74 1242.39 14.97
10030.90 4.58 1157.29 4.01
10588.09 4.70 1074.10 5.27
11145.23 4.81 987.70 5.90
11702.39 4.66 902.98 4.99
12259.53 4.77 820.73 4.93
12816.64 4.63 734.15 13.49
13373.85 4.73 654.07 8.27
13930.87 4.59 570.96 4.61
14488.09 4.68 489.57 3.44
15045.20 4.67 409.35 5.36
15602.32 4.67 328.92 5.73
16159.50 4.77 250.54 7.19
16716.57 4.65 210.34 7.65
17273.82 4.73 260.48 5.78
17830.79 4.62 332.10 3.72
18388.03 4.72 409.56 2.78
18945.23 4.67 489.25 5.96
19502.34 4.67 572.71 6.49
20059.54 4.62 653.12 6.62
20616.68 4.77 736.84 7.80
21173.81 4.72 819.79 4.58
21730.92 4.74 903.15 5.48
22288.00 4.72 987.93 4.32
22845.21 4.69 1070.40 11.93
23402.29 4.69 1157.15 8.43
23959.48 4.63 1241.79 5.76
24516.60 4.78 1324.64 9.09
25073.75 4.60 1410.03 4.15
25630.89 4.75 1496.26 8.53
26188.00 4.71 1579.12 7.79
26745.15 4.70 1664.87 5.41
27302.29 4.81 1750.70 7.15
27859.46 4.64 1833.62 5.34
28416.53 4.79 1919.70 6.89
28973.64 4.61 2002.59 2.46
29530.84 4.74 2086.07 4.15
30087.93 4.59 2169.59 3.44
30645.12 4.70 2252.84 8.40
31202.23 4.82 2333.51 3.11
31759.46 4.66 2415.40 3.18
32316.53 4.78 2496.76 3.75
32873.62 4.63 2574.82 4.45
33430.85 4.74 2562.23 7.07
33987.84 4.59 2494.68 5.12
34545.14 4.70 2416.65 4.20
35102.21 4.68 2333.60 8.81
35659.34 4.68 2253.09 9.45
36216.51 4.78 2169.59 4.98
36773.57 4.65 2085.84 5.91
37330.84 4.75 2002.25 7.08
37887.85 4.61 1918.03 4.74
38445.04 4.73 1834.96 9.44
39002.21 4.67 1747.37 6.68
39559.31 4.69 1661.73 4.67
40116.50 4.64 1577.21 6.60
40673.64 4.78 1491.25 3.53
41230.79 4.74 1405.82 6.29
41787.90 4.63 1322.96 11.76
42345.03 4.72 1234.50 8.68
42902.21 4.68 1149.67 5.86
43459.26 4.70 1066.65 3.66
44016.45 4.63 980.25 6.66
44573.57 4.67 897.65 3.33
45130.75 4.73 813.71 4.83
45687.89 4.75 730.20 3.29
46245.01 4.71 646.89 5.31
46802.10 4.72 564.85 3.40
47359.25 4.71 484.54 7.18
47916.43 4.66 402.48 6.00
48473.50 4.67 323.21 2.67
49030.67 4.62 245.67 5.29
49587.85 4.74 211.75 3.57
50144.98 4.72 263.73 6.46
50702.10 4.71 337.89 3.44
51259.26 4.82 416.40 2.67
51816.45 4.68 496.14 7.95
52373.51 4.79 577.82 3.18
52930.65 4.62 659.98 3.95
53487.84 4.74 742.93 4.80
54044.84 4.60 825.00 6.64
54602.09 4.72 911.40 5.36
55159.26 4.82 994.18 3.03
55716.35 4.68 1079.50 6.27
56273.56 4.77 1164.62 6.29
56830.59 4.65 1248.25 7.33
57387.82 4.75 1332.51 7.14
57944.89 4.60 1416.92 5.48
58502.06 4.73 1501.75 4.79
59059.21 4.68 1587.31 3.20
59616.34 4.68 1671.46 5.11
60173.50 4.78 1756.81 3.63
60730.64 4.66 1839.00 9.35
61287.79 4.74 1925.70 5.52
61844.85 4.63 2009.18 3.42
62402.03 4.73 2092.53 5.44
62959.21 4.68 2176.31 3.70
63516.32 4.69 2258.18 3.44
64073.43 4.65 2340.79 5.17
64630.60 4.66 2422.75 3.54
65187.76 4.74 2502.84 3.92
65744.93 4.73 2578.68 3.80
66302.03 4.72 2556.73 7.29
66859.14 4.71 2488.53 3.15
67416.28 4.70 2409.26 6.66
67973.46 4.65 2327.76 4.85
68530.51 4.68 2245.31 6.10
69087.70 4.62 2162.43 6.10
69644.89 4.74 2078.84 4.18
70201.98 4.72 1994.34 11.94
70759.18 4.70 1910.46 2.44
71316.29 4.83 1826.93 8.07
71873.48 4.66 1740.07 4.28
72430.53 4.80 1655.73 6.40
72987.65 4.62 1568.79 6.77
73544.92 4.74 1485.82 4.81
74101.95 4.60 1401.04 6.37
74659.17 4.70 1314.65 3.61
75216.31 4.81 1228.73 4.99
75773.37 4.67 1144.32 6.27
76330.60 4.78 1059.14 6.09
76887.64 4.63 975.18 3.23
77444.85 4.74 890.90 3.77
78001.87 4.59 806.26 4.59
78559.07 4.71 723.39 5.96
79116.26 4.68 640.26 2.67
79673.34 4.68 558.25 4.97
80230.57 4.78 476.73 9.20
80787.67 4.65 396.45 2.83
81344.87 4.73 317.39 3.45
81901.93 4.60 238.71 8.99
82459.04 4.72 214.75 6.68
83016.26 4.53 270.00 5.41
83573.31 4.69 343.82 6.62
84130.54 4.76 421.65 4.68
84687.64 4.66 501.56 8.25
85244.79 4.74 584.15 2.77
85801.92 4.62 665.00 10.77
86359.03 4.72 749.84 9.06
86916.20 4.57 832.39 9.09
87473.29 4.69 915.43 5.78
88030.54 4.63 1000.75 5.97
88587.57 4.67 1084.40 16.02
89144.75 4.75 1169.87 2.62
89701.92 4.61 1255.09 10.09
90258.98 4.72 1338.85 6.04
90816.21 4.57 1424.96 4.55
91373.32 4.70 1508.42 4.78
91930.51 4.64 1593.20 5.32
92487.57 4.66 1679.09 5.68
93044.70 4.61 1763.09 2.67
93601.95 4.61 1848.03 9.86
94159.01 4.72 1931.75 3.66
94716.23 4.69 2015.71 6.66
95273.35 4.68 2099.67 4.44
95830.43 4.67 2182.65 3.64
96387.64 4.65 2264.06 3.07
96944.68 4.62 2346.45 2.57
97501.90 4.61 2429.71 9.90
98058.95 4.60 2508.34 6.48
98616.17 4.70 2581.26 2.87
99173.34 4.68 2552.28 2.80
99730.40 4.67 2481.43 8.28
100287.64 4.77 2403.68 5.16
100844.70 4.65 2321.90 6.22
101401.93 4.73 2238.14 5.14
101959.03 4.60 2154.96 5.41
102516.12 4.71 2072.92 2.77
103073.34 4.54 1988.35 4.26
103630.39 4.68 1904.18 3.73
104187.59 4.77 1818.32 8.54
104744.73 4.65 1734.03 6.19
105301.85 4.74 1648.39 6.07
105859.03 4.61 1563.53 6.30
106416.09 4.71 1478.03 4.61
106973.29 4.56 1393.92 3.85
107530.42 4.70 1307.96 3.75
108087.59 4.63 1223.50 6.16
108644.65 4.67 1138.48 3.80
109201.79 4.75 1051.79 7.35
109759.03 4.60 967.96 3.29
110316.06 4.72 883.65 4.07
110873.25 4.56 799.50 3.61
111430.43 4.70 715.73 8.41
111987.59 4.63 633.23 5.68
112544.65 4.67 551.71 3.66
113101.81 4.60 469.98 10.01
113659.04 4.61 389.76 4.67
114216.06 4.72 310.56 5.23
114773.28 4.68 233.29 5.41
115330.43 4.69 217.71 4.95
115887.51 4.65 275.39 7.47
116444.68 4.65 351.28 10.16
117001.75 4.61 428.51 3.91
117558.96 4.61 510.09 9.67
118116.04 4.59 590.09 4.29
118673.21 4.69 673.48 3.79
119230.39 4.68 756.23 4.48
119787.45 4.67 839.65 5.47
120344.70 4.77 923.60 10.99
120901.76 4.63 1006.89 5.12
121458.96 4.73 1090.81 12.98
122016.07 4.58 1176.25 4.53
122573.17 4.71 1260.71 14.36
123130.43 4.66 1345.06 6.58
123687.45 4.68 1430.98 3.97
124244.65 4.77 1516.70 6.23
124801.76 4.64 1600.51 4.70
125358.90 4.74 1684.51 6.50
125916.07 4.59 1770.00 2.73
126473.15 4.70 1855.12 10.46
127030.37 4.53 1938.31 6.27
127587.48 4.69 2022.10 4.45
128144.65 4.75 2106.00 2.97
128701.71 4.66 2188.98 5.10
129258.84 4.74 2270.39 2.84
129816.07 4.59 2353.31 13.07
130373.15 4.71 2435.78 7.60
130930.29 4.55 2515.85 4.90
131487.50 4.68 2583.12 11.02
132044.64 4.62 2548.12 5.03
132601.70 4.66 2476.20 3.56
133158.87 4.73 2398.34 4.92
133716.10 4.60 2314.92 5.23
134273.14 4.71 2230.90 12.81
134830.34 4.67 2149.64 5.03
135387.50 4.68 2064.10 9.11
135944.57 4.63 1983.39 10.39
136501.73 4.65 1896.50 9.07
137058.82 4.61 1811.89 4.84
137616.07 4.60 1728.34 7.08
138173.12 4.71 1641.90 6.68
138730.32 4.68 1556.00 5.51
139287.43 4.68 1472.15 9.24
139844.51 4.66 1387.10 2.44
140401.76 4.76 1301.64 4.58
140958.82 4.61 1216.43 7.32
141516.04 4.71 1131.39 6.71
142073.15 4.57 1046.17 6.42
