2.01 0.12 1170.81 17.43
19.10 4.55 1129.60 10.56
35.45 4.51 1091.92 8.71
51.90 4.58 1062.21 7.51
68.21 4.55 1033.01 10.64
84.51 4.63 1011.87 5.97
100.89 4.58 993.48 5.21
117.21 4.55 978.35 4.50
133.54 4.63 969.23 6.58
149.93 4.60 960.32 8.07
166.28 4.55 959.50 8.84
182.65 4.63 960.09 4.64
199.01 4.60 962.57 6.19
215.37 4.56 971.57 8.08
231.68 4.63 980.82 5.21
248.03 4.72 993.21 6.51
264.31 4.69 1007.20 8.43
280.65 4.64 1026.64 8.17
296.96 4.74 1047.31 7.51
313.32 4.69 1068.14 14.18
329.64 4.64 1095.87 13.44
346.07 4.74 1123.59 10.90
362.40 4.68 1152.40 10.36
378.76 4.64 1185.06 10.92
395.12 4.73 1219.42 14.00
411.42 4.70 1254.00 11.46
427.75 4.64 1292.17 17.85
444.06 4.73 1330.76 14.50
460.39 4.70 1370.89 13.95
476.71 4.64 1410.32 13.61
493.06 4.73 1455.39 19.18
509.45 4.69 1498.93 14.30
525.78 4.65 1542.68 13.88
542.10 4.72 1589.14 13.77
558.45 4.68 1633.98 11.66
574.82 4.64 1674.62 9.83
591.12 4.72 1708.21 8.89
607.43 4.69 1737.56 8.01
623.81 4.64 1764.67 11.76
640.10 4.72 1784.12 5.83
656.43 4.68 1799.81 5.58
672.85 4.64 1811.76 3.62
689.14 4.71 1821.09 4.59
705.56 4.67 1824.64 7.60
721.84 4.64 1827.87 4.83
738.21 4.57 1826.09 9.25
754.54 4.68 1818.90 5.60
770.89 4.63 1812.00 8.82
787.20 4.57 1799.96 6.83
803.53 4.68 1784.59 8.36
819.89 4.63 1768.34 6.89
836.18 4.58 1748.81 8.29
852.62 4.66 1727.71 10.52
868.96 4.62 1701.29 14.97
885.31 4.55 1675.76 9.52
901.67 4.64 1646.45 10.39
918.04 4.60 1616.15 10.72
934.43 4.52 1582.62 11.09
950.79 4.61 1548.93 11.81
967.14 4.57 1510.54 16.10
983.48 4.52 1474.39 12.27
999.89 4.58 1434.12 15.24
1016.17 4.55 1393.37 12.92
1032.62 4.51 1350.29 13.39
1048.96 4.58 1306.92 13.29
1065.18 4.55 1262.42 14.31
1081.57 4.51 1218.00 12.93
1097.89 4.59 1171.45 10.84
1114.20 4.55 1130.04 10.03
1130.56 4.51 1092.71 10.17
1146.98 4.59 1062.01 8.70
1163.26 4.55 1035.00 8.48
1179.60 4.52 1010.43 9.06
1196.06 4.47 993.75 6.09
1212.34 4.55 980.59 10.20
1228.67 4.52 967.95 5.26
1245.06 4.72 962.00 5.08
1261.35 4.68 957.89 6.70
1277.70 4.77 959.48 5.97
1293.98 4.74 961.82 4.32
1310.37 4.68 969.71 8.32
1326.73 4.77 980.68 8.56
1343.04 4.74 992.75 9.96
1359.48 4.69 1007.26 6.55
1375.79 4.76 1025.54 7.51
1392.12 4.72 1046.92 10.26
1408.43 4.69 1069.06 9.29
1424.76 4.65 1094.73 9.15
1441.06 4.75 1123.43 10.72
1457.42 4.69 1151.10 12.69
1473.71 4.66 1183.76 12.96
1490.09 4.74 1217.92 11.53
1506.51 4.69 1251.46 13.13
1522.78 4.66 1291.23 14.08
1539.21 4.73 1326.95 12.77
1555.56 4.68 1366.20 15.67
1571.82 4.64 1409.25 13.79
1588.17 4.73 1453.17 14.50
1604.56 4.68 1497.42 13.80
1620.79 4.64 1541.03 14.59
1637.14 4.73 1588.81 14.19
1653.53 4.68 1633.03 17.09
1669.82 4.63 1671.15 12.15
1686.18 4.72 1708.23 8.96
1702.62 4.66 1738.48 12.22
1719.00 4.61 1764.96 14.04
1735.28 4.71 1782.53 5.79
1751.65 4.67 1800.37 4.77
1768.00 4.62 1812.82 5.27
1784.26 4.71 1820.76 2.34
1800.62 4.67 1825.03 7.00
1817.00 4.62 1826.23 11.11
1833.28 4.71 1825.34 3.65
1849.73 4.66 1819.65 5.71
1866.03 4.60 1811.32 4.78
1882.40 4.55 1801.14 6.37
1898.78 4.65 1785.76 7.91
1915.14 4.57 1770.25 8.29
1931.50 4.53 1749.51 7.86
1947.92 4.62 1727.70 8.86
1964.25 4.55 1703.10 9.76
1980.57 4.51 1675.35 12.14
1997.07 4.58 1646.76 9.35
2013.35 4.53 1616.42 9.92
2029.67 4.50 1583.04 11.05
2046.14 4.57 1549.25 11.25
2062.35 4.54 1513.46 13.70
2078.67 4.51 1475.00 9.80
2095.07 4.58 1435.26 12.42
2111.35 4.56 1396.04 14.68
2127.64 4.51 1352.40 14.97
2144.10 4.58 1307.54 13.15
2160.40 4.55 1264.79 13.56
2176.78 4.51 1218.01 12.72
2193.15 4.59 1171.37 12.02
2209.50 4.56 1131.90 13.03
2225.81 4.52 1091.95 11.95
2242.14 4.73 1060.90 9.26
2258.48 4.68 1034.70 6.89
2274.81 4.77 1013.09 12.22
2291.10 4.72 993.07 6.94
2307.46 4.68 978.46 5.16
2323.81 4.78 968.73 7.49
2340.18 4.72 962.31 5.55
2356.62 4.66 959.31 3.91
2372.92 4.76 960.03 5.39
2389.25 4.71 961.71 6.96
2405.62 4.67 968.01 6.60
2421.93 4.76 977.67 7.88
2438.17 4.73 992.57 5.81
2454.60 4.67 1006.92 8.27
2470.90 4.76 1025.70 11.58
2487.20 4.72 1046.73 8.07
2503.64 4.66 1069.81 12.37
2519.95 4.76 1093.50 10.14
2536.32 4.71 1121.04 10.36
2552.67 4.65 1150.89 10.92
2568.98 4.62 1184.37 11.99
2585.34 4.71 1216.51 12.12
2601.65 4.65 1251.82 11.06
2618.00 4.63 1289.26 12.53
2634.32 4.71 1327.96 14.34
2650.60 4.67 1366.78 13.27
2666.95 4.63 1409.10 13.49
2683.34 4.71 1452.39 13.83
2699.68 4.66 1495.35 14.00
2716.03 4.61 1540.87 14.24
2732.43 4.71 1587.34 13.18
2748.76 4.65 1633.43 13.55
2765.01 4.61 1672.26 9.63
2781.42 4.72 1707.32 8.52
2797.73 4.66 1737.17 8.20
2813.98 4.61 1762.14 7.19
2830.42 4.72 1782.62 5.70
2846.78 4.64 1799.67 4.77
2863.10 4.59 1811.17 4.65
2879.54 4.69 1821.71 5.43
2895.82 4.63 1825.37 4.39
2912.23 4.57 1827.20 2.98
2928.68 4.65 1824.98 4.50
2944.98 4.59 1819.79 4.00
2961.29 4.55 1811.48 9.72
2977.75 4.62 1800.85 6.33
2994.09 4.56 1786.45 8.17
3010.32 4.54 1770.23 7.95
3026.85 4.49 1749.45 7.57
3043.18 4.56 1727.06 12.96
3059.37 4.55 1703.60 9.37
3075.85 4.49 1676.53 8.94
3092.18 4.57 1647.85 9.86
3108.39 4.55 1617.50 9.88
3124.78 4.51 1585.01 13.21
3141.21 4.57 1550.21 10.69
3157.46 4.55 1514.09 11.61
3173.87 4.52 1476.10 13.82
3190.29 4.57 1434.65 13.40
3206.56 4.55 1395.65 12.04
3222.90 4.52 1352.45 13.93
3239.31 4.69 1308.84 14.06
3255.53 4.68 1267.00 17.48
3271.89 4.77 1220.09 15.28
3288.29 4.69 1172.71 11.98
3304.50 4.68 1131.57 10.29
3320.92 4.77 1095.57 10.87
3337.29 4.69 1062.98 8.61
3353.60 4.67 1036.62 8.92
3369.98 4.75 1012.92 11.02
3386.37 4.70 994.00 7.18
3402.60 4.66 979.20 4.57
3418.93 4.76 968.68 6.76
3435.34 4.71 961.32 5.11
3451.60 4.66 958.84 3.96
3467.87 4.77 957.89 6.59
3484.35 4.70 962.95 4.41
3500.64 4.65 969.53 6.05
3516.96 4.76 978.45 5.39
3533.45 4.68 990.25 7.45
3549.73 4.64 1006.32 7.22
3566.04 4.75 1023.90 7.79
3582.46 4.69 1044.31 10.32
3598.73 4.64 1068.43 11.81
3615.04 4.76 1093.21 8.41
3631.43 4.70 1120.48 10.96
3647.71 4.64 1150.75 11.16
3664.03 4.75 1182.84 11.71
3680.46 4.69 1216.26 11.92
3696.79 4.63 1249.96 12.63
3713.09 4.62 1286.50 12.60
3729.59 4.68 1325.82 11.69
3745.85 4.63 1365.89 12.80
3762.14 4.62 1407.92 14.40
3778.57 4.69 1451.43 16.46
3794.84 4.63 1495.35 13.93
3811.07 4.63 1538.51 15.58
3827.50 4.71 1585.60 12.85
3843.82 4.64 1630.57 11.80
3860.12 4.60 1670.64 10.43
3876.59 4.69 1704.82 11.15
3892.92 4.62 1735.31 8.60
3909.21 4.57 1763.07 10.60
3925.75 4.65 1782.50 5.98
3942.09 4.58 1798.31 6.09
3958.39 4.55 1813.17 10.35
3974.90 4.62 1820.48 4.72
3991.18 4.57 1825.59 5.77
4007.45 4.53 1826.56 5.57
4024.00 4.61 1824.25 6.79
4040.26 4.57 1819.76 6.56
4056.48 4.54 1811.35 6.28
4072.96 4.61 1800.56 6.11
4089.20 4.57 1787.92 8.44
4105.48 4.54 1769.68 7.92
4121.92 4.61 1750.89 12.46
4138.26 4.57 1727.32 9.18
4154.53 4.54 1703.43 10.01
4170.95 4.51 1677.90 9.65
