#fj	Vin_1   delta_i Vout_1	delta_o	Vin_2   sigma_i Vout_2	sigma_o (sigmaf=1 digit on reader, delta = errore di lettura + calibrazione (3% lettura))
99.78   8   0.3     7.84     0.3     8      0.08    7.84    0.08
127.47  8   0.3     7.60     0.3     8      0.08    7.60    0.08
162.81  8   0.3     7.44     0.3     8      0.08    7.44    0.08
206.23  8   0.3     7.28     0.3     8      0.08    7.28    0.08
263.58  8   0.3     6.96     0.28    8      0.08    6.96    0.08
336.90  8   0.3     6.48     0.27    8      0.08    6.48    0.08
426.9   8   0.3     5.80     0.21    8      0.08    5.84    0.08
548.3   8   0.3     5.08     0.19    8      0.08    5.12    0.08
696.2   8   0.3     4.32     0.16    8      0.08    4.40    0.08
889.1   8   0.3     3.64     0.15    8      0.08    3.66    0.08
1025    8   0.3     2.94     0.09    8      0.08    3.12    0.08
1446    8   0.3     2.36     0.07    8      0.08    2.48    0.08
1846    8   0.3     1.9      0.07    8      0.08    2.08    0.08
2300    8   0.3     1.512    0.05    8      0.08    1.68    0.08
2969    8   0.3     1.176    0.04    8      0.08    1.36    0.08
3585    8   0.3     0.992    0.04    8      0.08    1.12    0.08
#8444    8   0.3     0.728    0.03    8      0.08    0.88    0.08
6134    8   0.3     0.584    0.02    8      0.08    0.72    0.08
7797    8   0.3     0.464    0.02    8      0.08    0.64    0.08
10020   8   0.3     0.360    0.01    8      0.08    0.56    0.08
